0.0005 1 2 32.448
0.0021 1 2 32.448
0.0037 1 2 32.448
0.0053 1 2 32.448
0.0069 1 2 32.448
0.0085 1 2 32.448
0.0101 1 2 32.448
0.0117 1 2 32.448
0.0133 1 2 32.448
0.0149 1 2 32.448
0.0165 1 2 32.448
0.0181 1 2 32.448
0.0197 1 2 32.448
0.0213 1 2 32.448
0.0229 1 2 32.448
0.0245 1 2 32.448
0.0261 1 2 32.448
0.0277 1 2 32.448
0.0293 1 2 32.448
0.0309 1 2 32.448
0.0325 1 2 32.448
0.0341 1 2 32.448
0.0357 1 2 32.448
0.0373 1 2 32.448
0.0389 1 2 32.448
0.0405 1 2 32.4241
0.0421 1 2 32.462
0.0437 1 2 32.4904
0.0453 1 2 32.4814
0.0469 1 2 32.5296
0.0485 1 2 32.5201
0.0501 1 2 32.5324
0.0517 1 2 32.4639
0.0533 1 2 32.4551
0.0549 1 2 32.5543
0.0565 1 2 32.4561
0.0581 1 2 32.6123
0.0597 1 2 32.548
0.0613 1 2 32.6537
0.0629 1 2 32.4919
0.0645 1 2 32.5677
0.0661 1 2 32.576
0.0677 1 2 32.668
0.0693 1 2 32.4387
0.0709 1 2 32.4792
0.0725 1 2 32.5167
0.0741 1 2 32.5316
0.0757 1 2 32.5778
0.0773 1 2 32.4514
0.0789 1 2 32.5966
0.0805 1 2 32.4451
0.0821 1 2 32.5428
0.0837 1 2 32.459
0.0853 1 2 32.5265
0.0869 1 2 32.5478
0.0885 1 2 32.5765
0.0901 1 2 32.6412
0.0917 1 2 32.5339
0.0933 1 2 32.6101
0.0949 1 2 32.5178
0.0965 1 2 32.4718
0.0981 1 2 32.4562
0.0997 1 2 32.5215
0.1013 1 2 32.5194
0.1029 1 2 32.4679
0.1045 1 2 32.5689
0.1061 1 2 32.5058
0.1077 1 2 32.5993
0.1093 1 2 32.5022
0.1109 1 2 32.545
0.1125 1 2 32.5725
0.1141 1 2 32.4821
0.1157 1 2 32.474
0.1173 1 2 32.4925
0.1189 1 2 32.4244
0.1205 1 2 32.5433
0.1221 1 2 32.5902
0.1237 1 2 32.5392
0.1253 1 2 32.5109
0.1269 1 2 32.534
0.1285 1 2 32.5034
0.1301 1 2 32.6184
0.1317 1 2 32.649
0.1333 1 2 32.5094
0.1349 1 2 32.5071
0.1365 1 2 32.5659
0.1381 1 2 32.5547
0.1397 1 2 32.4589
0.1413 1 2 32.5538
0.1429 1 2 32.576
0.1445 1 2 32.5285
0.1461 1 2 32.4414
0.1477 1 2 32.4911
0.1493 1 2 32.6185
0.1509 1 2 32.4727
0.1525 1 2 32.5098
0.1541 1 2 32.4743
0.1557 1 2 32.484
0.1573 1 2 32.4975
0.1589 1 2 32.5655
0.1605 1 2 32.5567
0.1621 1 2 32.4988
0.1637 1 2 32.5853
0.1653 1 2 32.5261
0.1669 1 2 32.6106
0.1685 1 2 32.4769
0.1701 1 2 32.5396
0.1717 1 2 32.6142
0.1733 1 2 32.5561
0.1749 1 2 32.414
0.1765 1 2 32.486
0.1781 1 2 32.6294
0.1797 1 2 32.5003
0.1813 1 2 32.5342
0.1829 1 2 32.4928
0.1845 1 2 32.5235
0.1861 1 2 32.5931
0.1877 1 2 32.6098
0.1893 1 2 32.5138
0.1909 1 2 32.4596
0.1925 1 2 32.6106
0.1941 1 2 32.537
0.1957 1 2 32.5912
0.1973 1 2 32.5139
0.1989 1 2 32.5586
0.2005 1 2 32.4951
0.2021 1 2 32.4998
0.2037 1 2 32.4478
0.2053 1 2 32.512
0.2069 1 2 32.5833
0.2085 1 2 32.5433
0.2101 1 2 32.5719
0.2117 1 2 32.567
0.2133 1 2 32.4771
0.2149 1 2 32.4401
0.2165 1 2 32.5064
0.2181 1 2 32.5115
0.2197 1 2 32.4926
0.2213 1 2 32.4559
0.2229 1 2 32.4826
0.2245 1 2 32.4788
0.2261 1 2 32.487
0.2277 1 2 32.6224
0.2293 1 2 32.4921
0.2309 1 2 32.4903
0.2325 1 2 32.523
0.2341 1 2 32.5428
0.2357 1 2 32.4695
0.2373 1 2 32.5096
0.2389 1 2 32.4739
0.2405 1 2 32.559
0.2421 1 2 32.5292
0.2437 1 2 32.5084
0.2453 1 2 32.4674
0.2469 1 2 32.6176
0.2485 1 2 32.6695
0.2501 1 2 32.4622
0.2517 1 2 32.5313
0.2533 1 2 32.5858
0.2549 1 2 32.4975
0.2565 1 2 32.6241
0.2581 1 2 32.512
0.2597 1 2 32.5261
0.2613 1 2 32.505
0.2629 1 2 32.5081
0.2645 1 2 32.4365
0.2661 1 2 32.5141
0.2677 1 2 32.5031
0.2693 1 2 32.5131
0.2709 1 2 32.5474
0.2725 1 2 32.5443
0.2741 1 2 32.4584
0.2757 1 2 32.5331
0.2773 1 2 32.5031
0.2789 1 2 32.6492
0.2805 1 2 32.5194
0.2821 1 2 32.4913
0.2837 1 2 32.4836
0.2853 1 2 32.6184
0.2869 1 2 32.505
0.2885 1 2 32.4265
0.2901 1 2 32.4624
0.2917 1 2 32.5618
0.2933 1 2 32.4705
0.2949 1 2 32.5113
0.2965 1 2 32.5675
0.2981 1 2 32.505
0.2997 1 2 32.5073
0.3013 1 2 32.6362
0.3029 1 2 32.5212
0.3045 1 2 32.5117
0.3061 1 2 32.5391
0.3077 1 2 32.4833
0.3093 1 2 32.4843
0.3109 1 2 32.5368
0.3125 1 2 32.4931
0.3141 1 2 32.4952
0.3157 1 2 32.6282
0.3173 1 2 32.5414
0.3189 1 2 32.5606
0.3205 1 2 32.5174
0.3221 1 2 32.5918
0.3237 1 2 32.5566
0.3253 1 2 32.5949
0.3269 1 2 32.6
0.3285 1 2 32.4878
0.3301 1 2 32.4915
0.3317 1 2 32.5072
0.3333 1 2 32.5081
0.3349 1 2 32.6118
0.3365 1 2 32.5836
0.3381 1 2 32.5161
0.3397 1 2 32.4875
0.3413 1 2 32.5126
0.3429 1 2 32.545
0.3445 1 2 32.4926
0.3461 1 2 32.5601
0.3477 1 2 32.4776
0.3493 1 2 32.4554
0.3509 1 2 32.572
0.3525 1 2 32.4272
0.3541 1 2 32.5266
0.3557 1 2 32.4893
0.3573 1 2 32.5009
0.3589 1 2 32.44
0.3605 1 2 32.4976
0.3621 1 2 32.4365
0.3637 1 2 32.4965
0.3653 1 2 32.4766
0.3669 1 2 32.5364
0.3685 1 2 32.4669
0.3701 1 2 32.4647
0.3717 1 2 32.5498
0.3733 1 2 32.4599
0.3749 1 2 32.6445
0.3765 1 2 32.5635
0.3781 1 2 32.4912
0.3797 1 2 32.4952
0.3813 1 2 32.536
0.3829 1 2 32.453
0.3845 1 2 32.4883
0.3861 1 2 32.547
0.3877 1 2 32.557
0.3893 1 2 32.6058
0.3909 1 2 32.6694
0.3925 1 2 32.5281
0.3941 1 2 32.5542
0.3957 1 2 32.5125
0.3973 1 2 32.4608
0.3989 1 2 32.4337
0.4005 1 2 32.4104
0.4021 1 2 32.4903
0.4037 1 2 32.4463
0.4053 1 2 32.5495
0.4069 1 2 32.5288
0.4085 1 2 32.4691
0.4101 1 2 32.4771
0.4117 1 2 32.503
0.4133 1 2 32.5319
0.4149 1 2 32.4517
0.4165 1 2 32.5284
0.4181 1 2 32.5158
0.4197 1 2 32.5249
0.4213 1 2 32.4571
0.4229 1 2 32.4586
0.4245 1 2 32.4675
0.4261 1 2 32.5176
0.4277 1 2 32.5071
0.4293 1 2 32.5383
0.4309 1 2 32.4751
0.4325 1 2 32.519
0.4341 1 2 32.516
0.4357 1 2 32.5054
0.4373 1 2 32.5377
0.4389 1 2 32.4961
0.4405 1 2 32.529
0.4421 1 2 32.4564
0.4437 1 2 32.5502
0.4453 1 2 32.5531
0.4469 1 2 32.5027
0.4485 1 2 32.4958
0.4501 1 2 32.5324
0.4517 1 2 32.5237
0.4533 1 2 32.5088
0.4549 1 2 32.5369
0.4565 1 2 32.6259
0.4581 1 2 32.4932
0.4597 1 2 32.6266
0.4613 1 2 32.4346
0.4629 1 2 32.4767
0.4645 1 2 32.4771
0.4661 1 2 32.4828
0.4677 1 2 32.4457
0.4693 1 2 32.4281
0.4709 1 2 32.5517
0.4725 1 2 32.4503
0.4741 1 2 32.4558
0.4757 1 2 32.4962
0.4773 1 2 32.5563
0.4789 1 2 32.3884
0.4805 1 2 32.5027
0.4821 1 2 32.52
0.4837 1 2 32.3899
0.4853 1 2 32.4996
0.4869 1 2 32.5161
0.4885 1 2 32.5176
0.4901 1 2 32.4565
0.4917 1 2 32.5491
0.4933 1 2 32.5334
0.4949 1 2 32.5133
0.4965 1 2 32.4618
0.4981 1 2 32.5956
0.4997 1 2 32.6011
0.5013 1 2 32.6223
0.5029 1 2 32.4995
0.5045 1 2 32.6246
0.5061 1 2 32.5747
0.5077 1 2 32.4795
0.5093 1 2 32.556
0.5109 1 2 32.484
0.5125 1 2 32.4335
0.5141 1 2 32.5324
0.5157 1 2 32.5203
0.5173 1 2 32.6418
0.5189 1 2 32.4942
0.5205 1 2 32.5316
0.5221 1 2 32.457
0.5237 1 2 32.6113
0.5253 1 2 32.5858
0.5269 1 2 32.5733
0.5285 1 2 32.5205
0.5301 1 2 32.4742
0.5317 1 2 32.4562
0.5333 1 2 32.5009
0.5349 1 2 32.4938
0.5365 1 2 32.5576
0.5381 1 2 32.5459
0.5397 1 2 32.4702
0.5413 1 2 32.4695
0.5429 1 2 32.5231
0.5445 1 2 32.5089
0.5461 1 2 32.5362
0.5477 1 2 32.4549
0.5493 1 2 32.472
0.5509 1 2 32.4515
0.5525 1 2 32.4877
0.5541 1 2 32.5456
0.5557 1 2 32.5185
0.5573 1 2 32.5861
0.5589 1 2 32.4835
0.5605 1 2 32.556
0.5621 1 2 32.492
0.5637 1 2 32.6451
0.5653 1 2 32.5019
0.5669 1 2 32.4722
0.5685 1 2 32.5662
0.5701 1 2 32.6648
0.5717 1 2 32.4671
0.5733 1 2 32.4608
0.5749 1 2 32.5116
0.5765 1 2 32.4584
0.5781 1 2 32.5416
0.5797 1 2 32.6197
0.5813 1 2 32.5883
0.5829 1 2 32.4339
0.5845 1 2 32.459
0.5861 1 2 32.5641
0.5877 1 2 32.5826
0.5893 1 2 32.6204
0.5909 1 2 32.4201
0.5925 1 2 32.6287
0.5941 1 2 32.5261
0.5957 1 2 32.4708
0.5973 1 2 32.4919
0.5989 1 2 32.5294
0.6005 1 2 32.482
0.6021 1 2 32.5711
0.6037 1 2 32.6334
0.6053 1 2 32.4303
0.6069 1 2 32.5431
0.6085 1 2 32.499
0.6101 1 2 32.433
0.6117 1 2 32.5322
0.6133 1 2 32.5045
0.6149 1 2 32.4679
0.6165 1 2 32.5154
0.6181 1 2 32.5368
0.6197 1 2 32.4844
0.6213 1 2 32.524
0.6229 1 2 32.5974
0.6245 1 2 32.5089
0.6261 1 2 32.4742
0.6277 1 2 32.6186
0.6293 1 2 32.5481
0.6309 1 2 32.5382
0.6325 1 2 32.5365
0.6341 1 2 32.4507
0.6357 1 2 32.5473
0.6373 1 2 32.4568
0.6389 1 2 32.5055
0.6405 1 2 32.5518
0.6421 1 2 32.4647
0.6437 1 2 32.5413
0.6453 1 2 32.6098
0.6469 1 2 32.4753
0.6485 1 2 32.536
0.6501 1 2 32.5449
0.6517 1 2 32.5345
0.6533 1 2 32.5819
0.6549 1 2 32.5533
0.6565 1 2 32.4798
0.6581 1 2 32.4679
0.6597 1 2 32.489
0.6613 1 2 32.5465
0.6629 1 2 32.475
0.6645 1 2 32.4808
0.6661 1 2 32.4465
0.6677 1 2 32.4308
0.6693 1 2 32.524
0.6709 1 2 32.503
0.6725 1 2 32.5338
0.6741 1 2 32.4676
0.6757 1 2 32.4957
0.6773 1 2 32.5277
0.6789 1 2 32.4856
0.6805 1 2 32.5927
0.6821 1 2 32.5943
0.6837 1 2 32.5257
0.6853 1 2 32.4532
0.6869 1 2 32.5121
0.6885 1 2 32.5801
0.6901 1 2 32.5558
0.6917 1 2 32.5006
0.6933 1 2 32.6601
0.6949 1 2 32.5276
0.6965 1 2 32.5384
0.6981 1 2 32.5896
0.6997 1 2 32.5159
0.7013 1 2 32.5478
0.7029 1 2 32.5931
0.7045 1 2 32.5333
0.7061 1 2 32.5715
0.7077 1 2 32.6944
0.7093 1 2 32.6231
0.7109 1 2 32.4996
0.7125 1 2 32.5896
0.7141 1 2 32.5264
0.7157 1 2 32.5207
0.7173 1 2 32.4949
0.7189 1 2 32.44
0.7205 1 2 32.5056
0.7221 1 2 32.4804
0.7237 1 2 32.4926
0.7253 1 2 32.6011
0.7269 1 2 32.4698
0.7285 1 2 32.4011
0.7301 1 2 32.5297
0.7317 1 2 32.5637
0.7333 1 2 32.5813
0.7349 1 2 32.6219
0.7365 1 2 32.4351
0.7381 1 2 32.5624
0.7397 1 2 32.545
0.7413 1 2 32.5609
0.7429 1 2 32.4011
0.7445 1 2 32.4404
0.7461 1 2 32.572
0.7477 1 2 32.4901
0.7493 1 2 32.4905
0.7509 1 2 32.4629
0.7525 1 2 32.4358
0.7541 1 2 32.5231
0.7557 1 2 32.5228
0.7573 1 2 32.4534
0.7589 1 2 32.5884
0.7605 1 2 32.5249
0.7621 1 2 32.4917
0.7637 1 2 32.5107
0.7653 1 2 32.4709
0.7669 1 2 32.6198
0.7685 1 2 32.4477
0.7701 1 2 32.6143
0.7717 1 2 32.6062
0.7733 1 2 32.466
0.7749 1 2 32.5917
0.7765 1 2 32.5876
0.7781 1 2 32.4909
0.7797 1 2 32.524
0.7813 1 2 32.553
0.7829 1 2 32.5578
0.7845 1 2 32.5125
0.7861 1 2 32.5022
0.7877 1 2 32.5485
0.7893 1 2 32.5837
0.7909 1 2 32.5333
0.7925 1 2 32.5283
0.7941 1 2 32.5256
0.7957 1 2 32.4971
0.7973 1 2 32.5041
0.7989 1 2 32.4905
0.8005 1 2 32.4181
0.8021 1 2 32.5315
0.8037 1 2 32.6083
0.8053 1 2 32.4962
0.8069 1 2 32.4973
0.8085 1 2 32.4524
0.8101 1 2 32.5506
0.8117 1 2 32.4277
0.8133 1 2 32.5035
0.8149 1 2 32.4221
0.8165 1 2 32.5157
0.8181 1 2 32.5187
0.8197 1 2 32.5543
0.8213 1 2 32.5072
0.8229 1 2 32.633
0.8245 1 2 32.5374
0.8261 1 2 32.5063
0.8277 1 2 32.4534
0.8293 1 2 32.5219
0.8309 1 2 32.3857
0.8325 1 2 32.469
0.8341 1 2 32.5152
0.8357 1 2 32.5273
0.8373 1 2 32.5728
0.8389 1 2 32.536
0.8405 1 2 32.5319
0.8421 1 2 32.4844
0.8437 1 2 32.5725
0.8453 1 2 32.5281
0.8469 1 2 32.5278
0.8485 1 2 32.6001
0.8501 1 2 32.5056
0.8517 1 2 32.5141
0.8533 1 2 32.5544
0.8549 1 2 32.4733
0.8565 1 2 32.448
0.8581 1 2 32.6515
0.8597 1 2 32.4676
0.8613 1 2 32.5942
0.8629 1 2 32.5087
0.8645 1 2 32.5519
0.8661 1 2 32.5267
0.8677 1 2 32.5384
0.8693 1 2 32.5508
0.8709 1 2 32.5472
0.8725 1 2 32.4506
0.8741 1 2 32.4695
0.8757 1 2 32.6043
0.8773 1 2 32.5805
0.8789 1 2 32.5531
0.8805 1 2 32.5081
0.8821 1 2 32.4543
0.8837 1 2 32.6131
0.8853 1 2 32.5554
0.8869 1 2 32.6426
0.8885 1 2 32.5195
0.8901 1 2 32.5262
0.8917 1 2 32.5164
0.8933 1 2 32.5677
0.8949 1 2 32.526
0.8965 1 2 32.5745
0.8981 1 2 32.5871
0.8997 1 2 32.6126
0.9013 1 2 32.495
0.9029 1 2 32.4977
0.9045 1 2 32.4731
0.9061 1 2 32.5372
0.9077 1 2 32.5446
0.9093 1 2 32.4856
0.9109 1 2 32.5182
0.9125 1 2 32.5106
0.9141 1 2 32.5322
0.9157 1 2 32.5077
0.9173 1 2 32.5495
0.9189 1 2 32.4512
0.9205 1 2 32.5285
0.9221 1 2 32.5229
0.9237 1 2 32.415
0.9253 1 2 32.4582
0.9269 1 2 32.5564
0.9285 1 2 32.504
0.9301 1 2 32.5762
0.9317 1 2 32.548
0.9333 1 2 32.5503
0.9349 1 2 32.5691
0.9365 1 2 32.5294
0.9381 1 2 32.5403
0.9397 1 2 32.5251
0.9413 1 2 32.4679
0.9429 1 2 32.511
0.9445 1 2 32.4635
0.9461 1 2 32.493
0.9477 1 2 32.4412
0.9493 1 2 32.5615
0.9509 1 2 32.5814
0.9525 1 2 32.4551
0.9541 1 2 32.5262
0.9557 1 2 32.4601
0.9573 1 2 32.487
0.9589 1 2 32.5154
0.9605 1 2 32.5358
0.9621 1 2 32.5215
0.9637 1 2 32.4732
0.9653 1 2 32.4527
0.9669 1 2 32.5514
0.9685 1 2 32.5146
0.9701 1 2 32.4978
0.9717 1 2 32.5369
0.9733 1 2 32.4365
0.9749 1 2 32.5439
0.9765 1 2 32.4716
0.9781 1 2 32.491
0.9797 1 2 32.4343
0.9813 1 2 32.5015
0.9829 1 2 32.5392
0.9845 1 2 32.4977
0.9861 1 2 32.4163
0.9877 1 2 32.597
0.9893 1 2 32.4602
0.9909 1 2 32.5297
0.9925 1 2 32.5534
0.9941 1 2 32.5015
0.9957 1 2 32.5482
0.9973 1 2 32.4959
0.9989 1 2 32.5076
1.0005 1 2 32.4315
1.0021 1 2 33.2258
1.0037 1 2 33.3287
1.0053 1 2 33.3923
1.0069 1 2 33.2121
1.0085 1 2 33.104
1.0101 1 2 33.4894
1.0117 1 2 33.6189
1.0133 1 2 33.8241
1.0149 1 2 33.4387
1.0165 1 2 33.4844
1.0181 1 2 33.3259
1.0197 1 2 33.6661
1.0213 1 2 33.372
1.0229 1 2 32.9606
1.0245 1 2 32.7859
1.0261 1 2 32.2989
1.0277 1 2 31.8921
1.0293 1 2 32.1895
1.0309 1 2 32.42
1.0325 1 2 32.6562
1.0341 1 2 32.6583
1.0357 1 2 32.7191
1.0373 1 2 32.0277
1.0389 1 2 31.8846
1.0405 1 2 31.744
1.0421 1 2 31.5428
1.0437 1 2 31.7196
1.0453 1 2 32.3316
1.0469 1 2 32.3065
1.0485 1 2 32.4673
1.0501 1 2 32.5498
1.0517 1 2 32.4518
1.0533 1 2 32.3122
1.0549 1 2 31.5641
1.0565 1 2 31.4695
1.0581 1 2 30.9363
1.0597 1 2 30.8434
1.0613 1 2 30.8932
1.0629 1 2 30.6034
1.0645 1 2 30.221
1.0661 1 2 29.9516
1.0677 1 2 -5.18391
1.0693 1 2 -4.81262
1.0709 1 2 -2.65682
1.0725 1 2 -3.82771
1.0741 1 2 -3.21807
1.0757 1 2 -2.63712
1.0773 1 2 -3.72786
1.0789 1 2 -2.63231
1.0805 1 2 -3.188
1.0821 1 2 -2.90305
1.0837 1 2 -1.29636
1.0853 1 2 0.165334
1.0869 1 2 -0.587159
1.0885 1 2 -3.13139
1.0901 1 2 -3.80095
1.0917 1 2 -1.09806
1.0933 1 2 -2.18206
1.0949 1 2 -2.63547
1.0965 1 2 -3.19161
1.0981 1 2 -1.58823
1.0997 1 2 -1.99915
1.1013 1 2 -2.09125
1.1029 1 2 -0.413397
1.1045 1 2 -2.24045
1.1061 1 2 -3.33334
1.1077 1 2 -1.02268
1.1093 1 2 -2.49423
1.1109 1 2 -4.37679
1.1125 1 2 -2.13401
1.1141 1 2 -5.66585
1.1157 1 2 -0.0705819
1.1173 1 2 -4.72766
1.1189 1 2 -3.46976
1.1205 1 2 -2.65329
1.1221 1 2 -2.40859
1.1237 1 2 -1.50803
1.1253 1 2 -3.05705
1.1269 1 2 -3.34275
1.1285 1 2 -2.21321
1.1301 1 2 -4.49634
1.1317 1 2 -3.92833
1.1333 1 2 -5.34083
1.1349 1 2 -3.7342
1.1365 1 2 -4.50587
1.1381 1 2 -5.56758
1.1397 1 2 -5.80225
1.1413 1 2 -4.39619
1.1429 1 2 -4.58678
1.1445 1 2 -5.97754
1.1461 1 2 -4.88217
1.1477 1 2 -3.65869
1.1493 1 2 -2.7967
1.1509 1 2 -5.81542
1.1525 1 2 -5.89576
1.1541 1 2 -1.93444
1.1557 1 2 -3.12106
1.1573 1 2 -2.2259
1.1589 1 2 -4.47412
1.1605 1 2 -1.32031
1.1621 1 2 -2.5316
1.1637 1 2 -4.21254
1.1653 1 2 -3.02183
1.1669 1 2 -1.92253
1.1685 1 2 -3.38714
1.1701 1 2 -3.09393
1.1717 1 2 -0.946477
1.1733 1 2 -1.27872
1.1749 1 2 -1.33613
1.1765 1 2 -0.698656
1.1781 1 2 -2.18071
1.1797 1 2 -3.24899
1.1813 1 2 -0.886393
1.1829 1 2 -2.17436
1.1845 1 2 -2.79563
1.1861 1 2 -3.81497
1.1877 1 2 -1.20054
1.1893 1 2 -0.197077
1.1909 1 2 -0.63542
1.1925 1 2 -1.48626
1.1941 1 2 1.10612
1.1957 1 2 -0.130447
1.1973 1 2 -4.19046
1.1989 1 2 -3.89387
1.2005 1 2 -2.17489
1.2021 1 2 -0.544963
1.2037 1 2 -2.32764
1.2053 1 2 -2.754
1.2069 1 2 -2.42884
1.2085 1 2 -2.85243
1.2101 1 2 -1.71102
1.2117 1 2 -1.74496
1.2133 1 2 0.750497
1.2149 1 2 -0.910442
1.2165 1 2 -0.292214
1.2181 1 2 -0.6887
1.2197 1 2 -2.9953
1.2213 1 2 -2.78714
1.2229 1 2 -1.31151
1.2245 1 2 0.554689
1.2261 1 2 1.40097
1.2277 1 2 -2.90488
1.2293 1 2 -1.38105
1.2309 1 2 0.383364
1.2325 1 2 -1.01085
1.2341 1 2 -0.394149
1.2357 1 2 -1.32579
1.2373 1 2 -1.21517
1.2389 1 2 1.39544
1.2405 1 2 2.88415
1.2421 1 2 1.71376
1.2437 1 2 -1.83371
1.2453 1 2 -0.484372
1.2469 1 2 0.485292
1.2485 1 2 -1.70206
1.2501 1 2 -0.649405
1.2517 1 2 -3.69374
1.2533 1 2 -1.95421
1.2549 1 2 -3.48332
1.2565 1 2 1.44997
1.2581 1 2 0.405272
1.2597 1 2 2.5198
1.2613 1 2 -2.43229
1.2629 1 2 -1.48516
1.2645 1 2 -4.81675
1.2661 1 2 -3.96316
1.2677 1 2 -6.20002
1.2693 1 2 -2.54426
1.2709 1 2 -3.91342
1.2725 1 2 -2.53867
1.2741 1 2 -1.88044
1.2757 1 2 3.44091
1.2773 1 2 -5.07757
1.2789 1 2 -3.88927
1.2805 1 2 -5.508
1.2821 1 2 -5.89132
1.2837 1 2 -1.32273
1.2853 1 2 0.956241
1.2869 1 2 -4.97722
1.2885 1 2 6.16984
1.2901 1 2 -3.18395
1.2917 1 2 -0.206033
1.2933 1 2 3.46233
1.2949 1 2 -3.09831
1.2965 1 2 -1.89135
1.2981 1 2 1.26231
1.2997 1 2 4.83363
1.3013 1 2 -1.78278
1.3029 1 2 -4.186
1.3045 1 2 -3.99667
1.3061 1 2 3.9986
1.3077 1 2 -1.83176
1.3093 1 2 5.10517
1.3109 1 2 7.51471
1.3125 1 2 7.09672
1.3141 1 2 -1.97318
1.3157 1 2 -1.68501
1.3173 1 2 -3.81443
1.3189 1 2 4.99678
1.3205 1 2 -0.405783
1.3221 1 2 7.68893
1.3237 1 2 4.92398
1.3253 1 2 2.40105
1.3269 1 2 -2.1314
1.3285 1 2 -6.6679
1.3301 1 2 -1.32179
1.3317 1 2 4.71017
1.3333 1 2 -3.90548
1.3349 1 2 36.9179
1.3365 1 2 38.9864
1.3381 1 2 36.3818
1.3397 1 2 35.3443
1.3413 1 2 40.3876
1.3429 1 2 39.1074
1.3445 1 2 35.5527
1.3461 1 2 34.8903
1.3477 1 2 37.7406
1.3493 1 2 33.6975
1.3509 1 2 39.2207
1.3525 1 2 35.4953
1.3541 1 2 37.7464
1.3557 1 2 38.7345
1.3573 1 2 38.935
1.3589 1 2 35.5289
1.3605 1 2 36.715
1.3621 1 2 38.0582
1.3637 1 2 36.307
1.3653 1 2 38.4804
1.3669 1 2 37.05
1.3685 1 2 37.0051
1.3701 1 2 35.8072
1.3717 1 2 36.9658
1.3733 1 2 38.3404
1.3749 1 2 41.8661
1.3765 1 2 40.5684
1.3781 1 2 38.1618
1.3797 1 2 36.4098
1.3813 1 2 39.4816
1.3829 1 2 38.4359
1.3845 1 2 37.5124
1.3861 1 2 39.1405
1.3877 1 2 38.0263
1.3893 1 2 36.2927
1.3909 1 2 39.5228
1.3925 1 2 37.3761
1.3941 1 2 39.5107
1.3957 1 2 41.0035
1.3973 1 2 39.2768
1.3989 1 2 39.3756
1.4005 1 2 37.4439
1.4021 1 2 37.1284
1.4037 1 2 38.7587
1.4053 1 2 37.3105
1.4069 1 2 37.4268
1.4085 1 2 36.7846
1.4101 1 2 37.2977
1.4117 1 2 36.5722
1.4133 1 2 34.2897
1.4149 1 2 36.6167
1.4165 1 2 36.804
1.4181 1 2 33.8216
1.4197 1 2 35.468
1.4213 1 2 35.8689
1.4229 1 2 35.8849
1.4245 1 2 37.4147
1.4261 1 2 37.5072
1.4277 1 2 35.4782
1.4293 1 2 37.784
1.4309 1 2 36.8607
1.4325 1 2 38.7335
1.4341 1 2 34.9433
1.4357 1 2 35.5121
1.4373 1 2 34.0597
1.4389 1 2 36.4154
1.4405 1 2 36.3345
1.4421 1 2 35.7081
1.4437 1 2 33.5417
1.4453 1 2 33.2704
1.4469 1 2 29.1046
1.4485 1 2 31.9948
1.4501 1 2 29.3482
1.4517 1 2 29.5766
1.4533 1 2 32.9988
1.4549 1 2 28.4139
1.4565 1 2 28.587
1.4581 1 2 30.0765
1.4597 1 2 34.1559
1.4613 1 2 33.2025
1.4629 1 2 32.6598
1.4645 1 2 30.682
1.4661 1 2 32.2555
1.4677 1 2 30.4046
1.4693 1 2 31.9348
1.4709 1 2 26.8418
1.4725 1 2 31.9227
1.4741 1 2 24.6356
1.4757 1 2 24.0031
1.4773 1 2 21.4062
1.4789 1 2 22.1933
1.4805 1 2 34.2573
1.4821 1 2 31.2253
1.4837 1 2 21.025
1.4853 1 2 28.1034
1.4869 1 2 29.1497
1.4885 1 2 28.0583
1.4901 1 2 27.4945
1.4917 1 2 26.8369
1.4933 1 2 28.2218
1.4949 1 2 29.2508
1.4965 1 2 20.905
1.4981 1 2 22.3665
1.4997 1 2 23.7922
1.5013 1 2 26.8501
1.5029 1 2 25.0931
1.5045 1 2 26.635
1.5061 1 2 25.4015
1.5077 1 2 26.3558
1.5093 1 2 30.3041
1.5109 1 2 28.5969
1.5125 1 2 26.9183
1.5141 1 2 26.6164
1.5157 1 2 29.5477
1.5173 1 2 29.8878
1.5189 1 2 30.8672
1.5205 1 2 30.8776
1.5221 1 2 32.4388
1.5237 1 2 32.7279
1.5253 1 2 32.983
1.5269 1 2 31.2436
1.5285 1 2 31.9329
1.5301 1 2 31.4701
1.5317 1 2 31.3668
1.5333 1 2 31.9265
1.5349 1 2 33.9074
1.5365 1 2 33.674
1.5381 1 2 34.1417
1.5397 1 2 34.5473
1.5413 1 2 33.935
1.5429 1 2 34.3196
1.5445 1 2 34.6588
1.5461 1 2 34.5609
1.5477 1 2 34.1407
1.5493 1 2 34.234
1.5509 1 2 34.5397
1.5525 1 2 34.5009
1.5541 1 2 35.1407
1.5557 1 2 35.3835
1.5573 1 2 35.298
1.5589 1 2 34.9022
1.5605 1 2 34.8071
1.5621 1 2 34.7586
1.5637 1 2 35.0991
1.5653 1 2 35.5298
1.5669 1 2 35.8293
1.5685 1 2 35.7272
1.5701 1 2 36.4594
1.5717 1 2 36.8883
1.5733 1 2 35.8412
1.5749 1 2 36.1086
1.5765 1 2 34.3202
1.5781 1 2 34.9085
1.5797 1 2 33.9647
1.5813 1 2 32.5844
1.5829 1 2 32.852
1.5845 1 2 33.5994
1.5861 1 2 34.3565
1.5877 1 2 34.04
1.5893 1 2 33.7375
1.5909 1 2 33.0403
1.5925 1 2 33.6323
1.5941 1 2 33.5031
1.5957 1 2 33.954
1.5973 1 2 34.2555
1.5989 1 2 35.0746
1.6005 1 2 35.3075
1.6021 1 2 35.3243
1.6037 1 2 33.8966
1.6053 1 2 34.9577
1.6069 1 2 35.0268
1.6085 1 2 34.841
1.6101 1 2 34.7373
1.6117 1 2 34.3908
1.6133 1 2 33.269
1.6149 1 2 34.2698
1.6165 1 2 33.456
1.6181 1 2 34.3137
1.6197 1 2 34.5219
1.6213 1 2 34.3315
1.6229 1 2 34.0477
1.6245 1 2 34.1525
1.6261 1 2 33.7341
1.6277 1 2 33.5808
1.6293 1 2 33.6065
1.6309 1 2 33.9507
1.6325 1 2 33.5916
1.6341 1 2 33.0745
1.6357 1 2 32.8833
1.6373 1 2 32.8441
1.6389 1 2 32.5121
1.6405 1 2 31.9149
1.6421 1 2 31.9642
1.6437 1 2 31.3773
1.6453 1 2 31.053
1.6469 1 2 31.6287
1.6485 1 2 32.0228
1.6501 1 2 32.2409
1.6517 1 2 32.4332
1.6533 1 2 33.0004
1.6549 1 2 33.1885
1.6565 1 2 32.8388
1.6581 1 2 32.3365
1.6597 1 2 32.0179
1.6613 1 2 32.5653
1.6629 1 2 32.3705
1.6645 1 2 31.6632
1.6661 1 2 32.254
1.6677 1 2 32.1148
1.6693 1 2 32.335
1.6709 1 2 31.7741
1.6725 1 2 31.8556
1.6741 1 2 31.7981
1.6757 1 2 31.5519
1.6773 1 2 31.2047
1.6789 1 2 30.6717
1.6805 1 2 30.9983
1.6821 1 2 30.8193
1.6837 1 2 30.8806
1.6853 1 2 31.4088
1.6869 1 2 31.4215
1.6885 1 2 31.9581
1.6901 1 2 32.1854
1.6917 1 2 31.6804
1.6933 1 2 31.7453
1.6949 1 2 32.1578
1.6965 1 2 32.1842
1.6981 1 2 31.9141
1.6997 1 2 31.1673
1.7013 1 2 31.0664
1.7029 1 2 30.0974
1.7045 1 2 30.5965
1.7061 1 2 29.7775
1.7077 1 2 29.1734
1.7093 1 2 28.1346
1.7109 1 2 28.3772
1.7125 1 2 28.1017
1.7141 1 2 28.0487
1.7157 1 2 27.5988
1.7173 1 2 27.1862
1.7189 1 2 26.7832
1.7205 1 2 26.4684
1.7221 1 2 25.7858
1.7237 1 2 24.4822
1.7253 1 2 24.2122
1.7269 1 2 23.8194
1.7285 1 2 23.2016
1.7301 1 2 23.246
1.7317 1 2 22.4253
1.7333 1 2 23.7128
1.7349 1 2 22.7267
1.7365 1 2 22.7296
1.7381 1 2 21.1403
1.7397 1 2 20.62
1.7413 1 2 21.0729
1.7429 1 2 20.7291
1.7445 1 2 20.2843
1.7461 1 2 20.0976
1.7477 1 2 19.4547
1.7493 1 2 18.8883
1.7509 1 2 17.8745
1.7525 1 2 16.6009
1.7541 1 2 15.8454
1.7557 1 2 15.122
1.7573 1 2 14.8307
1.7589 1 2 12.8214
1.7605 1 2 13.2985
1.7621 1 2 12.3074
1.7637 1 2 12.4662
1.7653 1 2 9.89808
1.7669 1 2 6.3579
1.7685 1 2 6.78033
1.7701 1 2 8.18109
1.7717 1 2 5.53728
1.7733 1 2 10.1663
1.7749 1 2 5.7849
1.7765 1 2 8.17085
1.7781 1 2 4.27825
1.7797 1 2 7.06081
1.7813 1 2 6.81682
1.7829 1 2 13.1966
1.7845 1 2 10.9771
1.7861 1 2 11.8323
1.7877 1 2 12.6694
1.7893 1 2 13.2014
1.7909 1 2 14.15
1.7925 1 2 15.6174
1.7941 1 2 15.9598
1.7957 1 2 16.8769
1.7973 1 2 16.7093
1.7989 1 2 18.1006
1.8005 1 2 18.4779
1.8021 1 2 18.6563
1.8037 1 2 18.7748
1.8053 1 2 18.8138
1.8069 1 2 19.3964
1.8085 1 2 19.8447
1.8101 1 2 20.4928
1.8117 1 2 21.123
1.8133 1 2 21.3725
1.8149 1 2 21.969
1.8165 1 2 21.9464
1.8181 1 2 22.5476
1.8197 1 2 23.2659
1.8213 1 2 23.3869
1.8229 1 2 23.9396
1.8245 1 2 24.2338
1.8261 1 2 25.1512
1.8277 1 2 24.7426
1.8293 1 2 23.8227
1.8309 1 2 23.7939
1.8325 1 2 24.0014
1.8341 1 2 23.8045
1.8357 1 2 23.3397
1.8373 1 2 23.8274
1.8389 1 2 23.7231
1.8405 1 2 23.47
1.8421 1 2 23.3945
1.8437 1 2 23.286
1.8453 1 2 23.582
1.8469 1 2 24.3014
1.8485 1 2 24.3693
1.8501 1 2 23.8444
1.8517 1 2 24.6476
1.8533 1 2 26.0639
1.8549 1 2 26.3762
1.8565 1 2 27.1478
1.8581 1 2 28.0285
1.8597 1 2 27.9502
1.8613 1 2 28.4766
1.8629 1 2 28.1723
1.8645 1 2 28.1206
1.8661 1 2 27.734
1.8677 1 2 28.4851
1.8693 1 2 28.469
1.8709 1 2 28.1819
1.8725 1 2 27.8873
1.8741 1 2 27.9806
1.8757 1 2 28.2246
1.8773 1 2 27.795
1.8789 1 2 28.4029
1.8805 1 2 28.622
1.8821 1 2 28.8508
1.8837 1 2 29.1255
1.8853 1 2 29.6006
1.8869 1 2 30.2579
1.8885 1 2 30.0383
1.8901 1 2 29.2202
1.8917 1 2 29.5154
1.8933 1 2 29.5113
1.8949 1 2 29.1938
1.8965 1 2 28.7625
1.8981 1 2 28.8895
1.8997 1 2 28.9907
1.9013 1 2 28.7987
1.9029 1 2 29.4421
1.9045 1 2 29.6261
1.9061 1 2 30.0088
1.9077 1 2 30.3503
1.9093 1 2 30.7532
1.9109 1 2 31.4364
1.9125 1 2 31.7938
1.9141 1 2 32.5534
1.9157 1 2 32.6858
1.9173 1 2 32.3716
1.9189 1 2 31.8289
1.9205 1 2 31.4006
1.9221 1 2 31.9816
1.9237 1 2 32.5189
1.9253 1 2 33.0427
1.9269 1 2 33.568
1.9285 1 2 33.7938
1.9301 1 2 34.196
1.9317 1 2 33.7943
1.9333 1 2 33.3439
1.9349 1 2 33.2125
1.9365 1 2 33.3668
1.9381 1 2 33.0723
1.9397 1 2 33.2717
1.9413 1 2 32.9907
1.9429 1 2 33.2577
1.9445 1 2 33.6716
1.9461 1 2 33.4033
1.9477 1 2 33.5399
1.9493 1 2 34.0752
1.9509 1 2 33.8995
1.9525 1 2 34.6532
1.9541 1 2 35.7185
1.9557 1 2 35.88
1.9573 1 2 36.344
1.9589 1 2 37.381
1.9605 1 2 37.2746
1.9621 1 2 37.7438
1.9637 1 2 37.7277
1.9653 1 2 37.9692
1.9669 1 2 37.7671
1.9685 1 2 37.3539
1.9701 1 2 37.0525
1.9717 1 2 37.2861
1.9733 1 2 37.274
1.9749 1 2 37.1948
1.9765 1 2 36.8343
1.9781 1 2 37.4081
1.9797 1 2 37.7819
1.9813 1 2 37.8277
1.9829 1 2 37.6452
1.9845 1 2 37.4407
1.9861 1 2 37.4256
1.9877 1 2 37.7084
1.9893 1 2 37.3836
1.9909 1 2 37.4985
1.9925 1 2 38.174
1.9941 1 2 38.6187
1.9957 1 2 38.3964
1.9973 1 2 38.4488
1.9989 1 2 38.8759
2.0005 1 2 38.5635
2.0021 1 2 38.5654
2.0037 1 2 38.4166
2.0053 1 2 38.8856
2.0069 1 2 38.7912
2.0085 1 2 38.6468
2.0101 1 2 39.3671
2.0117 1 2 39.7545
2.0133 1 2 40.1735
2.0149 1 2 40.4121
2.0165 1 2 40.2273
2.0181 1 2 40.0488
2.0197 1 2 39.6552
2.0213 1 2 39.6194
2.0229 1 2 39.5389
2.0245 1 2 39.5888
2.0261 1 2 39.2341
2.0277 1 2 39.7338
2.0293 1 2 39.1235
2.0309 1 2 38.1244
2.0325 1 2 37.6601
2.0341 1 2 37.8132
2.0357 1 2 37.3766
2.0373 1 2 37.7486
2.0389 1 2 37.131
2.0405 1 2 36.6992
2.0421 1 2 36.729
2.0437 1 2 36.3809
2.0453 1 2 36.5796
2.0469 1 2 36.5977
2.0485 1 2 36.895
2.0501 1 2 36.7211
2.0517 1 2 37.0453
2.0533 1 2 36.8654
2.0549 1 2 37.1586
2.0565 1 2 37.5119
2.0581 1 2 36.8002
2.0597 1 2 36.5147
2.0613 1 2 36.4367
2.0629 1 2 35.8896
2.0645 1 2 36.244
2.0661 1 2 37.0758
2.0677 1 2 36.7346
2.0693 1 2 36.776
2.0709 1 2 36.4149
2.0725 1 2 35.8976
2.0741 1 2 36.3201
2.0757 1 2 36.75
2.0773 1 2 36.0005
2.0789 1 2 36.1803
2.0805 1 2 36.2889
2.0821 1 2 36.6816
2.0837 1 2 36.903
2.0853 1 2 36.9826
2.0869 1 2 36.7813
2.0885 1 2 36.7367
2.0901 1 2 36.4275
2.0917 1 2 36.6369
2.0933 1 2 35.7838
2.0949 1 2 35.4055
2.0965 1 2 35.3235
2.0981 1 2 35.9008
2.0997 1 2 35.4683
2.1013 1 2 34.9756
2.1029 1 2 34.4916
2.1045 1 2 34.5031
2.1061 1 2 34.5191
2.1077 1 2 34.6443
2.1093 1 2 34.144
2.1109 1 2 33.9891
2.1125 1 2 34.3161
2.1141 1 2 33.4675
2.1157 1 2 33.8713
2.1173 1 2 34.46
2.1189 1 2 34.7602
2.1205 1 2 34.819
2.1221 1 2 35.3673
2.1237 1 2 35.0705
2.1253 1 2 34.5567
2.1269 1 2 34.139
2.1285 1 2 33.9757
2.1301 1 2 33.4018
2.1317 1 2 33.3842
2.1333 1 2 33.518
2.1349 1 2 33.9283
2.1365 1 2 33.6261
2.1381 1 2 32.7304
2.1397 1 2 32.5247
2.1413 1 2 31.5392
2.1429 1 2 30.5197
2.1445 1 2 30.9076
2.1461 1 2 31.1101
2.1477 1 2 31.3988
2.1493 1 2 31.7518
2.1509 1 2 31.5595
2.1525 1 2 31.8751
2.1541 1 2 32.0045
2.1557 1 2 31.8434
2.1573 1 2 31.4227
2.1589 1 2 31.5499
2.1605 1 2 31.049
2.1621 1 2 31.351
2.1637 1 2 31.6562
2.1653 1 2 31.3882
2.1669 1 2 31.769
2.1685 1 2 31.1948
2.1701 1 2 31.1043
2.1717 1 2 31.3078
2.1733 1 2 30.8952
2.1749 1 2 30.8747
2.1765 1 2 30.8649
2.1781 1 2 31.1536
2.1797 1 2 31.7493
2.1813 1 2 31.015
2.1829 1 2 31.0762
2.1845 1 2 31.7353
2.1861 1 2 31.4171
2.1877 1 2 31.2216
2.1893 1 2 31.2268
2.1909 1 2 31.4141
2.1925 1 2 31.571
2.1941 1 2 31.7244
2.1957 1 2 31.4595
2.1973 1 2 31.2368
2.1989 1 2 31.3766
2.2005 1 2 31.3739
2.2021 1 2 31.4249
2.2037 1 2 31.9116
2.2053 1 2 32.303
2.2069 1 2 32.833
2.2085 1 2 33.0406
2.2101 1 2 33.0088
2.2117 1 2 32.935
2.2133 1 2 32.5492
2.2149 1 2 32.2406
2.2165 1 2 32.7665
2.2181 1 2 32.0103
2.2197 1 2 32.6341
2.2213 1 2 33.1449
2.2229 1 2 33.2915
2.2245 1 2 33.641
2.2261 1 2 33.5166
2.2277 1 2 33.5085
2.2293 1 2 34.0063
2.2309 1 2 34.4026
2.2325 1 2 34.5816
2.2341 1 2 34.5547
2.2357 1 2 34.2733
2.2373 1 2 34.4802
2.2389 1 2 33.8727
2.2405 1 2 34.1265
2.2421 1 2 33.7265
2.2437 1 2 33.2573
2.2453 1 2 33.758
2.2469 1 2 33.4196
2.2485 1 2 33.2298
2.2501 1 2 33.0541
2.2517 1 2 33.3625
2.2533 1 2 32.6747
2.2549 1 2 32.6298
2.2565 1 2 33.1236
2.2581 1 2 32.5072
2.2597 1 2 32.0967
2.2613 1 2 31.6771
2.2629 1 2 31.5367
2.2645 1 2 31.2446
2.2661 1 2 30.1995
2.2677 1 2 31.1353
2.2693 1 2 30.7903
2.2709 1 2 30.7353
2.2725 1 2 30.3892
2.2741 1 2 30.2117
2.2757 1 2 29.6382
2.2773 1 2 29.5665
2.2789 1 2 29
2.2805 1 2 29.8147
2.2821 1 2 29.4714
2.2837 1 2 29.5484
2.2853 1 2 29.3463
2.2869 1 2 28.8751
2.2885 1 2 28.3329
2.2901 1 2 28.3387
2.2917 1 2 28.1971
2.2933 1 2 28.1648
2.2949 1 2 27.6597
2.2965 1 2 28.3645
2.2981 1 2 27.8961
2.2997 1 2 27.7358
2.3013 1 2 27.6607
2.3029 1 2 27.843
2.3045 1 2 27.7835
2.3061 1 2 27.4736
2.3077 1 2 27.1719
2.3093 1 2 27.025
2.3109 1 2 26.6979
2.3125 1 2 26.7546
2.3141 1 2 26.5503
2.3157 1 2 26.6205
2.3173 1 2 26.9318
2.3189 1 2 26.8481
2.3205 1 2 27.2336
2.3221 1 2 26.9242
2.3237 1 2 27.3179
2.3253 1 2 27.304
2.3269 1 2 26.8839
2.3285 1 2 26.9173
2.3301 1 2 27.5441
2.3317 1 2 27.2802
2.3333 1 2 27.0388
2.3349 1 2 27.0814
2.3365 1 2 27.198
2.3381 1 2 27.2186
2.3397 1 2 26.8118
2.3413 1 2 26.814
2.3429 1 2 26.4017
2.3445 1 2 26.5358
2.3461 1 2 26.1559
2.3477 1 2 25.8831
2.3493 1 2 25.275
2.3509 1 2 25.1335
2.3525 1 2 24.8671
2.3541 1 2 24.8278
2.3557 1 2 24.3159
2.3573 1 2 24.9424
2.3589 1 2 24.9294
2.3605 1 2 24.6968
2.3621 1 2 24.8892
2.3637 1 2 24.8515
2.3653 1 2 25.1399
2.3669 1 2 24.9058
2.3685 1 2 24.7544
2.3701 1 2 24.5516
2.3717 1 2 24.0701
2.3733 1 2 24.1222
2.3749 1 2 23.9645
2.3765 1 2 24.1847
2.3781 1 2 23.799
2.3797 1 2 23.8519
2.3813 1 2 23.5471
2.3829 1 2 23.4359
2.3845 1 2 23.2045
2.3861 1 2 23.295
2.3877 1 2 23.0606
2.3893 1 2 22.9289
2.3909 1 2 23.0899
2.3925 1 2 22.1685
2.3941 1 2 22.0425
2.3957 1 2 21.8258
2.3973 1 2 21.5309
2.3989 1 2 21.7054
2.4005 1 2 21.6386
2.4021 1 2 21.6206
2.4037 1 2 21.856
2.4053 1 2 21.3476
2.4069 1 2 20.522
2.4085 1 2 20.3972
2.4101 1 2 20.1557
2.4117 1 2 20.2768
2.4133 1 2 20.2507
2.4149 1 2 20.2726
2.4165 1 2 20.8364
2.4181 1 2 20.6817
2.4197 1 2 20.4434
2.4213 1 2 21.2843
2.4229 1 2 20.1308
2.4245 1 2 19.7302
2.4261 1 2 18.8985
2.4277 1 2 18.4456
2.4293 1 2 18.713
2.4309 1 2 18.5145
2.4325 1 2 18.7195
2.4341 1 2 18.6665
2.4357 1 2 19.1963
2.4373 1 2 19.2978
2.4389 1 2 19.256
2.4405 1 2 18.7056
2.4421 1 2 19.0192
2.4437 1 2 18.8984
2.4453 1 2 19.0418
2.4469 1 2 19.186
2.4485 1 2 19.2805
2.4501 1 2 18.8177
2.4517 1 2 18.5952
2.4533 1 2 19.0349
2.4549 1 2 18.4943
2.4565 1 2 18.5636
2.4581 1 2 17.6005
2.4597 1 2 16.6537
2.4613 1 2 15.9911
2.4629 1 2 15.5903
2.4645 1 2 15.7408
2.4661 1 2 15.1876
2.4677 1 2 14.3087
2.4693 1 2 13.7696
2.4709 1 2 13.2713
2.4725 1 2 12.7744
2.4741 1 2 11.6477
2.4757 1 2 9.59679
2.4773 1 2 8.42108
2.4789 1 2 8.40534
2.4805 1 2 7.73174
2.4821 1 2 4.36837
2.4837 1 2 2.16198
2.4853 1 2 0.747291
2.4869 1 2 -1.50456
2.4885 1 2 2.36773
2.4901 1 2 2.41236
2.4917 1 2 4.05887
2.4933 1 2 3.63326
2.4949 1 2 6.21508
2.4965 1 2 6.69749
2.4981 1 2 8.71197
2.4997 1 2 9.65383
2.5013 1 2 10.4146
2.5029 1 2 12.2527
2.5045 1 2 12.146
2.5061 1 2 12.8596
2.5077 1 2 14.0583
2.5093 1 2 14.6479
2.5109 1 2 15.3841
2.5125 1 2 15.5524
2.5141 1 2 16.1847
2.5157 1 2 16.4628
2.5173 1 2 17.4216
2.5189 1 2 17.6487
2.5205 1 2 18.2065
2.5221 1 2 18.6724
2.5237 1 2 18.8166
2.5253 1 2 18.8674
2.5269 1 2 19.351
2.5285 1 2 18.1121
2.5301 1 2 18.6984
2.5317 1 2 19.1118
2.5333 1 2 18.9733
2.5349 1 2 19.2575
2.5365 1 2 19.7174
2.5381 1 2 19.6467
2.5397 1 2 20.6857
2.5413 1 2 21.1484
2.5429 1 2 20.8702
2.5445 1 2 20.8683
2.5461 1 2 20.7011
2.5477 1 2 20.6158
2.5493 1 2 20.7372
2.5509 1 2 21.5692
2.5525 1 2 21.2314
2.5541 1 2 21.127
2.5557 1 2 21.2667
2.5573 1 2 21.3953
2.5589 1 2 21.0753
2.5605 1 2 21.5711
2.5621 1 2 21.1459
2.5637 1 2 21.0126
2.5653 1 2 20.8847
2.5669 1 2 21.0606
2.5685 1 2 20.9946
2.5701 1 2 21.6042
2.5717 1 2 21.6575
2.5733 1 2 21.936
2.5749 1 2 22.0846
2.5765 1 2 22.2016
2.5781 1 2 21.8107
2.5797 1 2 21.3812
2.5813 1 2 21.247
2.5829 1 2 21.7443
2.5845 1 2 21.5685
2.5861 1 2 21.4685
2.5877 1 2 22.0232
2.5893 1 2 21.6724
2.5909 1 2 22.01
2.5925 1 2 21.7573
2.5941 1 2 21.2836
2.5957 1 2 21.7484
2.5973 1 2 21.4661
2.5989 1 2 21.4292
2.6005 1 2 21.2261
2.6021 1 2 21.3741
2.6037 1 2 21.8601
2.6053 1 2 22.3572
2.6069 1 2 22.171
2.6085 1 2 21.3012
2.6101 1 2 22.0185
2.6117 1 2 22.0789
2.6133 1 2 21.8758
2.6149 1 2 22.3409
2.6165 1 2 22.4846
2.6181 1 2 22.3091
2.6197 1 2 22.2102
2.6213 1 2 22.4756
2.6229 1 2 22.7666
2.6245 1 2 23.3758
2.6261 1 2 23.3858
2.6277 1 2 23.9243
2.6293 1 2 23.6612
2.6309 1 2 23.6082
2.6325 1 2 23.5407
2.6341 1 2 23.5058
2.6357 1 2 23.5685
2.6373 1 2 22.9248
2.6389 1 2 22.9727
2.6405 1 2 23.1521
2.6421 1 2 23.5503
2.6437 1 2 23.14
2.6453 1 2 23.1593
2.6469 1 2 23.2056
2.6485 1 2 23.2315
2.6501 1 2 23.1374
2.6517 1 2 23.1195
2.6533 1 2 23.0315
2.6549 1 2 23.8044
2.6565 1 2 23.6716
2.6581 1 2 23.6843
2.6597 1 2 23.1591
2.6613 1 2 22.9045
2.6629 1 2 22.667
2.6645 1 2 22.0435
2.6661 1 2 22.0234
2.6677 1 2 22.1488
2.6693 1 2 22.6548
2.6709 1 2 22.294
2.6725 1 2 21.9501
2.6741 1 2 22.3164
2.6757 1 2 22.6064
2.6773 1 2 22.3553
2.6789 1 2 22.0417
2.6805 1 2 21.8708
2.6821 1 2 21.3334
2.6837 1 2 21.2319
2.6853 1 2 20.5532
2.6869 1 2 19.9889
2.6885 1 2 19.7771
2.6901 1 2 20.125
2.6917 1 2 20.4546
2.6933 1 2 20.0623
2.6949 1 2 20.6959
2.6965 1 2 20.7702
2.6981 1 2 20.7451
2.6997 1 2 20.7736
2.7013 1 2 20.7738
2.7029 1 2 20.6532
2.7045 1 2 20.7386
2.7061 1 2 20.8039
2.7077 1 2 21.4316
2.7093 1 2 20.7978
2.7109 1 2 20.651
2.7125 1 2 20.4857
2.7141 1 2 20.7756
2.7157 1 2 20.9688
2.7173 1 2 21.7614
2.7189 1 2 21.9459
2.7205 1 2 22.052
2.7221 1 2 22.708
2.7237 1 2 23.469
2.7253 1 2 23.1989
2.7269 1 2 23.3899
2.7285 1 2 23.3191
2.7301 1 2 23.6182
2.7317 1 2 23.9791
2.7333 1 2 23.4893
2.7349 1 2 23.8686
2.7365 1 2 23.1851
2.7381 1 2 23.1494
2.7397 1 2 23.648
2.7413 1 2 24.2993
2.7429 1 2 24.2747
2.7445 1 2 25.2339
2.7461 1 2 24.9874
2.7477 1 2 24.8935
2.7493 1 2 25.2934
2.7509 1 2 25.3559
2.7525 1 2 25.07
2.7541 1 2 25.5558
2.7557 1 2 25.2797
2.7573 1 2 25.0619
2.7589 1 2 25.0508
2.7605 1 2 25.535
2.7621 1 2 25.3169
2.7637 1 2 25.2905
2.7653 1 2 25.2131
2.7669 1 2 25.8783
2.7685 1 2 25.2932
2.7701 1 2 24.4801
2.7717 1 2 23.9708
2.7733 1 2 24.3628
2.7749 1 2 24.2517
2.7765 1 2 24.0614
2.7781 1 2 24.0505
2.7797 1 2 23.8195
2.7813 1 2 24.0639
2.7829 1 2 24.3919
2.7845 1 2 24.0285
2.7861 1 2 24.0989
2.7877 1 2 24.0804
2.7893 1 2 23.7774
2.7909 1 2 23.464
2.7925 1 2 23.1805
2.7941 1 2 23.5994
2.7957 1 2 23.5197
2.7973 1 2 23.3215
2.7989 1 2 23.0232
2.8005 1 2 23.7104
2.8021 1 2 24.0163
2.8037 1 2 24.5293
2.8053 1 2 24.9694
2.8069 1 2 25.0506
2.8085 1 2 25.3167
2.8101 1 2 25.3387
2.8117 1 2 24.8165
2.8133 1 2 25.177
2.8149 1 2 25.2176
2.8165 1 2 23.8622
2.8181 1 2 23.7645
2.8197 1 2 23.4897
2.8213 1 2 23.5979
2.8229 1 2 23.7157
2.8245 1 2 23.6946
2.8261 1 2 23.2497
2.8277 1 2 23.2725
2.8293 1 2 23.5516
2.8309 1 2 23.5422
2.8325 1 2 23.8654
2.8341 1 2 23.7036
2.8357 1 2 23.9792
2.8373 1 2 24.3202
2.8389 1 2 24.769
2.8405 1 2 25.5013
2.8421 1 2 24.9589
2.8437 1 2 24.9383
2.8453 1 2 24.1789
2.8469 1 2 23.6977
2.8485 1 2 23.4814
2.8501 1 2 23.5812
2.8517 1 2 23.4807
2.8533 1 2 23.4832
2.8549 1 2 23.2527
2.8565 1 2 23.247
2.8581 1 2 23.5982
2.8597 1 2 23.3841
2.8613 1 2 23.468
2.8629 1 2 23.1946
2.8645 1 2 23.0963
2.8661 1 2 22.8482
2.8677 1 2 24.0238
2.8693 1 2 24.1497
2.8709 1 2 24.3751
2.8725 1 2 23.5738
2.8741 1 2 23.2032
2.8757 1 2 23.7213
2.8773 1 2 24.0792
2.8789 1 2 24.0374
2.8805 1 2 24.6277
2.8821 1 2 25.1487
2.8837 1 2 25.0266
2.8853 1 2 24.7758
2.8869 1 2 24.7171
2.8885 1 2 25.1095
2.8901 1 2 24.8924
2.8917 1 2 24.3959
2.8933 1 2 24.3178
2.8949 1 2 24.216
2.8965 1 2 23.8169
2.8981 1 2 23.7362
2.8997 1 2 23.7842
2.9013 1 2 23.4341
2.9029 1 2 24.1159
2.9045 1 2 24.0255
2.9061 1 2 24.2247
2.9077 1 2 24.3635
2.9093 1 2 24.4641
2.9109 1 2 24.7858
2.9125 1 2 24.8874
2.9141 1 2 24.8189
2.9157 1 2 24.1177
2.9173 1 2 24.6292
2.9189 1 2 24.5228
2.9205 1 2 24.1881
2.9221 1 2 23.8639
2.9237 1 2 24.2939
2.9253 1 2 24.2164
2.9269 1 2 24.3182
2.9285 1 2 24.6562
2.9301 1 2 24.6221
2.9317 1 2 24.7915
2.9333 1 2 24.5939
2.9349 1 2 23.8629
2.9365 1 2 24.0702
2.9381 1 2 24.3602
2.9397 1 2 24.6394
2.9413 1 2 24.8663
2.9429 1 2 25.0381
2.9445 1 2 25.2586
2.9461 1 2 25.8822
2.9477 1 2 26.155
2.9493 1 2 26.3621
2.9509 1 2 26.9567
2.9525 1 2 27.1779
2.9541 1 2 27.8759
2.9557 1 2 27.6418
2.9573 1 2 27.0203
2.9589 1 2 27.532
2.9605 1 2 27.8676
2.9621 1 2 27.6394
2.9637 1 2 27.6869
2.9653 1 2 27.2999
2.9669 1 2 26.7274
2.9685 1 2 26.6771
2.9701 1 2 26.6196
2.9717 1 2 27.1416
2.9733 1 2 26.9142
2.9749 1 2 27.0581
2.9765 1 2 26.9449
2.9781 1 2 27.1718
2.9797 1 2 27.1894
2.9813 1 2 27.5415
2.9829 1 2 27.3707
2.9845 1 2 27.1014
2.9861 1 2 27.5318
2.9877 1 2 27.7562
2.9893 1 2 27.4533
2.9909 1 2 27.6771
2.9925 1 2 27.4855
2.9941 1 2 27.5136
2.9957 1 2 27.1545
2.9973 1 2 27.0929
2.9989 1 2 27.1077
3.0005 1 2 27.3712
3.0021 1 2 27.4481
3.0037 1 2 26.9799
3.0053 1 2 27.4581
3.0069 1 2 27.4886
3.0085 1 2 27.532
3.0101 1 2 27.6245
3.0117 1 2 27.8584
3.0133 1 2 27.2006
3.0149 1 2 27.1404
3.0165 1 2 27.4384
3.0181 1 2 27.6323
3.0197 1 2 27.0075
3.0213 1 2 27.2957
3.0229 1 2 27.0505
3.0245 1 2 27.313
3.0261 1 2 27.4424
3.0277 1 2 27.6728
3.0293 1 2 27.5089
3.0309 1 2 27.0967
3.0325 1 2 27.3195
3.0341 1 2 27.0935
3.0357 1 2 27.1285
3.0373 1 2 27.482
3.0389 1 2 27.4089
3.0405 1 2 27.2123
3.0421 1 2 27.205
3.0437 1 2 27.7613
3.0453 1 2 27.2121
3.0469 1 2 27.0879
3.0485 1 2 28.0135
3.0501 1 2 28.9261
3.0517 1 2 29.3577
3.0533 1 2 29.7681
3.0549 1 2 29.989
3.0565 1 2 29.9405
3.0581 1 2 30.0418
3.0597 1 2 29.9842
3.0613 1 2 29.4146
3.0629 1 2 29.5306
3.0645 1 2 29.7244
3.0661 1 2 29.7975
3.0677 1 2 29.1448
3.0693 1 2 28.7286
3.0709 1 2 29.2002
3.0725 1 2 29.1605
3.0741 1 2 29.4104
3.0757 1 2 30.1697
3.0773 1 2 30.3683
3.0789 1 2 30.301
3.0805 1 2 30.2348
3.0821 1 2 30.1469
3.0837 1 2 29.0597
3.0853 1 2 29.4077
3.0869 1 2 29.5912
3.0885 1 2 29.2459
3.0901 1 2 29.1554
3.0917 1 2 29.49
3.0933 1 2 29.6963
3.0949 1 2 29.5559
3.0965 1 2 29.309
3.0981 1 2 29.5595
3.0997 1 2 28.8618
3.1013 1 2 29.4985
3.1029 1 2 29.4937
3.1045 1 2 29.4258
3.1061 1 2 29.6813
3.1077 1 2 30.1955
3.1093 1 2 29.7294
3.1109 1 2 29.827
3.1125 1 2 29.6684
3.1141 1 2 29.4011
3.1157 1 2 29.5876
3.1173 1 2 28.5747
3.1189 1 2 28.7195
3.1205 1 2 28.2538
3.1221 1 2 28.9958
3.1237 1 2 29.8562
3.1253 1 2 29.8337
3.1269 1 2 29.3734
3.1285 1 2 29.0822
3.1301 1 2 29.3748
3.1317 1 2 29.7864
3.1333 1 2 29.9978
3.1349 1 2 30.0988
3.1365 1 2 29.5424
3.1381 1 2 29.805
3.1397 1 2 29.5559
3.1413 1 2 29.6429
3.1429 1 2 28.9927
3.1445 1 2 28.8102
3.1461 1 2 28.7691
3.1477 1 2 28.9368
3.1493 1 2 29.2314
3.1509 1 2 29.4137
3.1525 1 2 29.3477
3.1541 1 2 29.3222
3.1557 1 2 29.2835
3.1573 1 2 29.3201
3.1589 1 2 28.993
3.1605 1 2 29.2043
3.1621 1 2 29.5369
3.1637 1 2 29.9991
3.1653 1 2 29.6499
3.1669 1 2 29.6502
3.1685 1 2 29.8167
3.1701 1 2 30.0057
3.1717 1 2 30.324
3.1733 1 2 29.6518
3.1749 1 2 29.34
3.1765 1 2 29.2088
3.1781 1 2 29.1925
3.1797 1 2 29.4596
3.1813 1 2 29.4728
3.1829 1 2 29.5168
3.1845 1 2 29.607
3.1861 1 2 30.0513
3.1877 1 2 29.6727
3.1893 1 2 30.0033
3.1909 1 2 29.8155
3.1925 1 2 29.8482
3.1941 1 2 29.5441
3.1957 1 2 29.4227
3.1973 1 2 28.8031
3.1989 1 2 28.8102
3.2005 1 2 28.8182
3.2021 1 2 29.0637
3.2037 1 2 29.3738
3.2053 1 2 29.1813
3.2069 1 2 28.9643
3.2085 1 2 28.7483
3.2101 1 2 28.8779
3.2117 1 2 28.9256
3.2133 1 2 29.0589
3.2149 1 2 29.714
3.2165 1 2 29.273
3.2181 1 2 29.6889
3.2197 1 2 29.8351
3.2213 1 2 29.8088
3.2229 1 2 30.5899
3.2245 1 2 30.1325
3.2261 1 2 30.0019
3.2277 1 2 30.2622
3.2293 1 2 30.3692
3.2309 1 2 30.3304
3.2325 1 2 30.6001
3.2341 1 2 31.1806
3.2357 1 2 31.6063
3.2373 1 2 32.4819
3.2389 1 2 32.7421
3.2405 1 2 32.7859
3.2421 1 2 33.5
3.2437 1 2 33.0904
3.2453 1 2 33.1871
3.2469 1 2 32.8425
3.2485 1 2 32.2648
3.2501 1 2 32.4439
3.2517 1 2 32.7336
3.2533 1 2 32.3554
3.2549 1 2 32.4833
3.2565 1 2 32.4826
3.2581 1 2 32.6341
3.2597 1 2 32.5563
3.2613 1 2 32.683
3.2629 1 2 32.4935
3.2645 1 2 31.9389
3.2661 1 2 32.2326
3.2677 1 2 32.4418
3.2693 1 2 32.4137
3.2709 1 2 32.6244
3.2725 1 2 32.8103
3.2741 1 2 33.0744
3.2757 1 2 33.2062
3.2773 1 2 32.4741
3.2789 1 2 32.2415
3.2805 1 2 32.4438
3.2821 1 2 32.6896
3.2837 1 2 32.82
3.2853 1 2 32.8018
3.2869 1 2 32.4259
3.2885 1 2 32.5143
3.2901 1 2 32.6209
3.2917 1 2 33.0099
3.2933 1 2 33.4982
3.2949 1 2 33.6196
3.2965 1 2 34.2601
3.2981 1 2 34.9829
3.2997 1 2 35.12
3.3013 1 2 35.1503
3.3029 1 2 34.2206
3.3045 1 2 34.2736
3.3061 1 2 34.0094
3.3077 1 2 33.8679
3.3093 1 2 33.35
3.3109 1 2 33.2224
3.3125 1 2 33.2047
3.3141 1 2 32.9583
3.3157 1 2 33.2647
3.3173 1 2 33.1134
3.3189 1 2 33.238
3.3205 1 2 32.6773
3.3221 1 2 32.4581
3.3237 1 2 32.1992
3.3253 1 2 32.4451
3.3269 1 2 33.2826
3.3285 1 2 33.5938
3.3301 1 2 33.7865
3.3317 1 2 34.1512
3.3333 1 2 34.2379
3.3349 1 2 34.1536
3.3365 1 2 34.7132
3.3381 1 2 34.604
3.3397 1 2 34.811
3.3413 1 2 34.59
3.3429 1 2 35.0427
3.3445 1 2 34.5926
3.3461 1 2 34.3061
3.3477 1 2 33.7914
3.3493 1 2 33.8525
3.3509 1 2 33.8656
3.3525 1 2 33.5986
3.3541 1 2 33.1033
3.3557 1 2 33.7273
3.3573 1 2 33.8578
3.3589 1 2 33.955
3.3605 1 2 33.7488
3.3621 1 2 33.3938
3.3637 1 2 32.9829
3.3653 1 2 33.2634
3.3669 1 2 33.5222
3.3685 1 2 33.9692
3.3701 1 2 33.4811
3.3717 1 2 33.1735
3.3733 1 2 32.9167
3.3749 1 2 33.2724
3.3765 1 2 33.008
3.3781 1 2 32.8506
3.3797 1 2 32.9776
3.3813 1 2 32.3939
3.3829 1 2 32.377
3.3845 1 2 32.6211
3.3861 1 2 32.4927
3.3877 1 2 32.5978
3.3893 1 2 32.8286
3.3909 1 2 32.7245
3.3925 1 2 32.2464
3.3941 1 2 32.457
3.3957 1 2 32.4072
3.3973 1 2 32.5345
3.3989 1 2 32.9378
3.4005 1 2 33.1546
3.4021 1 2 33.1023
3.4037 1 2 33.4568
3.4053 1 2 33.5154
3.4069 1 2 34.473
3.4085 1 2 34.4479
3.4101 1 2 34.7577
3.4117 1 2 34.8985
3.4133 1 2 34.8778
3.4149 1 2 34.7088
3.4165 1 2 35.2028
3.4181 1 2 35.456
3.4197 1 2 34.4241
3.4213 1 2 34.1904
3.4229 1 2 34.5851
3.4245 1 2 34.8731
3.4261 1 2 35.105
3.4277 1 2 34.7696
3.4293 1 2 35.1623
3.4309 1 2 35.0986
3.4325 1 2 35.2613
3.4341 1 2 35.5333
3.4357 1 2 35.6351
3.4373 1 2 36.4835
3.4389 1 2 35.9811
3.4405 1 2 34.7931
3.4421 1 2 35.4328
3.4437 1 2 35.4362
3.4453 1 2 34.8555
3.4469 1 2 34.4387
3.4485 1 2 34.8058
3.4501 1 2 35.0129
3.4517 1 2 35.4628
3.4533 1 2 35.8498
3.4549 1 2 35.8987
3.4565 1 2 35.2159
3.4581 1 2 35.241
3.4597 1 2 35.5116
3.4613 1 2 35.0135
3.4629 1 2 35.1866
3.4645 1 2 34.574
3.4661 1 2 34.4882
3.4677 1 2 34.5334
3.4693 1 2 34.7038
3.4709 1 2 34.8295
3.4725 1 2 34.5756
3.4741 1 2 34.2586
3.4757 1 2 34.5092
3.4773 1 2 34.3069
3.4789 1 2 34.4973
3.4805 1 2 34.0052
3.4821 1 2 33.7824
3.4837 1 2 34.1041
3.4853 1 2 34.1876
3.4869 1 2 34.6192
3.4885 1 2 34.4566
3.4901 1 2 34.0421
3.4917 1 2 34.3834
3.4933 1 2 34.4399
3.4949 1 2 33.5664
3.4965 1 2 33.7902
3.4981 1 2 33.8717
3.4997 1 2 34.1814
3.5013 1 2 34.4492
3.5029 1 2 34.1343
3.5045 1 2 33.3885
3.5061 1 2 32.6481
3.5077 1 2 32.1998
3.5093 1 2 32.2749
3.5109 1 2 32.3217
3.5125 1 2 33.1226
3.5141 1 2 32.613
3.5157 1 2 32.5977
3.5173 1 2 32.5258
3.5189 1 2 32.4367
3.5205 1 2 32.1586
3.5221 1 2 31.9021
3.5237 1 2 32.2116
3.5253 1 2 32.0203
3.5269 1 2 32.0001
3.5285 1 2 32.2306
3.5301 1 2 32.2603
3.5317 1 2 31.8921
3.5333 1 2 31.5164
3.5349 1 2 31.001
3.5365 1 2 30.975
3.5381 1 2 30.9559
3.5397 1 2 30.8389
3.5413 1 2 31.1845
3.5429 1 2 32.19
3.5445 1 2 31.981
3.5461 1 2 31.4529
3.5477 1 2 30.9904
3.5493 1 2 31.3559
3.5509 1 2 31.9971
3.5525 1 2 31.8068
3.5541 1 2 32.168
3.5557 1 2 32.2635
3.5573 1 2 32.4536
3.5589 1 2 32.2352
3.5605 1 2 32.7668
3.5621 1 2 32.7629
3.5637 1 2 32.456
3.5653 1 2 32.2537
3.5669 1 2 32.9905
3.5685 1 2 33.4363
3.5701 1 2 33.483
3.5717 1 2 32.9784
3.5733 1 2 33.6637
3.5749 1 2 33.6926
3.5765 1 2 33.9139
3.5781 1 2 33.8273
3.5797 1 2 33.5407
3.5813 1 2 33.0501
3.5829 1 2 33.1239
3.5845 1 2 32.617
3.5861 1 2 33.3294
3.5877 1 2 32.9393
3.5893 1 2 33.0864
3.5909 1 2 32.7791
3.5925 1 2 32.2357
3.5941 1 2 32.4349
3.5957 1 2 32.2254
3.5973 1 2 31.4962
3.5989 1 2 31.2378
3.6005 1 2 30.451
3.6021 1 2 30.4505
3.6037 1 2 30.4914
3.6053 1 2 30.0712
3.6069 1 2 30.1582
3.6085 1 2 30.2638
3.6101 1 2 30.4346
3.6117 1 2 30.0047
3.6133 1 2 29.5603
3.6149 1 2 29.1703
3.6165 1 2 28.945
3.6181 1 2 28.4117
3.6197 1 2 28.1164
3.6213 1 2 28.8875
3.6229 1 2 29.4793
3.6245 1 2 29.3383
3.6261 1 2 29.4068
3.6277 1 2 29.0939
3.6293 1 2 29.2415
3.6309 1 2 28.7084
3.6325 1 2 29.3637
3.6341 1 2 29.5278
3.6357 1 2 30.2466
3.6373 1 2 31.0146
3.6389 1 2 30.6757
3.6405 1 2 30.8186
3.6421 1 2 30.4512
3.6437 1 2 30.8097
3.6453 1 2 30.4069
3.6469 1 2 31.5192
3.6485 1 2 31.7429
3.6501 1 2 31.5843
3.6517 1 2 31.7662
3.6533 1 2 31.5561
3.6549 1 2 30.9181
3.6565 1 2 30.9123
3.6581 1 2 31.1568
3.6597 1 2 31.3978
3.6613 1 2 31.1571
3.6629 1 2 31.4006
3.6645 1 2 31.5688
3.6661 1 2 30.9333
3.6677 1 2 31.36
3.6693 1 2 31.6126
3.6709 1 2 32.0071
3.6725 1 2 32.5679
3.6741 1 2 32.3841
3.6757 1 2 32.5785
3.6773 1 2 32.3393
3.6789 1 2 32.4546
3.6805 1 2 32.3836
3.6821 1 2 32.4479
3.6837 1 2 32.9072
3.6853 1 2 32.9041
3.6869 1 2 33.3479
3.6885 1 2 33.9777
3.6901 1 2 34.1437
3.6917 1 2 34.0481
3.6933 1 2 33.8766
3.6949 1 2 34.5207
3.6965 1 2 33.8833
3.6981 1 2 34.0457
3.6997 1 2 33.5756
3.7013 1 2 33.0668
3.7029 1 2 32.9716
3.7045 1 2 33.9153
3.7061 1 2 34.1153
3.7077 1 2 34.4445
3.7093 1 2 34.4108
3.7109 1 2 33.8246
3.7125 1 2 34.5225
3.7141 1 2 34.6845
3.7157 1 2 34.475
3.7173 1 2 34.5677
3.7189 1 2 34.4301
3.7205 1 2 34.9362
3.7221 1 2 34.8017
3.7237 1 2 35.3512
3.7253 1 2 35.4958
3.7269 1 2 35.1943
3.7285 1 2 35.0129
3.7301 1 2 35.0612
3.7317 1 2 35.2463
3.7333 1 2 35.7698
3.7349 1 2 35.6519
3.7365 1 2 35.3251
3.7381 1 2 35.5206
3.7397 1 2 35.7211
3.7413 1 2 36.3898
3.7429 1 2 36.0653
3.7445 1 2 36.4341
3.7461 1 2 36.4076
3.7477 1 2 35.8695
3.7493 1 2 35.2052
3.7509 1 2 34.9543
3.7525 1 2 35.7259
3.7541 1 2 36.1424
3.7557 1 2 35.3823
3.7573 1 2 34.8948
3.7589 1 2 35.1678
3.7605 1 2 35.2558
3.7621 1 2 35.4449
3.7637 1 2 35.8444
3.7653 1 2 35.5747
3.7669 1 2 35.2886
3.7685 1 2 34.7965
3.7701 1 2 34.8681
3.7717 1 2 34.8429
3.7733 1 2 34.7594
3.7749 1 2 34.5548
3.7765 1 2 34.5384
3.7781 1 2 34.3566
3.7797 1 2 34.3806
3.7813 1 2 34.1389
3.7829 1 2 34.6248
3.7845 1 2 34.4138
3.7861 1 2 34.7418
3.7877 1 2 35.0782
3.7893 1 2 35.453
3.7909 1 2 36.0567
3.7925 1 2 36.6234
3.7941 1 2 36.1476
3.7957 1 2 36.4263
3.7973 1 2 36.7998
3.7989 1 2 36.5243
3.8005 1 2 36.3181
3.8021 1 2 36.0479
3.8037 1 2 35.4151
3.8053 1 2 35.4407
3.8069 1 2 35.0031
3.8085 1 2 35.3574
3.8101 1 2 35.7052
3.8117 1 2 35.5311
3.8133 1 2 35.3882
3.8149 1 2 35.3285
3.8165 1 2 36.047
3.8181 1 2 35.8657
3.8197 1 2 35.4977
3.8213 1 2 35.9922
3.8229 1 2 35.6965
3.8245 1 2 36.0429
3.8261 1 2 36.5826
3.8277 1 2 36.3057
3.8293 1 2 37.2623
3.8309 1 2 36.9059
3.8325 1 2 36.2094
3.8341 1 2 36.2799
3.8357 1 2 36.8962
3.8373 1 2 36.7819
3.8389 1 2 37.0814
3.8405 1 2 37.5509
3.8421 1 2 37.3909
3.8437 1 2 37.4997
3.8453 1 2 37.0922
3.8469 1 2 37.2334
3.8485 1 2 36.6935
3.8501 1 2 36.82
3.8517 1 2 36.443
3.8533 1 2 36.1119
3.8549 1 2 36.0322
3.8565 1 2 35.9968
3.8581 1 2 36.7401
3.8597 1 2 36.9648
3.8613 1 2 36.5456
3.8629 1 2 37.0487
3.8645 1 2 37.1936
3.8661 1 2 36.5172
3.8677 1 2 36.3163
3.8693 1 2 36.5099
3.8709 1 2 36.0454
3.8725 1 2 36.1521
3.8741 1 2 36.1237
3.8757 1 2 35.7845
3.8773 1 2 36.0331
3.8789 1 2 35.3003
3.8805 1 2 35.8382
3.8821 1 2 36.14
3.8837 1 2 36.2948
3.8853 1 2 35.6627
3.8869 1 2 35.8935
3.8885 1 2 36.0081
3.8901 1 2 35.9063
3.8917 1 2 35.891
3.8933 1 2 35.8196
3.8949 1 2 36.1501
3.8965 1 2 36.1637
3.8981 1 2 36.7382
3.8997 1 2 36.4601
3.9013 1 2 36.4827
3.9029 1 2 36.2425
3.9045 1 2 36.4955
3.9061 1 2 36.0427
3.9077 1 2 36.4767
3.9093 1 2 36.1417
3.9109 1 2 35.4979
3.9125 1 2 34.9353
3.9141 1 2 35.1658
3.9157 1 2 35.8563
3.9173 1 2 35.2658
3.9189 1 2 36.1159
3.9205 1 2 36.0298
3.9221 1 2 36.1974
3.9237 1 2 36.4793
3.9253 1 2 36.3702
3.9269 1 2 36.153
3.9285 1 2 37.062
3.9301 1 2 36.5371
3.9317 1 2 36.5092
3.9333 1 2 35.9082
3.9349 1 2 35.4725
3.9365 1 2 35.4263
3.9381 1 2 35.2599
3.9397 1 2 35.8019
3.9413 1 2 36.9639
3.9429 1 2 36.5537
3.9445 1 2 36.9417
3.9461 1 2 37.3171
3.9477 1 2 36.9782
3.9493 1 2 36.7217
3.9509 1 2 36.4614
3.9525 1 2 35.6989
3.9541 1 2 35.7412
3.9557 1 2 35.9898
3.9573 1 2 35.6849
3.9589 1 2 35.6647
3.9605 1 2 35.7048
3.9621 1 2 36.2257
3.9637 1 2 36.0413
3.9653 1 2 36.1983
3.9669 1 2 35.916
3.9685 1 2 35.5525
3.9701 1 2 35.8974
3.9717 1 2 35.8858
3.9733 1 2 35.8577
3.9749 1 2 35.9004
3.9765 1 2 36.2784
3.9781 1 2 36.3762
3.9797 1 2 37.0063
3.9813 1 2 36.9489
3.9829 1 2 36.7505
3.9845 1 2 36.833
3.9861 1 2 37.3329
3.9877 1 2 36.8767
3.9893 1 2 37.1006
3.9909 1 2 36.4578
3.9925 1 2 36.233
3.9941 1 2 36.8686
3.9957 1 2 36.9971
3.9973 1 2 37.5857
3.9989 1 2 37.4882
4.0005 1 2 37.9236
4.0021 1 2 37.4808
4.0037 1 2 37.69
4.0053 1 2 37.8628
4.0069 1 2 37.7703
4.0085 1 2 37.7457
4.0101 1 2 37.8932
4.0117 1 2 37.5476
4.0133 1 2 36.856
4.0149 1 2 37.1533
4.0165 1 2 37.3476
4.0181 1 2 37.3244
4.0197 1 2 37.0107
4.0213 1 2 37.0406
4.0229 1 2 36.8407
4.0245 1 2 37.3003
4.0261 1 2 37.7626
4.0277 1 2 38.0369
4.0293 1 2 37.9694
4.0309 1 2 38.0478
4.0325 1 2 38.244
4.0341 1 2 38.2227
4.0357 1 2 37.8184
4.0373 1 2 37.6016
4.0389 1 2 37.1077
4.0405 1 2 37.162
4.0421 1 2 36.8708
4.0437 1 2 37.1829
4.0453 1 2 37.1132
4.0469 1 2 36.7992
4.0485 1 2 36.8986
4.0501 1 2 37.1276
4.0517 1 2 37.719
4.0533 1 2 37.9059
4.0549 1 2 38.0196
4.0565 1 2 38.3045
4.0581 1 2 38.8439
4.0597 1 2 38.9554
4.0613 1 2 39.1808
4.0629 1 2 39.0181
4.0645 1 2 38.9947
4.0661 1 2 38.6838
4.0677 1 2 38.1232
4.0693 1 2 37.764
4.0709 1 2 37.6287
4.0725 1 2 37.5552
4.0741 1 2 37.5509
4.0757 1 2 37.1662
4.0773 1 2 36.7604
4.0789 1 2 36.5324
4.0805 1 2 36.2919
4.0821 1 2 37.0445
4.0837 1 2 36.8367
4.0853 1 2 37.665
4.0869 1 2 37.1402
4.0885 1 2 36.9453
4.0901 1 2 37.0869
4.0917 1 2 36.9953
4.0933 1 2 36.4391
4.0949 1 2 36.9518
4.0965 1 2 37.443
4.0981 1 2 37.2582
4.0997 1 2 37.1546
4.1013 1 2 37.0844
4.1029 1 2 37.3204
4.1045 1 2 37.5008
4.1061 1 2 37.3434
4.1077 1 2 36.9275
4.1093 1 2 36.2226
4.1109 1 2 36.3399
4.1125 1 2 36.311
4.1141 1 2 35.9345
4.1157 1 2 35.6925
4.1173 1 2 35.1285
4.1189 1 2 35.3547
4.1205 1 2 35.1894
4.1221 1 2 35.358
4.1237 1 2 34.6677
4.1253 1 2 34.4422
4.1269 1 2 35.0373
4.1285 1 2 35.2369
4.1301 1 2 35.6125
4.1317 1 2 34.7401
4.1333 1 2 34.8207
4.1349 1 2 34.5607
4.1365 1 2 34.2052
4.1381 1 2 34.7306
4.1397 1 2 34.1309
4.1413 1 2 32.7536
4.1429 1 2 33.6274
4.1445 1 2 33.3407
4.1461 1 2 33.6838
4.1477 1 2 34.3908
4.1493 1 2 33.869
4.1509 1 2 34.6633
4.1525 1 2 34.6177
4.1541 1 2 34.1378
4.1557 1 2 34.1798
4.1573 1 2 33.3969
4.1589 1 2 33.593
4.1605 1 2 34.2553
4.1621 1 2 34.5867
4.1637 1 2 34.8117
4.1653 1 2 35.3014
4.1669 1 2 35.3162
4.1685 1 2 34.9283
4.1701 1 2 34.4564
4.1717 1 2 35.6902
4.1733 1 2 35.3407
4.1749 1 2 35.7236
4.1765 1 2 35.7516
4.1781 1 2 36.0264
4.1797 1 2 36.2013
4.1813 1 2 36.2692
4.1829 1 2 36.5725
4.1845 1 2 36.9995
4.1861 1 2 37.3406
4.1877 1 2 36.6167
4.1893 1 2 36.8927
4.1909 1 2 36.9107
4.1925 1 2 36.4029
4.1941 1 2 36.2219
4.1957 1 2 36.2996
4.1973 1 2 36.2941
4.1989 1 2 36.8743
4.2005 1 2 36.6511
4.2021 1 2 36.5984
4.2037 1 2 36.0124
4.2053 1 2 35.0688
4.2069 1 2 35.0661
4.2085 1 2 35.3356
4.2101 1 2 35.0156
4.2117 1 2 34.9751
4.2133 1 2 35.4091
4.2149 1 2 34.697
4.2165 1 2 33.7296
4.2181 1 2 34.4317
4.2197 1 2 34.1597
4.2213 1 2 34.0669
4.2229 1 2 34.5596
4.2245 1 2 34.5057
4.2261 1 2 35.0179
4.2277 1 2 34.6885
4.2293 1 2 34.5673
4.2309 1 2 34.7984
4.2325 1 2 35.5322
4.2341 1 2 35.7465
4.2357 1 2 35.8505
4.2373 1 2 35.5328
4.2389 1 2 35.2082
4.2405 1 2 34.4393
4.2421 1 2 34.7532
4.2437 1 2 34.6404
4.2453 1 2 34.6059
4.2469 1 2 34.8741
4.2485 1 2 35.2656
4.2501 1 2 35.4866
4.2517 1 2 36.2906
4.2533 1 2 36.5781
4.2549 1 2 36.4333
4.2565 1 2 36.353
4.2581 1 2 36.4029
4.2597 1 2 36.483
4.2613 1 2 36.3852
4.2629 1 2 35.9038
4.2645 1 2 35.8293
4.2661 1 2 35.0644
4.2677 1 2 35.8443
4.2693 1 2 35.689
4.2709 1 2 35.9986
4.2725 1 2 36.35
4.2741 1 2 36.5909
4.2757 1 2 36.8486
4.2773 1 2 36.4488
4.2789 1 2 36.0232
4.2805 1 2 37.2534
4.2821 1 2 37.1518
4.2837 1 2 36.7966
4.2853 1 2 36.4788
4.2869 1 2 35.7006
4.2885 1 2 36.198
4.2901 1 2 35.8752
4.2917 1 2 35.7872
4.2933 1 2 36.3157
4.2949 1 2 36.1106
4.2965 1 2 36.1142
4.2981 1 2 36.2276
4.2997 1 2 36.0389
4.3013 1 2 35.5338
4.3029 1 2 35.7631
4.3045 1 2 35.8896
4.3061 1 2 35.9094
4.3077 1 2 36.4165
4.3093 1 2 36.5562
4.3109 1 2 36.2065
4.3125 1 2 35.8203
4.3141 1 2 35.7024
4.3157 1 2 35.4368
4.3173 1 2 34.9904
4.3189 1 2 35.0179
4.3205 1 2 34.8087
4.3221 1 2 34.7717
4.3237 1 2 35.1731
4.3253 1 2 34.7686
4.3269 1 2 35.1809
4.3285 1 2 34.9505
4.3301 1 2 35.0707
4.3317 1 2 35.4554
4.3333 1 2 36.0331
4.3349 1 2 35.9273
4.3365 1 2 36.0797
4.3381 1 2 36.0226
4.3397 1 2 36.4848
4.3413 1 2 35.8933
4.3429 1 2 36.022
4.3445 1 2 36.5911
4.3461 1 2 35.8625
4.3477 1 2 35.0107
4.3493 1 2 34.3456
4.3509 1 2 34.7381
4.3525 1 2 34.8251
4.3541 1 2 35.0847
4.3557 1 2 35.2818
4.3573 1 2 34.7316
4.3589 1 2 33.8476
4.3605 1 2 34.1106
4.3621 1 2 33.7503
4.3637 1 2 33.3659
4.3653 1 2 33.7414
4.3669 1 2 34.2707
4.3685 1 2 34.1007
4.3701 1 2 34.6165
4.3717 1 2 34.3924
4.3733 1 2 34.1338
4.3749 1 2 34.0213
4.3765 1 2 33.8271
4.3781 1 2 33.5017
4.3797 1 2 33.6946
4.3813 1 2 34.0528
4.3829 1 2 33.6591
4.3845 1 2 34.1402
4.3861 1 2 34.4416
4.3877 1 2 33.8618
4.3893 1 2 33.8003
4.3909 1 2 33.6154
4.3925 1 2 34.1064
4.3941 1 2 33.9949
4.3957 1 2 33.5713
4.3973 1 2 33.6931
4.3989 1 2 34.0683
4.4005 1 2 33.9209
4.4021 1 2 34.0705
4.4037 1 2 33.9839
4.4053 1 2 33.6739
4.4069 1 2 33.2845
4.4085 1 2 33.5654
4.4101 1 2 34.1735
4.4117 1 2 33.9341
4.4133 1 2 34.07
4.4149 1 2 33.9263
4.4165 1 2 34.0364
4.4181 1 2 33.6743
4.4197 1 2 34.0194
4.4213 1 2 34.1506
4.4229 1 2 34.4399
4.4245 1 2 33.9766
4.4261 1 2 34.3973
4.4277 1 2 33.6585
4.4293 1 2 33.7414
4.4309 1 2 33.7163
4.4325 1 2 34.144
4.4341 1 2 34.1905
4.4357 1 2 33.8339
4.4373 1 2 33.5441
4.4389 1 2 33.0325
4.4405 1 2 33.0755
4.4421 1 2 33.4825
4.4437 1 2 33.2877
4.4453 1 2 33.7201
4.4469 1 2 33.5397
4.4485 1 2 33.6335
4.4501 1 2 34.3944
4.4517 1 2 33.9275
4.4533 1 2 33.9657
4.4549 1 2 33.6288
4.4565 1 2 33.7194
4.4581 1 2 33.3094
4.4597 1 2 33.198
4.4613 1 2 33.5293
4.4629 1 2 33.2344
4.4645 1 2 33.2311
4.4661 1 2 33.2759
4.4677 1 2 33.8897
4.4693 1 2 33.3527
4.4709 1 2 33.7011
4.4725 1 2 33.7173
4.4741 1 2 33.6126
4.4757 1 2 33.6574
4.4773 1 2 33.292
4.4789 1 2 33.3197
4.4805 1 2 32.6552
4.4821 1 2 32.6823
4.4837 1 2 32.262
4.4853 1 2 32.0791
4.4869 1 2 31.6724
4.4885 1 2 31.4133
4.4901 1 2 30.6934
4.4917 1 2 30.3692
4.4933 1 2 30.4834
4.4949 1 2 30.6292
4.4965 1 2 30.2519
4.4981 1 2 30.473
4.4997 1 2 30.3575
