0.0005 1 2 32.448
0.0021 1 2 32.448
0.0037 1 2 32.448
0.0053 1 2 32.448
0.0069 1 2 32.448
0.0085 1 2 32.448
0.0101 1 2 32.448
0.0117 1 2 32.448
0.0133 1 2 32.448
0.0149 1 2 32.448
0.0165 1 2 32.448
0.0181 1 2 32.448
0.0197 1 2 32.448
0.0213 1 2 32.448
0.0229 1 2 32.448
0.0245 1 2 32.448
0.0261 1 2 32.448
0.0277 1 2 32.448
0.0293 1 2 32.448
0.0309 1 2 32.448
0.0325 1 2 32.448
0.0341 1 2 32.448
0.0357 1 2 32.448
0.0373 1 2 32.448
0.0389 1 2 32.448
0.0405 1 2 32.4241
0.0421 1 2 32.462
0.0437 1 2 32.4904
0.0453 1 2 32.4814
0.0469 1 2 32.5296
0.0485 1 2 32.5201
0.0501 1 2 32.5324
0.0517 1 2 32.4639
0.0533 1 2 32.4551
0.0549 1 2 32.5543
0.0565 1 2 32.4561
0.0581 1 2 32.6123
0.0597 1 2 32.548
0.0613 1 2 32.6537
0.0629 1 2 32.4919
0.0645 1 2 32.5677
0.0661 1 2 32.576
0.0677 1 2 32.668
0.0693 1 2 32.4387
0.0709 1 2 32.4792
0.0725 1 2 32.5167
0.0741 1 2 32.5316
0.0757 1 2 32.5778
0.0773 1 2 32.4514
0.0789 1 2 32.5966
0.0805 1 2 32.4451
0.0821 1 2 32.5428
0.0837 1 2 32.459
0.0853 1 2 32.5265
0.0869 1 2 32.5478
0.0885 1 2 32.5765
0.0901 1 2 32.6412
0.0917 1 2 32.5339
0.0933 1 2 32.6101
0.0949 1 2 32.5178
0.0965 1 2 32.4718
0.0981 1 2 32.4562
0.0997 1 2 32.5215
0.1013 1 2 32.5194
0.1029 1 2 32.4679
0.1045 1 2 32.5689
0.1061 1 2 32.5058
0.1077 1 2 32.5993
0.1093 1 2 32.5022
0.1109 1 2 32.545
0.1125 1 2 32.5725
0.1141 1 2 32.4821
0.1157 1 2 32.474
0.1173 1 2 32.4925
0.1189 1 2 32.4244
0.1205 1 2 32.5433
0.1221 1 2 32.5902
0.1237 1 2 32.5392
0.1253 1 2 32.5109
0.1269 1 2 32.534
0.1285 1 2 32.5034
0.1301 1 2 32.6184
0.1317 1 2 32.649
0.1333 1 2 32.5094
0.1349 1 2 32.5071
0.1365 1 2 32.5659
0.1381 1 2 32.5547
0.1397 1 2 32.4589
0.1413 1 2 32.5538
0.1429 1 2 32.576
0.1445 1 2 32.5285
0.1461 1 2 32.4414
0.1477 1 2 32.4911
0.1493 1 2 32.6185
0.1509 1 2 32.4727
0.1525 1 2 32.5098
0.1541 1 2 32.4743
0.1557 1 2 32.484
0.1573 1 2 32.4975
0.1589 1 2 32.5655
0.1605 1 2 32.5567
0.1621 1 2 32.4988
0.1637 1 2 32.5853
0.1653 1 2 32.5261
0.1669 1 2 32.6106
0.1685 1 2 32.4769
0.1701 1 2 32.5396
0.1717 1 2 32.6142
0.1733 1 2 32.5561
0.1749 1 2 32.414
0.1765 1 2 32.486
0.1781 1 2 32.6294
0.1797 1 2 32.5003
0.1813 1 2 32.5342
0.1829 1 2 32.4928
0.1845 1 2 32.5235
0.1861 1 2 32.5931
0.1877 1 2 32.6098
0.1893 1 2 32.5138
0.1909 1 2 32.4596
0.1925 1 2 32.6106
0.1941 1 2 32.537
0.1957 1 2 32.5912
0.1973 1 2 32.5139
0.1989 1 2 32.5586
0.2005 1 2 32.4951
0.2021 1 2 32.4998
0.2037 1 2 32.4478
0.2053 1 2 32.512
0.2069 1 2 32.5833
0.2085 1 2 32.5433
0.2101 1 2 32.5719
0.2117 1 2 32.567
0.2133 1 2 32.4771
0.2149 1 2 32.4401
0.2165 1 2 32.5064
0.2181 1 2 32.5115
0.2197 1 2 32.4926
0.2213 1 2 32.4559
0.2229 1 2 32.4826
0.2245 1 2 32.4788
0.2261 1 2 32.487
0.2277 1 2 32.6224
0.2293 1 2 32.4921
0.2309 1 2 32.4903
0.2325 1 2 32.523
0.2341 1 2 32.5428
0.2357 1 2 32.4695
0.2373 1 2 32.5096
0.2389 1 2 32.4739
0.2405 1 2 32.559
0.2421 1 2 32.5292
0.2437 1 2 32.5084
0.2453 1 2 32.4674
0.2469 1 2 32.6176
0.2485 1 2 32.6695
0.2501 1 2 32.4622
0.2517 1 2 32.5313
0.2533 1 2 32.5858
0.2549 1 2 32.4975
0.2565 1 2 32.6241
0.2581 1 2 32.512
0.2597 1 2 32.5261
0.2613 1 2 32.505
0.2629 1 2 32.5081
0.2645 1 2 32.4365
0.2661 1 2 32.5141
0.2677 1 2 32.5031
0.2693 1 2 32.5131
0.2709 1 2 32.5474
0.2725 1 2 32.5443
0.2741 1 2 32.4584
0.2757 1 2 32.5331
0.2773 1 2 32.5031
0.2789 1 2 32.6492
0.2805 1 2 32.5194
0.2821 1 2 32.4913
0.2837 1 2 32.4836
0.2853 1 2 32.6184
0.2869 1 2 32.505
0.2885 1 2 32.4265
0.2901 1 2 32.4624
0.2917 1 2 32.5618
0.2933 1 2 32.4705
0.2949 1 2 32.5113
0.2965 1 2 32.5675
0.2981 1 2 32.505
0.2997 1 2 32.5073
0.3013 1 2 32.6362
0.3029 1 2 32.5212
0.3045 1 2 32.5117
0.3061 1 2 32.5391
0.3077 1 2 32.4833
0.3093 1 2 32.4843
0.3109 1 2 32.5368
0.3125 1 2 32.4931
0.3141 1 2 32.4952
0.3157 1 2 32.6282
0.3173 1 2 32.5414
0.3189 1 2 32.5606
0.3205 1 2 32.5174
0.3221 1 2 32.5918
0.3237 1 2 32.5566
0.3253 1 2 32.5949
0.3269 1 2 32.6
0.3285 1 2 32.4878
0.3301 1 2 32.4915
0.3317 1 2 32.5072
0.3333 1 2 32.5081
0.3349 1 2 32.6118
0.3365 1 2 32.5836
0.3381 1 2 32.5161
0.3397 1 2 32.4875
0.3413 1 2 32.5126
0.3429 1 2 32.545
0.3445 1 2 32.4926
0.3461 1 2 32.5601
0.3477 1 2 32.4776
0.3493 1 2 32.4554
0.3509 1 2 32.572
0.3525 1 2 32.4272
0.3541 1 2 32.5266
0.3557 1 2 32.4893
0.3573 1 2 32.5009
0.3589 1 2 32.44
0.3605 1 2 32.4976
0.3621 1 2 32.4365
0.3637 1 2 32.4965
0.3653 1 2 32.4766
0.3669 1 2 32.5364
0.3685 1 2 32.4669
0.3701 1 2 32.4647
0.3717 1 2 32.5498
0.3733 1 2 32.4599
0.3749 1 2 32.6445
0.3765 1 2 32.5635
0.3781 1 2 32.4912
0.3797 1 2 32.4952
0.3813 1 2 32.536
0.3829 1 2 32.453
0.3845 1 2 32.4883
0.3861 1 2 32.547
0.3877 1 2 32.557
0.3893 1 2 32.6058
0.3909 1 2 32.6694
0.3925 1 2 32.5281
0.3941 1 2 32.5542
0.3957 1 2 32.5125
0.3973 1 2 32.4608
0.3989 1 2 32.4337
0.4005 1 2 32.4104
0.4021 1 2 32.4903
0.4037 1 2 32.4463
0.4053 1 2 32.5495
0.4069 1 2 32.5288
0.4085 1 2 32.4691
0.4101 1 2 32.4771
0.4117 1 2 32.503
0.4133 1 2 32.5319
0.4149 1 2 32.4517
0.4165 1 2 32.5284
0.4181 1 2 32.5158
0.4197 1 2 32.5249
0.4213 1 2 32.4571
0.4229 1 2 32.4586
0.4245 1 2 32.4675
0.4261 1 2 32.5176
0.4277 1 2 32.5071
0.4293 1 2 32.5383
0.4309 1 2 32.4751
0.4325 1 2 32.519
0.4341 1 2 32.516
0.4357 1 2 32.5054
0.4373 1 2 32.5377
0.4389 1 2 32.4961
0.4405 1 2 32.529
0.4421 1 2 32.4564
0.4437 1 2 32.5502
0.4453 1 2 32.5531
0.4469 1 2 32.5027
0.4485 1 2 32.4958
0.4501 1 2 32.5324
0.4517 1 2 32.5237
0.4533 1 2 32.5088
0.4549 1 2 32.5369
0.4565 1 2 32.6259
0.4581 1 2 32.4932
0.4597 1 2 32.6266
0.4613 1 2 32.4346
0.4629 1 2 32.4767
0.4645 1 2 32.4771
0.4661 1 2 32.4828
0.4677 1 2 32.4457
0.4693 1 2 32.4281
0.4709 1 2 32.5517
0.4725 1 2 32.4503
0.4741 1 2 32.4558
0.4757 1 2 32.4962
0.4773 1 2 32.5563
0.4789 1 2 32.3884
0.4805 1 2 32.5027
0.4821 1 2 32.52
0.4837 1 2 32.3899
0.4853 1 2 32.4996
0.4869 1 2 32.5161
0.4885 1 2 32.5176
0.4901 1 2 32.4565
0.4917 1 2 32.5491
0.4933 1 2 32.5334
0.4949 1 2 32.5133
0.4965 1 2 32.4618
0.4981 1 2 32.5956
0.4997 1 2 32.6011
0.5013 1 2 32.6223
0.5029 1 2 32.4995
0.5045 1 2 32.6246
0.5061 1 2 32.5747
0.5077 1 2 32.4795
0.5093 1 2 32.556
0.5109 1 2 32.484
0.5125 1 2 32.4335
0.5141 1 2 32.5324
0.5157 1 2 32.5203
0.5173 1 2 32.6418
0.5189 1 2 32.4942
0.5205 1 2 32.5316
0.5221 1 2 32.457
0.5237 1 2 32.6113
0.5253 1 2 32.5858
0.5269 1 2 32.5733
0.5285 1 2 32.5205
0.5301 1 2 32.4742
0.5317 1 2 32.4562
0.5333 1 2 32.5009
0.5349 1 2 32.4938
0.5365 1 2 32.5576
0.5381 1 2 32.5459
0.5397 1 2 32.4702
0.5413 1 2 32.4695
0.5429 1 2 32.5231
0.5445 1 2 32.5089
0.5461 1 2 32.5362
0.5477 1 2 32.4549
0.5493 1 2 32.472
0.5509 1 2 32.4515
0.5525 1 2 32.4877
0.5541 1 2 32.5456
0.5557 1 2 32.5185
0.5573 1 2 32.5861
0.5589 1 2 32.4835
0.5605 1 2 32.556
0.5621 1 2 32.492
0.5637 1 2 32.6451
0.5653 1 2 32.5019
0.5669 1 2 32.4722
0.5685 1 2 32.5662
0.5701 1 2 32.6648
0.5717 1 2 32.4671
0.5733 1 2 32.4608
0.5749 1 2 32.5116
0.5765 1 2 32.4584
0.5781 1 2 32.5416
0.5797 1 2 32.6197
0.5813 1 2 32.5883
0.5829 1 2 32.4339
0.5845 1 2 32.459
0.5861 1 2 32.5641
0.5877 1 2 32.5826
0.5893 1 2 32.6204
0.5909 1 2 32.4201
0.5925 1 2 32.6287
0.5941 1 2 32.5261
0.5957 1 2 32.4708
0.5973 1 2 32.4919
0.5989 1 2 32.5294
0.6005 1 2 32.482
0.6021 1 2 32.5711
0.6037 1 2 32.6334
0.6053 1 2 32.4303
0.6069 1 2 32.5431
0.6085 1 2 32.499
0.6101 1 2 32.433
0.6117 1 2 32.5322
0.6133 1 2 32.5045
0.6149 1 2 32.4679
0.6165 1 2 32.5154
0.6181 1 2 32.5368
0.6197 1 2 32.4844
0.6213 1 2 32.524
0.6229 1 2 32.5974
0.6245 1 2 32.5089
0.6261 1 2 32.4742
0.6277 1 2 32.6186
0.6293 1 2 32.5481
0.6309 1 2 32.5382
0.6325 1 2 32.5365
0.6341 1 2 32.4507
0.6357 1 2 32.5473
0.6373 1 2 32.4568
0.6389 1 2 32.5055
0.6405 1 2 32.5518
0.6421 1 2 32.4647
0.6437 1 2 32.5413
0.6453 1 2 32.6098
0.6469 1 2 32.4753
0.6485 1 2 32.536
0.6501 1 2 32.5449
0.6517 1 2 32.5345
0.6533 1 2 32.5819
0.6549 1 2 32.5533
0.6565 1 2 32.4798
0.6581 1 2 32.4679
0.6597 1 2 32.489
0.6613 1 2 32.5465
0.6629 1 2 32.475
0.6645 1 2 32.4808
0.6661 1 2 32.4465
0.6677 1 2 32.4308
0.6693 1 2 32.524
0.6709 1 2 32.503
0.6725 1 2 32.5338
0.6741 1 2 32.4676
0.6757 1 2 32.4957
0.6773 1 2 32.5277
0.6789 1 2 32.4856
0.6805 1 2 32.5927
0.6821 1 2 32.5943
0.6837 1 2 32.5257
0.6853 1 2 32.4532
0.6869 1 2 32.5121
0.6885 1 2 32.5801
0.6901 1 2 32.5558
0.6917 1 2 32.5006
0.6933 1 2 32.6601
0.6949 1 2 32.5276
0.6965 1 2 32.5384
0.6981 1 2 32.5896
0.6997 1 2 32.5159
0.7013 1 2 32.5478
0.7029 1 2 32.5931
0.7045 1 2 32.5333
0.7061 1 2 32.5715
0.7077 1 2 32.6944
0.7093 1 2 32.6231
0.7109 1 2 32.4996
0.7125 1 2 32.5896
0.7141 1 2 32.5264
0.7157 1 2 32.5207
0.7173 1 2 32.4949
0.7189 1 2 32.44
0.7205 1 2 32.5056
0.7221 1 2 32.4804
0.7237 1 2 32.4926
0.7253 1 2 32.6011
0.7269 1 2 32.4698
0.7285 1 2 32.4011
0.7301 1 2 32.5297
0.7317 1 2 32.5637
0.7333 1 2 32.5813
0.7349 1 2 32.6219
0.7365 1 2 32.4351
0.7381 1 2 32.5624
0.7397 1 2 32.545
0.7413 1 2 32.5609
0.7429 1 2 32.4011
0.7445 1 2 32.4404
0.7461 1 2 32.572
0.7477 1 2 32.4901
0.7493 1 2 32.4905
0.7509 1 2 32.4629
0.7525 1 2 32.4358
0.7541 1 2 32.5231
0.7557 1 2 32.5228
0.7573 1 2 32.4534
0.7589 1 2 32.5884
0.7605 1 2 32.5249
0.7621 1 2 32.4917
0.7637 1 2 32.5107
0.7653 1 2 32.4709
0.7669 1 2 32.6198
0.7685 1 2 32.4477
0.7701 1 2 32.6143
0.7717 1 2 32.6062
0.7733 1 2 32.466
0.7749 1 2 32.5917
0.7765 1 2 32.5876
0.7781 1 2 32.4909
0.7797 1 2 32.524
0.7813 1 2 32.553
0.7829 1 2 32.5578
0.7845 1 2 32.5125
0.7861 1 2 32.5022
0.7877 1 2 32.5485
0.7893 1 2 32.5837
0.7909 1 2 32.5333
0.7925 1 2 32.5283
0.7941 1 2 32.5256
0.7957 1 2 32.4971
0.7973 1 2 32.5041
0.7989 1 2 32.4905
0.8005 1 2 32.4181
0.8021 1 2 32.5315
0.8037 1 2 32.6083
0.8053 1 2 32.4962
0.8069 1 2 32.4973
0.8085 1 2 32.4524
0.8101 1 2 32.5506
0.8117 1 2 32.4277
0.8133 1 2 32.5035
0.8149 1 2 32.4221
0.8165 1 2 32.5157
0.8181 1 2 32.5187
0.8197 1 2 32.5543
0.8213 1 2 32.5072
0.8229 1 2 32.633
0.8245 1 2 32.5374
0.8261 1 2 32.5063
0.8277 1 2 32.4534
0.8293 1 2 32.5219
0.8309 1 2 32.3857
0.8325 1 2 32.469
0.8341 1 2 32.5152
0.8357 1 2 32.5273
0.8373 1 2 32.5728
0.8389 1 2 32.536
0.8405 1 2 32.5319
0.8421 1 2 32.4844
0.8437 1 2 32.5725
0.8453 1 2 32.5281
0.8469 1 2 32.5278
0.8485 1 2 32.6001
0.8501 1 2 32.5056
0.8517 1 2 32.5141
0.8533 1 2 32.5544
0.8549 1 2 32.4733
0.8565 1 2 32.448
0.8581 1 2 32.6515
0.8597 1 2 32.4676
0.8613 1 2 32.5942
0.8629 1 2 32.5087
0.8645 1 2 32.5519
0.8661 1 2 32.5267
0.8677 1 2 32.5384
0.8693 1 2 32.5508
0.8709 1 2 32.5472
0.8725 1 2 32.4506
0.8741 1 2 32.4695
0.8757 1 2 32.6043
0.8773 1 2 32.5805
0.8789 1 2 32.5531
0.8805 1 2 32.5081
0.8821 1 2 32.4543
0.8837 1 2 32.6131
0.8853 1 2 32.5554
0.8869 1 2 32.6426
0.8885 1 2 32.5195
0.8901 1 2 32.5262
0.8917 1 2 32.5164
0.8933 1 2 32.5677
0.8949 1 2 32.526
0.8965 1 2 32.5745
0.8981 1 2 32.5871
0.8997 1 2 32.6126
0.9013 1 2 32.495
0.9029 1 2 32.4977
0.9045 1 2 32.4731
0.9061 1 2 32.5372
0.9077 1 2 32.5446
0.9093 1 2 32.4856
0.9109 1 2 32.5182
0.9125 1 2 32.5106
0.9141 1 2 32.5322
0.9157 1 2 32.5077
0.9173 1 2 32.5495
0.9189 1 2 32.4512
0.9205 1 2 32.5285
0.9221 1 2 32.5229
0.9237 1 2 32.415
0.9253 1 2 32.4582
0.9269 1 2 32.5564
0.9285 1 2 32.504
0.9301 1 2 32.5762
0.9317 1 2 32.548
0.9333 1 2 32.5503
0.9349 1 2 32.5691
0.9365 1 2 32.5294
0.9381 1 2 32.5403
0.9397 1 2 32.5251
0.9413 1 2 32.4679
0.9429 1 2 32.511
0.9445 1 2 32.4635
0.9461 1 2 32.493
0.9477 1 2 32.4412
0.9493 1 2 32.5615
0.9509 1 2 32.5814
0.9525 1 2 32.4551
0.9541 1 2 32.5262
0.9557 1 2 32.4601
0.9573 1 2 32.487
0.9589 1 2 32.5154
0.9605 1 2 32.5358
0.9621 1 2 32.5215
0.9637 1 2 32.4732
0.9653 1 2 32.4527
0.9669 1 2 32.5514
0.9685 1 2 32.5146
0.9701 1 2 32.4978
0.9717 1 2 32.5369
0.9733 1 2 32.4365
0.9749 1 2 32.5439
0.9765 1 2 32.4716
0.9781 1 2 32.491
0.9797 1 2 32.4343
0.9813 1 2 32.5015
0.9829 1 2 32.5392
0.9845 1 2 32.4977
0.9861 1 2 32.4163
0.9877 1 2 32.597
0.9893 1 2 32.4602
0.9909 1 2 32.5297
0.9925 1 2 32.5534
0.9941 1 2 32.5015
0.9957 1 2 32.5482
0.9973 1 2 32.4959
0.9989 1 2 32.5076
1.0005 1 2 32.4315
1.0021 1 2 32.7711
1.0037 1 2 33.1563
1.0053 1 2 32.7055
1.0069 1 2 32.7225
1.0085 1 2 32.9238
1.0101 1 2 32.8706
1.0117 1 2 33.4916
1.0133 1 2 33.9763
1.0149 1 2 33.5325
1.0165 1 2 33.0623
1.0181 1 2 32.3462
1.0197 1 2 32.5785
1.0213 1 2 32.5842
1.0229 1 2 32.3593
1.0245 1 2 32.9699
1.0261 1 2 32.9278
1.0277 1 2 33.1837
1.0293 1 2 33.5092
1.0309 1 2 32.7977
1.0325 1 2 33.1173
1.0341 1 2 33.591
1.0357 1 2 33.4753
1.0373 1 2 32.8649
1.0389 1 2 32.7526
1.0405 1 2 32.4679
1.0421 1 2 33.2232
1.0437 1 2 33.0165
1.0453 1 2 32.8337
1.0469 1 2 32.502
1.0485 1 2 32.8899
1.0501 1 2 32.2551
1.0517 1 2 32.3704
1.0533 1 2 33.2372
1.0549 1 2 33.3615
1.0565 1 2 33.15
1.0581 1 2 33.3194
1.0597 1 2 33.6661
1.0613 1 2 34.1413
1.0629 1 2 34.3147
1.0645 1 2 33.9369
1.0661 1 2 33.8579
1.0677 1 2 -5.10459
1.0693 1 2 -4.96945
1.0709 1 2 -1.93983
1.0725 1 2 -4.10373
1.0741 1 2 -2.67698
1.0757 1 2 -1.83685
1.0773 1 2 -2.69405
1.0789 1 2 -0.263299
1.0805 1 2 -1.5856
1.0821 1 2 -2.31374
1.0837 1 2 -1.34599
1.0853 1 2 1.51139
1.0869 1 2 1.64949
1.0885 1 2 0.668714
1.0901 1 2 -0.640021
1.0917 1 2 2.00181
1.0933 1 2 1.80218
1.0949 1 2 1.32917
1.0965 1 2 -0.86265
1.0981 1 2 0.503282
1.0997 1 2 -0.718407
1.1013 1 2 -1.73485
1.1029 1 2 0.504151
1.1045 1 2 0.0414346
1.1061 1 2 0.685467
1.1077 1 2 1.81487
1.1093 1 2 1.01894
1.1109 1 2 -0.520893
1.1125 1 2 1.49995
1.1141 1 2 -2.19498
1.1157 1 2 2.54595
1.1173 1 2 -2.87216
1.1189 1 2 -3.13803
1.1205 1 2 -2.63868
1.1221 1 2 -2.88498
1.1237 1 2 -1.14275
1.1253 1 2 -2.72617
1.1269 1 2 -3.29918
1.1285 1 2 -2.17566
1.1301 1 2 -4.01255
1.1317 1 2 -3.44921
1.1333 1 2 -3.80264
1.1349 1 2 -2.58407
1.1365 1 2 -3.81786
1.1381 1 2 -3.86324
1.1397 1 2 -3.97853
1.1413 1 2 -1.96314
1.1429 1 2 -2.58915
1.1445 1 2 -5.68142
1.1461 1 2 -5.90301
1.1477 1 2 -3.72499
1.1493 1 2 -3.77031
1.1509 1 2 -6.08925
1.1525 1 2 -6.88566
1.1541 1 2 -2.50118
1.1557 1 2 -3.73258
1.1573 1 2 -2.80032
1.1589 1 2 -5.4739
1.1605 1 2 -2.61561
1.1621 1 2 -4.71307
1.1637 1 2 -5.95549
1.1653 1 2 -4.0174
1.1669 1 2 -2.3969
1.1685 1 2 -4.35048
1.1701 1 2 -5.73755
1.1717 1 2 -4.43308
1.1733 1 2 -5.41435
1.1749 1 2 -5.93375
1.1765 1 2 -3.70563
1.1781 1 2 -5.52651
1.1797 1 2 -4.76313
1.1813 1 2 -3.02169
1.1829 1 2 -2.95225
1.1845 1 2 -2.69204
1.1861 1 2 -4.0248
1.1877 1 2 -2.09567
1.1893 1 2 -0.416193
1.1909 1 2 -1.33276
1.1925 1 2 -2.78909
1.1941 1 2 -0.729332
1.1957 1 2 -1.89393
1.1973 1 2 -5.38514
1.1989 1 2 -5.05039
1.2005 1 2 -2.39603
1.2021 1 2 0.0799817
1.2037 1 2 -0.31076
1.2053 1 2 -0.462486
1.2069 1 2 -0.147811
1.2085 1 2 -2.03343
1.2101 1 2 -0.517104
1.2117 1 2 0.084639
1.2133 1 2 2.79727
1.2149 1 2 0.172491
1.2165 1 2 -0.0290942
1.2181 1 2 -2.17226
1.2197 1 2 -2.0454
1.2213 1 2 -2.68108
1.2229 1 2 -3.32741
1.2245 1 2 -1.96162
1.2261 1 2 -2.19376
1.2277 1 2 -6.37543
1.2293 1 2 -2.76446
1.2309 1 2 0.250958
1.2325 1 2 -0.34525
1.2341 1 2 1.03414
1.2357 1 2 -1.09607
1.2373 1 2 0.918454
1.2389 1 2 4.4861
1.2405 1 2 6.28424
1.2421 1 2 3.86021
1.2437 1 2 1.20594
1.2453 1 2 3.09413
1.2469 1 2 5.42311
1.2485 1 2 2.27776
1.2501 1 2 4.48161
1.2517 1 2 -0.0392405
1.2533 1 2 1.94363
1.2549 1 2 -2.12475
1.2565 1 2 2.21371
1.2581 1 2 3.01935
1.2597 1 2 5.4304
1.2613 1 2 0.582446
1.2629 1 2 3.49866
1.2645 1 2 -0.143132
1.2661 1 2 0.73352
1.2677 1 2 -1.42909
1.2693 1 2 1.73604
1.2709 1 2 -0.684977
1.2725 1 2 1.124
1.2741 1 2 2.12923
1.2757 1 2 7.11114
1.2773 1 2 0.532411
1.2789 1 2 1.90926
1.2805 1 2 -1.03034
1.2821 1 2 -1.1827
1.2837 1 2 3.32918
1.2853 1 2 5.98689
1.2869 1 2 0.408127
1.2885 1 2 11.6895
1.2901 1 2 2.578
1.2917 1 2 7.1849
1.2933 1 2 11.2089
1.2949 1 2 3.51039
1.2965 1 2 4.13675
1.2981 1 2 5.90879
1.2997 1 2 9.15407
1.3013 1 2 4.82317
1.3029 1 2 1.98993
1.3045 1 2 3.18361
1.3061 1 2 11.7903
1.3077 1 2 5.39251
1.3093 1 2 11.6978
1.3109 1 2 12.9785
1.3125 1 2 12.1068
1.3141 1 2 3.16319
1.3157 1 2 2.79302
1.3173 1 2 3.8036
1.3189 1 2 11.7404
1.3205 1 2 4.57265
1.3221 1 2 11.9737
1.3237 1 2 10.0301
1.3253 1 2 8.37207
1.3269 1 2 4.30422
1.3285 1 2 -0.984187
1.3301 1 2 4.26742
1.3317 1 2 8.46483
1.3333 1 2 -0.422015
1.3349 1 2 35.0427
1.3365 1 2 36.0805
1.3381 1 2 33.2842
1.3397 1 2 32.5841
1.3413 1 2 38.0643
1.3429 1 2 35.9881
1.3445 1 2 32.2974
1.3461 1 2 31.5452
1.3477 1 2 34.2657
1.3493 1 2 30.7531
1.3509 1 2 36.919
1.3525 1 2 33.2251
1.3541 1 2 35.013
1.3557 1 2 35.6802
1.3573 1 2 36.2326
1.3589 1 2 32.4321
1.3605 1 2 33.8381
1.3621 1 2 34.9942
1.3637 1 2 32.9073
1.3653 1 2 35.0301
1.3669 1 2 32.9871
1.3685 1 2 33.6361
1.3701 1 2 33.3515
1.3717 1 2 34.0921
1.3733 1 2 36.1124
1.3749 1 2 38.9139
1.3765 1 2 37.6447
1.3781 1 2 34.1617
1.3797 1 2 32.8856
1.3813 1 2 36.599
1.3829 1 2 34.3239
1.3845 1 2 33.9511
1.3861 1 2 35.749
1.3877 1 2 34.5849
1.3893 1 2 32.5242
1.3909 1 2 35.8519
1.3925 1 2 33.3359
1.3941 1 2 35.664
1.3957 1 2 36.8507
1.3973 1 2 35.7139
1.3989 1 2 35.5035
1.4005 1 2 34.6004
1.4021 1 2 33.7288
1.4037 1 2 35.1091
1.4053 1 2 33.3233
1.4069 1 2 33.5586
1.4085 1 2 33.4353
1.4101 1 2 34.4934
1.4117 1 2 35.1465
1.4133 1 2 32.9141
1.4149 1 2 34.8997
1.4165 1 2 34.9255
1.4181 1 2 31.8589
1.4197 1 2 33.743
1.4213 1 2 32.9804
1.4229 1 2 32.8568
1.4245 1 2 33.6804
1.4261 1 2 33.9468
1.4277 1 2 32.3788
1.4293 1 2 34.9986
1.4309 1 2 33.6656
1.4325 1 2 35.6707
1.4341 1 2 31.5787
1.4357 1 2 31.9572
1.4373 1 2 29.7483
1.4389 1 2 32.7073
1.4405 1 2 32.6081
1.4421 1 2 31.5924
1.4437 1 2 28.8783
1.4453 1 2 29.2208
1.4469 1 2 25.572
1.4485 1 2 28.404
1.4501 1 2 25.2681
1.4517 1 2 25.3664
1.4533 1 2 29.0138
1.4549 1 2 24.5225
1.4565 1 2 23.782
1.4581 1 2 23.9571
1.4597 1 2 27.5875
1.4613 1 2 26.9276
1.4629 1 2 26.6239
1.4645 1 2 24.5371
1.4661 1 2 25.6939
1.4677 1 2 24.4737
1.4693 1 2 25.8072
1.4709 1 2 21.2348
1.4725 1 2 25.8644
1.4741 1 2 18.3813
1.4757 1 2 18.0495
1.4773 1 2 14.5569
1.4789 1 2 15.4318
1.4805 1 2 27.9598
1.4821 1 2 24.7897
1.4837 1 2 14.9917
1.4853 1 2 21.6901
1.4869 1 2 22.9498
1.4885 1 2 21.7489
1.4901 1 2 21.3791
1.4917 1 2 20.7561
1.4933 1 2 21.4506
1.4949 1 2 21.4709
1.4965 1 2 13.3801
1.4981 1 2 13.8364
1.4997 1 2 13.6196
1.5013 1 2 16.1041
1.5029 1 2 13.9195
1.5045 1 2 14.9979
1.5061 1 2 13.9416
1.5077 1 2 14.7689
1.5093 1 2 18.2348
1.5109 1 2 17.0924
1.5125 1 2 15.5789
1.5141 1 2 15.9239
1.5157 1 2 19.3558
1.5173 1 2 20.0164
1.5189 1 2 20.2451
1.5205 1 2 19.5915
1.5221 1 2 20.7012
1.5237 1 2 21.369
1.5253 1 2 21.0409
1.5269 1 2 20.4512
1.5285 1 2 22.9979
1.5301 1 2 23.364
1.5317 1 2 22.5481
1.5333 1 2 22.9375
1.5349 1 2 24.5732
1.5365 1 2 24.2039
1.5381 1 2 25.2608
1.5397 1 2 25.0682
1.5413 1 2 24.7775
1.5429 1 2 25.9623
1.5445 1 2 26.7209
1.5461 1 2 25.9444
1.5477 1 2 25.8064
1.5493 1 2 26.4336
1.5509 1 2 26.2472
1.5525 1 2 26.4883
1.5541 1 2 26.9124
1.5557 1 2 27.4409
1.5573 1 2 27.6259
1.5589 1 2 27.4795
1.5605 1 2 27.7206
1.5621 1 2 27.4397
1.5637 1 2 27.3579
1.5653 1 2 27.6645
1.5669 1 2 27.2281
1.5685 1 2 26.7658
1.5701 1 2 27.7652
1.5717 1 2 28.0508
1.5733 1 2 28.3398
1.5749 1 2 29.0514
1.5765 1 2 28.4906
1.5781 1 2 29.4736
1.5797 1 2 29.8407
1.5813 1 2 28.9562
1.5829 1 2 28.7456
1.5845 1 2 29.6887
1.5861 1 2 29.1547
1.5877 1 2 28.7979
1.5893 1 2 28.8713
1.5909 1 2 28.1278
1.5925 1 2 29.1254
1.5941 1 2 28.4868
1.5957 1 2 28.957
1.5973 1 2 29.351
1.5989 1 2 29.8949
1.6005 1 2 29.9346
1.6021 1 2 30.4419
1.6037 1 2 29.2023
1.6053 1 2 29.9903
1.6069 1 2 30.369
1.6085 1 2 29.7514
1.6101 1 2 29.39
1.6117 1 2 28.9546
1.6133 1 2 27.9592
1.6149 1 2 28.8236
1.6165 1 2 27.6109
1.6181 1 2 28.3842
1.6197 1 2 26.9648
1.6213 1 2 26.8156
1.6229 1 2 27.0177
1.6245 1 2 27.1673
1.6261 1 2 27.6316
1.6277 1 2 26.9307
1.6293 1 2 27.1988
1.6309 1 2 27.5369
1.6325 1 2 26.8514
1.6341 1 2 26.7456
1.6357 1 2 25.8393
1.6373 1 2 26.0387
1.6389 1 2 25.394
1.6405 1 2 24.7511
1.6421 1 2 24.7924
1.6437 1 2 24.3237
1.6453 1 2 24.0566
1.6469 1 2 24.0266
1.6485 1 2 23.6794
1.6501 1 2 23.6674
1.6517 1 2 24.0117
1.6533 1 2 24.4386
1.6549 1 2 25.0987
1.6565 1 2 24.5812
1.6581 1 2 24.4042
1.6597 1 2 24.64
1.6613 1 2 24.9887
1.6629 1 2 25.1665
1.6645 1 2 25.5615
1.6661 1 2 25.3162
1.6677 1 2 25.2525
1.6693 1 2 25.0324
1.6709 1 2 25.4464
1.6725 1 2 25.2877
1.6741 1 2 24.9648
1.6757 1 2 25.2121
1.6773 1 2 24.9502
1.6789 1 2 25.1277
1.6805 1 2 25.3169
1.6821 1 2 25.5911
1.6837 1 2 25.1376
1.6853 1 2 25.2799
1.6869 1 2 24.5625
1.6885 1 2 24.4254
1.6901 1 2 24.1899
1.6917 1 2 24.2226
1.6933 1 2 23.9832
1.6949 1 2 23.8338
1.6965 1 2 23.5364
1.6981 1 2 22.9659
1.6997 1 2 22.4233
1.7013 1 2 21.8924
1.7029 1 2 21.5279
1.7045 1 2 21.8434
1.7061 1 2 21.2628
1.7077 1 2 20.4937
1.7093 1 2 20.352
1.7109 1 2 19.1769
1.7125 1 2 18.4431
1.7141 1 2 17.5897
1.7157 1 2 16.978
1.7173 1 2 17.0067
1.7189 1 2 16.8942
1.7205 1 2 17.3044
1.7221 1 2 17.5587
1.7237 1 2 17.2114
1.7253 1 2 16.6233
1.7269 1 2 16.1934
1.7285 1 2 16.488
1.7301 1 2 16.3914
1.7317 1 2 15.81
1.7333 1 2 16.1587
1.7349 1 2 15.7419
1.7365 1 2 15.581
1.7381 1 2 14.9781
1.7397 1 2 14.6775
1.7413 1 2 13.6605
1.7429 1 2 12.5152
1.7445 1 2 12.3225
1.7461 1 2 12.0719
1.7477 1 2 11.5229
1.7493 1 2 11.8483
1.7509 1 2 10.7116
1.7525 1 2 10.2128
1.7541 1 2 9.39299
1.7557 1 2 7.94533
1.7573 1 2 8.06142
1.7589 1 2 6.45392
1.7605 1 2 6.24478
1.7621 1 2 5.58419
1.7637 1 2 6.37368
1.7653 1 2 3.72073
1.7669 1 2 1.91404
1.7685 1 2 2.18724
1.7701 1 2 2.80738
1.7717 1 2 1.17769
1.7733 1 2 6.31808
1.7749 1 2 0.632222
1.7765 1 2 3.31735
1.7781 1 2 -0.497609
1.7797 1 2 1.1994
1.7813 1 2 0.926638
1.7829 1 2 6.74518
1.7845 1 2 4.71667
1.7861 1 2 5.30956
1.7877 1 2 6.92817
1.7893 1 2 7.50201
1.7909 1 2 8.23917
1.7925 1 2 9.09348
1.7941 1 2 9.98517
1.7957 1 2 10.7908
1.7973 1 2 10.7334
1.7989 1 2 12.1916
1.8005 1 2 13.1489
1.8021 1 2 13.5953
1.8037 1 2 13.8266
1.8053 1 2 14.2059
1.8069 1 2 14.6534
1.8085 1 2 15.0288
1.8101 1 2 15.4947
1.8117 1 2 15.3714
1.8133 1 2 15.884
1.8149 1 2 16.7643
1.8165 1 2 16.6647
1.8181 1 2 17.307
1.8197 1 2 17.0119
1.8213 1 2 16.9555
1.8229 1 2 16.9858
1.8245 1 2 17.0488
1.8261 1 2 17.1672
1.8277 1 2 17.1115
1.8293 1 2 17.0984
1.8309 1 2 16.8054
1.8325 1 2 16.9126
1.8341 1 2 16.4693
1.8357 1 2 16.4079
1.8373 1 2 16.8481
1.8389 1 2 16.9752
1.8405 1 2 16.7363
1.8421 1 2 16.5959
1.8437 1 2 16.099
1.8453 1 2 16.1294
1.8469 1 2 16.5179
1.8485 1 2 16.8796
1.8501 1 2 17.0386
1.8517 1 2 17.2945
1.8533 1 2 17.6379
1.8549 1 2 17.5052
1.8565 1 2 17.6957
1.8581 1 2 17.813
1.8597 1 2 17.591
1.8613 1 2 17.6701
1.8629 1 2 17.1698
1.8645 1 2 17.2582
1.8661 1 2 17.1089
1.8677 1 2 17.4281
1.8693 1 2 17.5028
1.8709 1 2 17.6025
1.8725 1 2 18.2423
1.8741 1 2 18.3217
1.8757 1 2 18.268
1.8773 1 2 17.7784
1.8789 1 2 18.0799
1.8805 1 2 18.3472
1.8821 1 2 18.7052
1.8837 1 2 18.349
1.8853 1 2 18.5326
1.8869 1 2 18.0486
1.8885 1 2 18.0053
1.8901 1 2 17.683
1.8917 1 2 17.6384
1.8933 1 2 16.9347
1.8949 1 2 16.9311
1.8965 1 2 17.3673
1.8981 1 2 17.3311
1.8997 1 2 16.9903
1.9013 1 2 16.7957
1.9029 1 2 16.3115
1.9045 1 2 16.0544
1.9061 1 2 16.5743
1.9077 1 2 16.8166
1.9093 1 2 16.7586
1.9109 1 2 17.3675
1.9125 1 2 17.2863
1.9141 1 2 17.0736
1.9157 1 2 17.033
1.9173 1 2 17.2624
1.9189 1 2 17.7297
1.9205 1 2 17.4271
1.9221 1 2 17.6817
1.9237 1 2 18.0568
1.9253 1 2 17.3636
1.9269 1 2 17.6441
1.9285 1 2 17.2319
1.9301 1 2 17.6317
1.9317 1 2 18.6292
1.9333 1 2 18.4731
1.9349 1 2 18.5466
1.9365 1 2 19.0895
1.9381 1 2 19.5401
1.9397 1 2 19.4847
1.9413 1 2 20.0393
1.9429 1 2 20.3029
1.9445 1 2 20.7328
1.9461 1 2 21.4186
1.9477 1 2 21.4654
1.9493 1 2 21.562
1.9509 1 2 21.6409
1.9525 1 2 21.7164
1.9541 1 2 21.8959
1.9557 1 2 21.9799
1.9573 1 2 22.7756
1.9589 1 2 23.029
1.9605 1 2 23.2386
1.9621 1 2 23.2534
1.9637 1 2 23.5498
1.9653 1 2 23.954
1.9669 1 2 24.4883
1.9685 1 2 24.7468
1.9701 1 2 24.5328
1.9717 1 2 24.1394
1.9733 1 2 24.8056
1.9749 1 2 24.8581
1.9765 1 2 24.9028
1.9781 1 2 25.3514
1.9797 1 2 25.2858
1.9813 1 2 25.0551
1.9829 1 2 25.6605
1.9845 1 2 25.4265
1.9861 1 2 26.0297
1.9877 1 2 25.7962
1.9893 1 2 25.9505
1.9909 1 2 26.1909
1.9925 1 2 26.3983
1.9941 1 2 26.2261
1.9957 1 2 26.5796
1.9973 1 2 26.6985
1.9989 1 2 26.6764
2.0005 1 2 26.6678
2.0021 1 2 26.6494
2.0037 1 2 26.277
2.0053 1 2 26.4426
2.0069 1 2 26.5648
2.0085 1 2 27.1455
2.0101 1 2 27.0396
2.0117 1 2 26.6104
2.0133 1 2 27.13
2.0149 1 2 27.154
2.0165 1 2 27.0436
2.0181 1 2 26.9958
2.0197 1 2 27.0792
2.0213 1 2 26.8927
2.0229 1 2 26.8769
2.0245 1 2 27.0397
2.0261 1 2 27.5204
2.0277 1 2 27.0955
2.0293 1 2 27.5324
2.0309 1 2 27.2113
2.0325 1 2 27.1316
2.0341 1 2 27.7428
2.0357 1 2 27.4046
2.0373 1 2 27.529
2.0389 1 2 27.5315
2.0405 1 2 27.3302
2.0421 1 2 26.9089
2.0437 1 2 26.2389
2.0453 1 2 25.7597
2.0469 1 2 25.9504
2.0485 1 2 25.6956
2.0501 1 2 25.3399
2.0517 1 2 25.3085
2.0533 1 2 25.7929
2.0549 1 2 25.5574
2.0565 1 2 25.629
2.0581 1 2 26.2406
2.0597 1 2 26.8128
2.0613 1 2 26.6449
2.0629 1 2 26.1009
2.0645 1 2 25.9716
2.0661 1 2 26.1126
2.0677 1 2 26.1493
2.0693 1 2 26.327
2.0709 1 2 26.4884
2.0725 1 2 26.4969
2.0741 1 2 26.2497
2.0757 1 2 25.8153
2.0773 1 2 26.3572
2.0789 1 2 26.5309
2.0805 1 2 26.4027
2.0821 1 2 27.0332
2.0837 1 2 27.3785
2.0853 1 2 27.0083
2.0869 1 2 27.2703
2.0885 1 2 27.9954
2.0901 1 2 27.2842
2.0917 1 2 27.5793
2.0933 1 2 27.9031
2.0949 1 2 27.4437
2.0965 1 2 27.3277
2.0981 1 2 27.1878
2.0997 1 2 27.6909
2.1013 1 2 27.6089
2.1029 1 2 27.5649
2.1045 1 2 27.708
2.1061 1 2 28.7236
2.1077 1 2 28.9335
2.1093 1 2 30.0095
2.1109 1 2 29.684
2.1125 1 2 30.0355
2.1141 1 2 30.1772
2.1157 1 2 30.5842
2.1173 1 2 30.4432
2.1189 1 2 30.1802
2.1205 1 2 30.3248
2.1221 1 2 30.3533
2.1237 1 2 30.6358
2.1253 1 2 31.1693
2.1269 1 2 31.0726
2.1285 1 2 31.0141
2.1301 1 2 30.9624
2.1317 1 2 30.1245
2.1333 1 2 30.4116
2.1349 1 2 30.4985
2.1365 1 2 30.3633
2.1381 1 2 30.2782
2.1397 1 2 30.4992
2.1413 1 2 30.8108
2.1429 1 2 30.8946
2.1445 1 2 31.45
2.1461 1 2 31.1311
2.1477 1 2 30.771
2.1493 1 2 29.7308
2.1509 1 2 29.2119
2.1525 1 2 29.4713
2.1541 1 2 29.1732
2.1557 1 2 28.9538
2.1573 1 2 29.2374
2.1589 1 2 28.2896
2.1605 1 2 28.2548
2.1621 1 2 28.5981
2.1637 1 2 28.512
2.1653 1 2 28.2421
2.1669 1 2 28.3158
2.1685 1 2 28.1436
2.1701 1 2 28.2459
2.1717 1 2 28.2909
2.1733 1 2 27.6912
2.1749 1 2 27.5029
2.1765 1 2 27.2247
2.1781 1 2 27.591
2.1797 1 2 27.7903
2.1813 1 2 28.0349
2.1829 1 2 28.3432
2.1845 1 2 28.6767
2.1861 1 2 28.6767
2.1877 1 2 28.556
2.1893 1 2 28.5887
2.1909 1 2 28.0647
2.1925 1 2 28.3791
2.1941 1 2 28.2183
2.1957 1 2 27.7421
2.1973 1 2 27.6811
2.1989 1 2 28.5402
2.2005 1 2 28.5173
2.2021 1 2 28.9354
2.2037 1 2 28.9275
2.2053 1 2 29.7391
2.2069 1 2 30.0751
2.2085 1 2 30.0231
2.2101 1 2 30.0456
2.2117 1 2 29.3204
2.2133 1 2 29.2194
2.2149 1 2 28.6346
2.2165 1 2 28.2589
2.2181 1 2 27.6264
2.2197 1 2 27.3403
2.2213 1 2 27.6995
2.2229 1 2 27.7479
2.2245 1 2 27.9988
2.2261 1 2 27.7416
2.2277 1 2 27.5166
2.2293 1 2 27.706
2.2309 1 2 28.1433
2.2325 1 2 28.4733
2.2341 1 2 28.2547
2.2357 1 2 28.5831
2.2373 1 2 28.6842
2.2389 1 2 28.7257
2.2405 1 2 28.7691
2.2421 1 2 28.5178
2.2437 1 2 28.3914
2.2453 1 2 28.3311
2.2469 1 2 28.0998
2.2485 1 2 28.0705
2.2501 1 2 27.8812
2.2517 1 2 27.0293
2.2533 1 2 26.9493
2.2549 1 2 26.4399
2.2565 1 2 26.3154
2.2581 1 2 26.1228
2.2597 1 2 25.0992
2.2613 1 2 24.4516
2.2629 1 2 24.1125
2.2645 1 2 23.9385
2.2661 1 2 24.1409
2.2677 1 2 24.6527
2.2693 1 2 24.9057
2.2709 1 2 25.0913
2.2725 1 2 24.6632
2.2741 1 2 24.3747
2.2757 1 2 23.8583
2.2773 1 2 24.153
2.2789 1 2 23.268
2.2805 1 2 23.7849
2.2821 1 2 23.4458
2.2837 1 2 23.3434
2.2853 1 2 23.8358
2.2869 1 2 23.9717
2.2885 1 2 23.6084
2.2901 1 2 22.9222
2.2917 1 2 22.4579
2.2933 1 2 22.9766
2.2949 1 2 22.6752
2.2965 1 2 22.9804
2.2981 1 2 22.7476
2.2997 1 2 22.7251
2.3013 1 2 22.1811
2.3029 1 2 22.1912
2.3045 1 2 22.4277
2.3061 1 2 22.2355
2.3077 1 2 22.505
2.3093 1 2 22.6241
2.3109 1 2 22.8502
2.3125 1 2 22.9256
2.3141 1 2 22.2967
2.3157 1 2 22.505
2.3173 1 2 22.1665
2.3189 1 2 21.7776
2.3205 1 2 21.21
2.3221 1 2 20.8001
2.3237 1 2 20.3391
2.3253 1 2 20.7447
2.3269 1 2 21.2169
2.3285 1 2 20.046
2.3301 1 2 20.7771
2.3317 1 2 20.6329
2.3333 1 2 20.3452
2.3349 1 2 20.5324
2.3365 1 2 20.0354
2.3381 1 2 20.3872
2.3397 1 2 20.5827
2.3413 1 2 20.6479
2.3429 1 2 20.6786
2.3445 1 2 20.8947
2.3461 1 2 20.0465
2.3477 1 2 19.2823
2.3493 1 2 19.3364
2.3509 1 2 19.4578
2.3525 1 2 19.5225
2.3541 1 2 19.4038
2.3557 1 2 19.5898
2.3573 1 2 19.651
2.3589 1 2 19.8276
2.3605 1 2 19.9015
2.3621 1 2 19.8393
2.3637 1 2 19.2067
2.3653 1 2 18.8197
2.3669 1 2 18.6109
2.3685 1 2 19.318
2.3701 1 2 18.9079
2.3717 1 2 19.2094
2.3733 1 2 18.3435
2.3749 1 2 18.3419
2.3765 1 2 18.0378
2.3781 1 2 17.1568
2.3797 1 2 16.2645
2.3813 1 2 16.6958
2.3829 1 2 16.568
2.3845 1 2 16.0173
2.3861 1 2 16.179
2.3877 1 2 15.9271
2.3893 1 2 15.7735
2.3909 1 2 15.9022
2.3925 1 2 16.3191
2.3941 1 2 15.8419
2.3957 1 2 15.701
2.3973 1 2 16.0845
2.3989 1 2 15.9231
2.4005 1 2 16.2876
2.4021 1 2 15.8168
2.4037 1 2 15.3065
2.4053 1 2 14.6551
2.4069 1 2 14.2645
2.4085 1 2 14.3628
2.4101 1 2 13.6332
2.4117 1 2 13.5453
2.4133 1 2 13.6223
2.4149 1 2 13.6993
2.4165 1 2 14.3383
2.4181 1 2 14.1388
2.4197 1 2 13.9999
2.4213 1 2 13.985
2.4229 1 2 13.1684
2.4245 1 2 12.5689
2.4261 1 2 12.1581
2.4277 1 2 12.6112
2.4293 1 2 12.1557
2.4309 1 2 11.8472
2.4325 1 2 11.4601
2.4341 1 2 11.4714
2.4357 1 2 11.5476
2.4373 1 2 11.25
2.4389 1 2 10.9379
2.4405 1 2 10.6189
2.4421 1 2 9.34166
2.4437 1 2 8.75407
2.4453 1 2 8.73117
2.4469 1 2 8.6387
2.4485 1 2 8.83045
2.4501 1 2 7.92177
2.4517 1 2 7.61107
2.4533 1 2 7.54286
2.4549 1 2 7.20419
2.4565 1 2 6.8133
2.4581 1 2 5.76572
2.4597 1 2 4.67356
2.4613 1 2 4.63577
2.4629 1 2 3.34298
2.4645 1 2 2.76741
2.4661 1 2 1.57775
2.4677 1 2 2.03711
2.4693 1 2 1.79782
2.4709 1 2 0.874622
2.4725 1 2 -0.30511
2.4741 1 2 -2.11033
2.4757 1 2 -2.84332
2.4773 1 2 -3.96866
2.4789 1 2 -4.75812
2.4805 1 2 -5.66108
2.4821 1 2 -9.37442
2.4837 1 2 -10.5299
2.4853 1 2 -12.1754
2.4869 1 2 -14.0384
2.4885 1 2 -11.0926
2.4901 1 2 -10.7859
2.4917 1 2 -8.25366
2.4933 1 2 -7.99954
2.4949 1 2 -5.40035
2.4965 1 2 -5.35209
2.4981 1 2 -3.02533
2.4997 1 2 -1.42961
2.5013 1 2 -0.561427
2.5029 1 2 1.0435
2.5045 1 2 1.03074
2.5061 1 2 1.8971
2.5077 1 2 2.42759
2.5093 1 2 2.57911
2.5109 1 2 2.86892
2.5125 1 2 3.27198
2.5141 1 2 3.52658
2.5157 1 2 3.77187
2.5173 1 2 4.11964
2.5189 1 2 4.19258
2.5205 1 2 3.96072
2.5221 1 2 5.08317
2.5237 1 2 5.18841
2.5253 1 2 5.79801
2.5269 1 2 7.17035
2.5285 1 2 6.99847
2.5301 1 2 7.56733
2.5317 1 2 7.57514
2.5333 1 2 7.96841
2.5349 1 2 8.56382
2.5365 1 2 8.94509
2.5381 1 2 9.64544
2.5397 1 2 10.5138
2.5413 1 2 10.8004
2.5429 1 2 11.1891
2.5445 1 2 12.1539
2.5461 1 2 12.2143
2.5477 1 2 12.022
2.5493 1 2 11.6086
2.5509 1 2 11.2075
2.5525 1 2 11.1775
2.5541 1 2 10.9211
2.5557 1 2 11.8506
2.5573 1 2 11.7535
2.5589 1 2 11.4087
2.5605 1 2 11.9258
2.5621 1 2 12.2143
2.5637 1 2 11.8097
2.5653 1 2 12.1224
2.5669 1 2 12.6542
2.5685 1 2 12.4629
2.5701 1 2 12.6218
2.5717 1 2 12.6782
2.5733 1 2 13.1584
2.5749 1 2 13.6644
2.5765 1 2 14.1237
2.5781 1 2 13.3851
2.5797 1 2 13.7995
2.5813 1 2 14.1248
2.5829 1 2 14.2107
2.5845 1 2 14.7966
2.5861 1 2 14.7834
2.5877 1 2 15.2045
2.5893 1 2 14.8939
2.5909 1 2 15.2615
2.5925 1 2 15.2479
2.5941 1 2 15.1469
2.5957 1 2 15.4436
2.5973 1 2 15.4384
2.5989 1 2 15.9179
2.6005 1 2 15.0115
2.6021 1 2 15.9921
2.6037 1 2 15.2527
2.6053 1 2 14.7522
2.6069 1 2 15.2337
2.6085 1 2 15.7964
2.6101 1 2 15.5238
2.6117 1 2 15.7608
2.6133 1 2 16.0216
2.6149 1 2 16.3512
2.6165 1 2 16.899
2.6181 1 2 16.495
2.6197 1 2 16.7327
2.6213 1 2 17.6587
2.6229 1 2 17.4317
2.6245 1 2 18.6773
2.6261 1 2 18.8756
2.6277 1 2 18.3939
2.6293 1 2 18.0467
2.6309 1 2 18.0822
2.6325 1 2 18.0935
2.6341 1 2 18.3118
2.6357 1 2 17.8071
2.6373 1 2 18.0671
2.6389 1 2 18.2619
2.6405 1 2 19.0653
2.6421 1 2 18.986
2.6437 1 2 19.0587
2.6453 1 2 19.5239
2.6469 1 2 19.6582
2.6485 1 2 19.5654
2.6501 1 2 19.9218
2.6517 1 2 20.0783
2.6533 1 2 21.0482
2.6549 1 2 21.1889
2.6565 1 2 21.2377
2.6581 1 2 21.4367
2.6597 1 2 22.1892
2.6613 1 2 22.5981
2.6629 1 2 23.0558
2.6645 1 2 22.7713
2.6661 1 2 22.6359
2.6677 1 2 22.7738
2.6693 1 2 23.1473
2.6709 1 2 24.1157
2.6725 1 2 24.3499
2.6741 1 2 25.1218
2.6757 1 2 25.5382
2.6773 1 2 26.4024
2.6789 1 2 26.2028
2.6805 1 2 26.4775
2.6821 1 2 25.9526
2.6837 1 2 25.8444
2.6853 1 2 25.427
2.6869 1 2 24.9282
2.6885 1 2 25.4482
2.6901 1 2 25.0536
2.6917 1 2 25.7866
2.6933 1 2 25.7109
2.6949 1 2 25.9193
2.6965 1 2 26.1653
2.6981 1 2 26.2978
2.6997 1 2 25.9624
2.7013 1 2 26.2094
2.7029 1 2 25.8275
2.7045 1 2 26.174
2.7061 1 2 26.1754
2.7077 1 2 25.8086
2.7093 1 2 27.0739
2.7109 1 2 27.8824
2.7125 1 2 27.5496
2.7141 1 2 28.0857
2.7157 1 2 27.8735
2.7173 1 2 28.5265
2.7189 1 2 28.5954
2.7205 1 2 28.4296
2.7221 1 2 28.4991
2.7237 1 2 28.6381
2.7253 1 2 28.5023
2.7269 1 2 28.816
2.7285 1 2 29.0723
2.7301 1 2 28.099
2.7317 1 2 27.8661
2.7333 1 2 28.3237
2.7349 1 2 28.6111
2.7365 1 2 28.5692
2.7381 1 2 28.7313
2.7397 1 2 28.5532
2.7413 1 2 28.72
2.7429 1 2 28.7472
2.7445 1 2 28.4278
2.7461 1 2 28.5876
2.7477 1 2 28.9887
2.7493 1 2 28.508
2.7509 1 2 28.6792
2.7525 1 2 28.156
2.7541 1 2 28.3742
2.7557 1 2 28.1906
2.7573 1 2 27.7892
2.7589 1 2 28.0077
2.7605 1 2 28.6343
2.7621 1 2 28.6823
2.7637 1 2 28.7435
2.7653 1 2 28.9863
2.7669 1 2 28.4191
2.7685 1 2 29.1739
2.7701 1 2 29.5004
2.7717 1 2 29.497
2.7733 1 2 29.3627
2.7749 1 2 29.7779
2.7765 1 2 30.1656
2.7781 1 2 30.2674
2.7797 1 2 30.2119
2.7813 1 2 29.6508
2.7829 1 2 29.621
2.7845 1 2 30.5907
2.7861 1 2 30.7146
2.7877 1 2 31.4317
2.7893 1 2 31.3614
2.7909 1 2 31.682
2.7925 1 2 31.8996
2.7941 1 2 31.5211
2.7957 1 2 31.5087
2.7973 1 2 31.3426
2.7989 1 2 31.4642
2.8005 1 2 31.1424
2.8021 1 2 31.0471
2.8037 1 2 30.5443
2.8053 1 2 30.6024
2.8069 1 2 30.0128
2.8085 1 2 29.6794
2.8101 1 2 29.4545
2.8117 1 2 30.1499
2.8133 1 2 29.7773
2.8149 1 2 29.1895
2.8165 1 2 28.9536
2.8181 1 2 29.105
2.8197 1 2 28.4053
2.8213 1 2 28.0498
2.8229 1 2 27.9136
2.8245 1 2 27.8992
2.8261 1 2 27.4267
2.8277 1 2 27.8664
2.8293 1 2 28.3325
2.8309 1 2 28.5631
2.8325 1 2 28.9366
2.8341 1 2 28.6702
2.8357 1 2 29.0319
2.8373 1 2 29.3208
2.8389 1 2 29.1573
2.8405 1 2 29.0377
2.8421 1 2 28.8906
2.8437 1 2 29.3578
2.8453 1 2 28.91
2.8469 1 2 28.8732
2.8485 1 2 28.915
2.8501 1 2 28.7565
2.8517 1 2 29.418
2.8533 1 2 29.8254
2.8549 1 2 30.8525
2.8565 1 2 31.2396
2.8581 1 2 31.0649
2.8597 1 2 31.1738
2.8613 1 2 31.1437
2.8629 1 2 30.6937
2.8645 1 2 30.5727
2.8661 1 2 30.5826
2.8677 1 2 30.7962
2.8693 1 2 30.2814
2.8709 1 2 29.9044
2.8725 1 2 29.308
2.8741 1 2 29.8036
2.8757 1 2 29.9725
2.8773 1 2 29.4173
2.8789 1 2 29.7044
2.8805 1 2 29.6559
2.8821 1 2 29.6987
2.8837 1 2 29.5346
2.8853 1 2 29.1362
2.8869 1 2 29.4107
2.8885 1 2 28.8448
2.8901 1 2 28.3311
2.8917 1 2 28.5222
2.8933 1 2 28.1973
2.8949 1 2 28.1768
2.8965 1 2 28.7712
2.8981 1 2 28.7786
2.8997 1 2 28.2661
2.9013 1 2 28.3113
2.9029 1 2 28.3156
2.9045 1 2 28.148
2.9061 1 2 28.9633
2.9077 1 2 28.7819
2.9093 1 2 28.6328
2.9109 1 2 28.103
2.9125 1 2 27.7968
2.9141 1 2 28.0987
2.9157 1 2 27.4236
2.9173 1 2 27.8386
2.9189 1 2 27.9692
2.9205 1 2 28.3501
2.9221 1 2 28.5797
2.9237 1 2 29.1708
2.9253 1 2 28.8585
2.9269 1 2 29.5116
2.9285 1 2 30.2064
2.9301 1 2 29.8985
2.9317 1 2 30.1342
2.9333 1 2 29.8623
2.9349 1 2 29.6137
2.9365 1 2 29.3958
2.9381 1 2 29.4836
2.9397 1 2 29.4705
2.9413 1 2 28.9907
2.9429 1 2 28.9665
2.9445 1 2 28.6975
2.9461 1 2 28.6678
2.9477 1 2 27.9557
2.9493 1 2 28.316
2.9509 1 2 27.876
2.9525 1 2 26.8286
2.9541 1 2 25.8057
2.9557 1 2 25.5769
2.9573 1 2 25.4128
2.9589 1 2 25.7988
2.9605 1 2 26.1288
2.9621 1 2 25.7687
2.9637 1 2 25.2786
2.9653 1 2 24.9451
2.9669 1 2 25.2477
2.9685 1 2 25.045
2.9701 1 2 25.0004
2.9717 1 2 24.9087
2.9733 1 2 25.136
2.9749 1 2 24.9522
2.9765 1 2 25.2423
2.9781 1 2 25.9296
2.9797 1 2 26.0227
2.9813 1 2 26.4266
2.9829 1 2 25.9403
2.9845 1 2 26.249
2.9861 1 2 26.2315
2.9877 1 2 26.1541
2.9893 1 2 25.4423
2.9909 1 2 26.0471
2.9925 1 2 26.3052
2.9941 1 2 25.725
2.9957 1 2 25.8588
2.9973 1 2 25.6305
2.9989 1 2 26.3035
3.0005 1 2 26.3929
3.0021 1 2 25.9911
3.0037 1 2 25.7768
3.0053 1 2 25.5625
3.0069 1 2 26.4453
3.0085 1 2 27.0324
3.0101 1 2 26.9829
3.0117 1 2 26.745
3.0133 1 2 27.0653
3.0149 1 2 26.8966
3.0165 1 2 27.1665
3.0181 1 2 26.7026
3.0197 1 2 27.4758
3.0213 1 2 27.944
3.0229 1 2 27.9783
3.0245 1 2 27.5261
3.0261 1 2 27.6896
3.0277 1 2 27.6807
3.0293 1 2 27.4724
3.0309 1 2 27.987
3.0325 1 2 28.8687
3.0341 1 2 29.251
3.0357 1 2 29.8463
3.0373 1 2 30.1092
3.0389 1 2 30.0302
3.0405 1 2 29.7925
3.0421 1 2 29.4686
3.0437 1 2 29.0502
3.0453 1 2 28.7779
3.0469 1 2 28.2626
3.0485 1 2 28.6931
3.0501 1 2 29.0233
3.0517 1 2 29.5274
3.0533 1 2 29.7333
3.0549 1 2 29.5278
3.0565 1 2 30.2762
3.0581 1 2 29.9616
3.0597 1 2 30.6004
3.0613 1 2 31.1683
3.0629 1 2 31.0132
3.0645 1 2 31.5049
3.0661 1 2 31.4883
3.0677 1 2 31.8078
3.0693 1 2 31.7579
3.0709 1 2 32.0906
3.0725 1 2 32.4837
3.0741 1 2 32.1579
3.0757 1 2 31.7389
3.0773 1 2 31.817
3.0789 1 2 31.5461
3.0805 1 2 32.0504
3.0821 1 2 31.8804
3.0837 1 2 31.2893
3.0853 1 2 30.9556
3.0869 1 2 32.0319
3.0885 1 2 31.897
3.0901 1 2 31.6814
3.0917 1 2 31.299
3.0933 1 2 31.0836
3.0949 1 2 31.4216
3.0965 1 2 31.1488
3.0981 1 2 31.0408
3.0997 1 2 30.8454
3.1013 1 2 31.3981
3.1029 1 2 31.1576
3.1045 1 2 30.7792
3.1061 1 2 30.2995
3.1077 1 2 30.3845
3.1093 1 2 30.2458
3.1109 1 2 29.9917
3.1125 1 2 29.3355
3.1141 1 2 29.6098
3.1157 1 2 30.1227
3.1173 1 2 30.351
3.1189 1 2 30.1637
3.1205 1 2 31.1233
3.1221 1 2 30.1794
3.1237 1 2 30.5379
3.1253 1 2 30.1695
3.1269 1 2 29.9809
3.1285 1 2 30.6681
3.1301 1 2 30.8581
3.1317 1 2 30.8768
3.1333 1 2 31.0181
3.1349 1 2 30.6688
3.1365 1 2 30.8219
3.1381 1 2 30.7682
3.1397 1 2 30.0524
3.1413 1 2 29.5498
3.1429 1 2 29.145
3.1445 1 2 29.5267
3.1461 1 2 29.4149
3.1477 1 2 30.0854
3.1493 1 2 29.8355
3.1509 1 2 29.6361
3.1525 1 2 29.9562
3.1541 1 2 29.5386
3.1557 1 2 28.7093
3.1573 1 2 29.4093
3.1589 1 2 29.3251
3.1605 1 2 29.5492
3.1621 1 2 29.7297
3.1637 1 2 29.2991
3.1653 1 2 29.1598
3.1669 1 2 29.5704
3.1685 1 2 28.9164
3.1701 1 2 29.0615
3.1717 1 2 29.2054
3.1733 1 2 29.5781
3.1749 1 2 30.199
3.1765 1 2 29.9034
3.1781 1 2 30.1522
3.1797 1 2 29.988
3.1813 1 2 29.8138
3.1829 1 2 30.041
3.1845 1 2 30.4695
3.1861 1 2 30.3687
3.1877 1 2 31.0612
3.1893 1 2 31.1463
3.1909 1 2 31.3684
3.1925 1 2 31.4249
3.1941 1 2 31.6469
3.1957 1 2 32.681
3.1973 1 2 32.5114
3.1989 1 2 32.9119
3.2005 1 2 32.8486
3.2021 1 2 32.3079
3.2037 1 2 32.3506
3.2053 1 2 32.8877
3.2069 1 2 33.4172
3.2085 1 2 33.3932
3.2101 1 2 33.3604
3.2117 1 2 33.834
3.2133 1 2 33.6798
3.2149 1 2 34.1074
3.2165 1 2 33.6512
3.2181 1 2 33.5303
3.2197 1 2 33.1118
3.2213 1 2 32.9125
3.2229 1 2 33.307
3.2245 1 2 32.4716
3.2261 1 2 32.3875
3.2277 1 2 32.4534
3.2293 1 2 31.7036
3.2309 1 2 32.175
3.2325 1 2 32.4202
3.2341 1 2 32.5668
3.2357 1 2 32.8285
3.2373 1 2 32.5525
3.2389 1 2 32.4071
3.2405 1 2 32.8926
3.2421 1 2 32.8892
3.2437 1 2 33.0081
3.2453 1 2 33.0237
3.2469 1 2 32.7377
3.2485 1 2 32.8752
3.2501 1 2 32.7589
3.2517 1 2 32.6741
3.2533 1 2 32.7763
3.2549 1 2 32.6957
3.2565 1 2 32.8923
3.2581 1 2 32.5945
3.2597 1 2 33.1612
3.2613 1 2 33.1977
3.2629 1 2 33.4845
3.2645 1 2 33.7867
3.2661 1 2 33.5398
3.2677 1 2 33.0283
3.2693 1 2 33.2782
3.2709 1 2 33.2303
3.2725 1 2 33.0123
3.2741 1 2 33.096
3.2757 1 2 33.5525
3.2773 1 2 33.892
3.2789 1 2 33.2169
3.2805 1 2 33.0279
3.2821 1 2 32.8975
3.2837 1 2 33.1554
3.2853 1 2 32.8009
3.2869 1 2 32.9473
3.2885 1 2 32.9638
3.2901 1 2 32.3897
3.2917 1 2 33.1774
3.2933 1 2 33.086
3.2949 1 2 32.8827
3.2965 1 2 32.5976
3.2981 1 2 32.7288
3.2997 1 2 32.5791
3.3013 1 2 32.9421
3.3029 1 2 33.2839
3.3045 1 2 33.8004
3.3061 1 2 33.7416
3.3077 1 2 33.9458
3.3093 1 2 34.3469
3.3109 1 2 34.3887
3.3125 1 2 34.7632
3.3141 1 2 35.5229
3.3157 1 2 35.4757
3.3173 1 2 34.0905
3.3189 1 2 33.8573
3.3205 1 2 33.753
3.3221 1 2 33.647
3.3237 1 2 33.7246
3.3253 1 2 34.5652
3.3269 1 2 34.613
3.3285 1 2 34.8503
3.3301 1 2 35.2823
3.3317 1 2 36.1476
3.3333 1 2 36.4949
3.3349 1 2 37.0057
3.3365 1 2 37.382
3.3381 1 2 37.3366
3.3397 1 2 37.1931
3.3413 1 2 37.499
3.3429 1 2 38.0472
3.3445 1 2 38.5447
3.3461 1 2 38.891
3.3477 1 2 39.4818
3.3493 1 2 39.2135
3.3509 1 2 39.3641
3.3525 1 2 39.5077
3.3541 1 2 39.6004
3.3557 1 2 40.1615
3.3573 1 2 40.4621
3.3589 1 2 40.5626
3.3605 1 2 40.9097
3.3621 1 2 40.9784
3.3637 1 2 40.5235
3.3653 1 2 40.2376
3.3669 1 2 40.2504
3.3685 1 2 39.8373
3.3701 1 2 40.1412
3.3717 1 2 39.7359
3.3733 1 2 40.0731
3.3749 1 2 40.1053
3.3765 1 2 39.7972
3.3781 1 2 39.9897
3.3797 1 2 39.6135
3.3813 1 2 39.8455
3.3829 1 2 40.8918
3.3845 1 2 41.0702
3.3861 1 2 41.0428
3.3877 1 2 40.9352
3.3893 1 2 40.3794
3.3909 1 2 39.8399
3.3925 1 2 40.2198
3.3941 1 2 40.3524
3.3957 1 2 40.8485
3.3973 1 2 40.6891
3.3989 1 2 40.7055
3.4005 1 2 41.3206
3.4021 1 2 41.0113
3.4037 1 2 40.5782
3.4053 1 2 40.5408
3.4069 1 2 39.8981
3.4085 1 2 39.8
3.4101 1 2 40.3214
3.4117 1 2 40.5915
3.4133 1 2 40.3882
3.4149 1 2 40.7527
3.4165 1 2 40.0688
3.4181 1 2 39.9898
3.4197 1 2 39.829
3.4213 1 2 39.7783
3.4229 1 2 39.4001
3.4245 1 2 39.1972
3.4261 1 2 38.7348
3.4277 1 2 39.0054
3.4293 1 2 39.626
3.4309 1 2 39.3327
3.4325 1 2 39.4855
3.4341 1 2 39.4553
3.4357 1 2 39.9812
3.4373 1 2 39.266
3.4389 1 2 39.4256
3.4405 1 2 39.325
3.4421 1 2 39.5436
3.4437 1 2 39.6578
3.4453 1 2 38.9844
3.4469 1 2 38.7054
3.4485 1 2 38.907
3.4501 1 2 38.5048
3.4517 1 2 38.5325
3.4533 1 2 38.0695
3.4549 1 2 38.0472
3.4565 1 2 38.2001
3.4581 1 2 38.0962
3.4597 1 2 38.1586
3.4613 1 2 38.2025
3.4629 1 2 38.3807
3.4645 1 2 38.385
3.4661 1 2 38.4263
3.4677 1 2 38.3751
3.4693 1 2 38.6405
3.4709 1 2 38.3369
3.4725 1 2 37.4645
3.4741 1 2 37.8543
3.4757 1 2 38.1372
3.4773 1 2 37.5854
3.4789 1 2 37.8512
3.4805 1 2 37.9048
3.4821 1 2 37.823
3.4837 1 2 37.4599
3.4853 1 2 37.5391
3.4869 1 2 37.7093
3.4885 1 2 37.6031
3.4901 1 2 37.5071
3.4917 1 2 38.014
3.4933 1 2 38.2514
3.4949 1 2 38.1954
3.4965 1 2 38.5013
3.4981 1 2 38.2416
3.4997 1 2 37.8243
3.5013 1 2 37.7792
3.5029 1 2 37.8439
3.5045 1 2 37.9376
3.5061 1 2 38.0069
3.5077 1 2 38.1716
3.5093 1 2 37.7195
3.5109 1 2 37.7458
3.5125 1 2 38.2356
3.5141 1 2 38.3027
3.5157 1 2 37.9631
3.5173 1 2 37.9511
3.5189 1 2 37.7331
3.5205 1 2 37.2717
3.5221 1 2 37.0539
3.5237 1 2 37.4133
3.5253 1 2 37.6345
3.5269 1 2 37.3841
3.5285 1 2 37.4066
3.5301 1 2 36.6892
3.5317 1 2 37.4539
3.5333 1 2 36.9627
3.5349 1 2 37.4607
3.5365 1 2 37.3034
3.5381 1 2 36.8965
3.5397 1 2 36.7583
3.5413 1 2 36.1954
3.5429 1 2 36.0789
3.5445 1 2 35.2251
3.5461 1 2 35.3865
3.5477 1 2 35.2809
3.5493 1 2 35.3149
3.5509 1 2 35.2563
3.5525 1 2 34.9092
3.5541 1 2 34.9973
3.5557 1 2 35.0749
3.5573 1 2 34.5744
3.5589 1 2 33.6221
3.5605 1 2 33.5763
3.5621 1 2 33.4427
3.5637 1 2 33.7945
3.5653 1 2 33.2572
3.5669 1 2 32.8802
3.5685 1 2 33.0471
3.5701 1 2 32.2474
3.5717 1 2 32.4849
3.5733 1 2 32.0287
3.5749 1 2 31.4325
3.5765 1 2 31.1092
3.5781 1 2 31.685
3.5797 1 2 31.8878
3.5813 1 2 31.7794
3.5829 1 2 31.7849
3.5845 1 2 31.6656
3.5861 1 2 30.9679
3.5877 1 2 31.2936
3.5893 1 2 31.2911
3.5909 1 2 31.4978
3.5925 1 2 31.4721
3.5941 1 2 31.4845
3.5957 1 2 31.7319
3.5973 1 2 31.7864
3.5989 1 2 31.5905
3.6005 1 2 31.5302
3.6021 1 2 31.0804
3.6037 1 2 31.1809
3.6053 1 2 31.4468
3.6069 1 2 31.368
3.6085 1 2 31.957
3.6101 1 2 31.9071
3.6117 1 2 32.1942
3.6133 1 2 32.1786
3.6149 1 2 31.5021
3.6165 1 2 31.6361
3.6181 1 2 31.9824
3.6197 1 2 32.1652
3.6213 1 2 32.0194
3.6229 1 2 32.1358
3.6245 1 2 31.9094
3.6261 1 2 31.3952
3.6277 1 2 31.1749
3.6293 1 2 31.1088
3.6309 1 2 31.076
3.6325 1 2 31.2887
3.6341 1 2 31.382
3.6357 1 2 31.1596
3.6373 1 2 30.6278
3.6389 1 2 29.9768
3.6405 1 2 29.9419
3.6421 1 2 30.7623
3.6437 1 2 29.971
3.6453 1 2 29.9385
3.6469 1 2 29.7549
3.6485 1 2 29.5027
3.6501 1 2 29.8299
3.6517 1 2 29.4827
3.6533 1 2 29.4225
3.6549 1 2 29.6292
3.6565 1 2 29.2084
3.6581 1 2 29.0965
3.6597 1 2 28.821
3.6613 1 2 28.8776
3.6629 1 2 28.4707
3.6645 1 2 28.183
3.6661 1 2 28.4471
3.6677 1 2 28.2637
3.6693 1 2 27.7965
3.6709 1 2 27.8954
3.6725 1 2 28.0261
3.6741 1 2 27.478
3.6757 1 2 27.5226
3.6773 1 2 27.8534
3.6789 1 2 27.711
3.6805 1 2 27.7231
3.6821 1 2 27.233
3.6837 1 2 26.6055
3.6853 1 2 26.4437
3.6869 1 2 25.9151
3.6885 1 2 26.2527
3.6901 1 2 26.2424
3.6917 1 2 25.9491
3.6933 1 2 25.34
3.6949 1 2 24.8115
3.6965 1 2 24.6703
3.6981 1 2 24.5074
3.6997 1 2 25.1279
3.7013 1 2 25.2853
3.7029 1 2 24.9256
3.7045 1 2 24.6434
3.7061 1 2 25.0454
3.7077 1 2 25.7476
3.7093 1 2 25.6804
3.7109 1 2 25.7693
3.7125 1 2 25.088
3.7141 1 2 25.1075
3.7157 1 2 25.0359
3.7173 1 2 24.776
3.7189 1 2 25.1737
3.7205 1 2 25.3261
3.7221 1 2 25.1746
3.7237 1 2 25.3421
3.7253 1 2 25.4563
3.7269 1 2 25.2214
3.7285 1 2 25.2794
3.7301 1 2 25.142
3.7317 1 2 25.0522
3.7333 1 2 24.9588
3.7349 1 2 24.8807
3.7365 1 2 24.8319
3.7381 1 2 25.3454
3.7397 1 2 25.796
3.7413 1 2 25.9986
3.7429 1 2 25.6293
3.7445 1 2 26.6007
3.7461 1 2 26.6916
3.7477 1 2 27.9559
3.7493 1 2 27.4427
3.7509 1 2 27.3299
3.7525 1 2 27.5877
3.7541 1 2 27.579
3.7557 1 2 27.0969
3.7573 1 2 27.2399
3.7589 1 2 27.409
3.7605 1 2 27.4489
3.7621 1 2 27.5977
3.7637 1 2 27.7032
3.7653 1 2 27.5413
3.7669 1 2 27.6817
3.7685 1 2 28.1138
3.7701 1 2 28.4919
3.7717 1 2 28.4797
3.7733 1 2 28.7377
3.7749 1 2 28.9092
3.7765 1 2 29.4158
3.7781 1 2 29.4473
3.7797 1 2 28.776
3.7813 1 2 28.8245
3.7829 1 2 28.6908
3.7845 1 2 28.9375
3.7861 1 2 28.8829
3.7877 1 2 28.8161
3.7893 1 2 28.8675
3.7909 1 2 29.0716
3.7925 1 2 28.9506
3.7941 1 2 29.0567
3.7957 1 2 29.0621
3.7973 1 2 29.1358
3.7989 1 2 29.0253
3.8005 1 2 29.6817
3.8021 1 2 29.8421
3.8037 1 2 30.0834
3.8053 1 2 30.1807
3.8069 1 2 30.3486
3.8085 1 2 30.1358
3.8101 1 2 30.0373
3.8117 1 2 30.2912
3.8133 1 2 29.0537
3.8149 1 2 29.2659
3.8165 1 2 30.0357
3.8181 1 2 29.8295
3.8197 1 2 29.3884
3.8213 1 2 29.4765
3.8229 1 2 29.9391
3.8245 1 2 29.8724
3.8261 1 2 29.7085
3.8277 1 2 29.8647
3.8293 1 2 29.906
3.8309 1 2 29.7991
3.8325 1 2 29.671
3.8341 1 2 29.4251
3.8357 1 2 29.6995
3.8373 1 2 29.2728
3.8389 1 2 28.807
3.8405 1 2 28.5426
3.8421 1 2 28.4982
3.8437 1 2 27.7211
3.8453 1 2 27.5754
3.8469 1 2 28.1963
3.8485 1 2 27.6526
3.8501 1 2 27.6631
3.8517 1 2 27.312
3.8533 1 2 27.7911
3.8549 1 2 28.0636
3.8565 1 2 28.1416
3.8581 1 2 28.0378
3.8597 1 2 28.1422
3.8613 1 2 28.4086
3.8629 1 2 28.5757
3.8645 1 2 28.6529
3.8661 1 2 28.2566
3.8677 1 2 28.1326
3.8693 1 2 28.0763
3.8709 1 2 27.5167
3.8725 1 2 28.1544
3.8741 1 2 28.2935
3.8757 1 2 28.3959
3.8773 1 2 27.695
3.8789 1 2 28.1321
3.8805 1 2 28.2372
3.8821 1 2 28.0506
3.8837 1 2 27.4189
3.8853 1 2 26.7225
3.8869 1 2 27.2322
3.8885 1 2 27.1239
3.8901 1 2 26.421
3.8917 1 2 25.9675
3.8933 1 2 26.2772
3.8949 1 2 26.8126
3.8965 1 2 26.4148
3.8981 1 2 26.0255
3.8997 1 2 26.465
3.9013 1 2 26.6893
3.9029 1 2 26.9976
3.9045 1 2 26.913
3.9061 1 2 26.8452
3.9077 1 2 27.3114
3.9093 1 2 27.4901
3.9109 1 2 27.9286
3.9125 1 2 27.5022
3.9141 1 2 27.6083
3.9157 1 2 27.0602
3.9173 1 2 26.5758
3.9189 1 2 26.4678
3.9205 1 2 25.7756
3.9221 1 2 25.4106
3.9237 1 2 25.5084
3.9253 1 2 25.0465
3.9269 1 2 25.129
3.9285 1 2 25.0797
3.9301 1 2 24.9312
3.9317 1 2 25.2922
3.9333 1 2 24.6421
3.9349 1 2 25.0637
3.9365 1 2 24.6104
3.9381 1 2 24.6501
3.9397 1 2 24.7901
3.9413 1 2 24.6311
3.9429 1 2 24.5097
3.9445 1 2 24.857
3.9461 1 2 25.1925
3.9477 1 2 26.053
3.9493 1 2 26.1457
3.9509 1 2 26.2967
3.9525 1 2 26.1996
3.9541 1 2 25.4097
3.9557 1 2 25.037
3.9573 1 2 25.3708
3.9589 1 2 24.7569
3.9605 1 2 25.2004
3.9621 1 2 25.5752
3.9637 1 2 26.0738
3.9653 1 2 25.4177
3.9669 1 2 25.9817
3.9685 1 2 26.0509
3.9701 1 2 26.4847
3.9717 1 2 26.43
3.9733 1 2 25.6252
3.9749 1 2 25.5449
3.9765 1 2 25.7048
3.9781 1 2 26.1912
3.9797 1 2 26.8922
3.9813 1 2 27.0168
3.9829 1 2 26.7519
3.9845 1 2 27.2215
3.9861 1 2 27.1327
3.9877 1 2 27.2593
3.9893 1 2 26.7795
3.9909 1 2 26.0626
3.9925 1 2 26.0142
3.9941 1 2 25.7531
3.9957 1 2 25.4221
3.9973 1 2 25.8315
3.9989 1 2 26.4936
4.0005 1 2 26.6453
4.0021 1 2 26.6819
4.0037 1 2 26.7651
4.0053 1 2 26.7018
4.0069 1 2 26.5932
4.0085 1 2 27.4453
4.0101 1 2 27.5224
4.0117 1 2 27.5305
4.0133 1 2 28.0947
4.0149 1 2 28.1977
4.0165 1 2 27.2467
4.0181 1 2 27.6128
4.0197 1 2 27.9581
4.0213 1 2 28.1086
4.0229 1 2 28.8367
4.0245 1 2 28.4574
4.0261 1 2 28.2069
4.0277 1 2 28.6508
4.0293 1 2 28.3399
4.0309 1 2 28.7001
4.0325 1 2 28.9134
4.0341 1 2 29.0055
4.0357 1 2 29.4468
4.0373 1 2 28.9378
4.0389 1 2 29.4035
4.0405 1 2 30.3008
4.0421 1 2 30.0824
4.0437 1 2 29.6478
4.0453 1 2 29.462
4.0469 1 2 29.4921
4.0485 1 2 29.2495
4.0501 1 2 29.022
4.0517 1 2 29.067
4.0533 1 2 29.3212
4.0549 1 2 29.5106
4.0565 1 2 30.1239
4.0581 1 2 30.8954
4.0597 1 2 31.0863
4.0613 1 2 31.243
4.0629 1 2 30.3518
4.0645 1 2 30.7497
4.0661 1 2 31.5276
4.0677 1 2 31.7723
4.0693 1 2 31.8159
4.0709 1 2 32.4596
4.0725 1 2 31.664
4.0741 1 2 31.0005
4.0757 1 2 30.8492
4.0773 1 2 31.3702
4.0789 1 2 31.0769
4.0805 1 2 31.1003
4.0821 1 2 31.5083
4.0837 1 2 31.651
4.0853 1 2 31.3742
4.0869 1 2 30.8371
4.0885 1 2 31.0454
4.0901 1 2 30.9523
4.0917 1 2 30.5719
4.0933 1 2 30.346
4.0949 1 2 29.5099
4.0965 1 2 29.9545
4.0981 1 2 30.1263
4.0997 1 2 29.8331
4.1013 1 2 30.1273
4.1029 1 2 29.7497
4.1045 1 2 30.0774
4.1061 1 2 30.4092
4.1077 1 2 30.5606
4.1093 1 2 31.1258
4.1109 1 2 30.9766
4.1125 1 2 31.2504
4.1141 1 2 30.7023
4.1157 1 2 30.7083
4.1173 1 2 30.9044
4.1189 1 2 30.4431
4.1205 1 2 30.8359
4.1221 1 2 30.3662
4.1237 1 2 30.3555
4.1253 1 2 30.3429
4.1269 1 2 29.7527
4.1285 1 2 30.3899
4.1301 1 2 30.0191
4.1317 1 2 29.96
4.1333 1 2 30.1141
4.1349 1 2 30.138
4.1365 1 2 30.1008
4.1381 1 2 30.5172
4.1397 1 2 30.7445
4.1413 1 2 29.9034
4.1429 1 2 30.4124
4.1445 1 2 30.9283
4.1461 1 2 30.9048
4.1477 1 2 30.6483
4.1493 1 2 30.7571
4.1509 1 2 31.1926
4.1525 1 2 31.1707
4.1541 1 2 31.0476
4.1557 1 2 30.1642
4.1573 1 2 29.7895
4.1589 1 2 29.6494
4.1605 1 2 29.6594
4.1621 1 2 29.8407
4.1637 1 2 29.624
4.1653 1 2 29.5284
4.1669 1 2 29.5125
4.1685 1 2 29.6332
4.1701 1 2 29.9262
4.1717 1 2 29.9058
4.1733 1 2 29.9595
4.1749 1 2 29.402
4.1765 1 2 29.7489
4.1781 1 2 29.5012
4.1797 1 2 29.2314
4.1813 1 2 28.8392
4.1829 1 2 28.7814
4.1845 1 2 28.6819
4.1861 1 2 29.4507
4.1877 1 2 29.127
4.1893 1 2 29.3993
4.1909 1 2 29.929
4.1925 1 2 29.7557
4.1941 1 2 29.418
4.1957 1 2 29.5317
4.1973 1 2 28.708
4.1989 1 2 29.1367
4.2005 1 2 29.6552
4.2021 1 2 29.3738
4.2037 1 2 28.9151
4.2053 1 2 29.2286
4.2069 1 2 29.6072
4.2085 1 2 30.5764
4.2101 1 2 30.8496
4.2117 1 2 30.8865
4.2133 1 2 30.8143
4.2149 1 2 30.6878
4.2165 1 2 30.2742
4.2181 1 2 30.3182
4.2197 1 2 30.1974
4.2213 1 2 30.172
4.2229 1 2 29.8144
4.2245 1 2 29.5894
4.2261 1 2 29.6102
4.2277 1 2 29.6559
4.2293 1 2 29.5073
4.2309 1 2 29.7051
4.2325 1 2 29.2086
4.2341 1 2 29.3408
4.2357 1 2 28.868
4.2373 1 2 29.2501
4.2389 1 2 29.7595
4.2405 1 2 29.7884
4.2421 1 2 30.5984
4.2437 1 2 31.0851
4.2453 1 2 31.2827
4.2469 1 2 31.5277
4.2485 1 2 30.9785
4.2501 1 2 31.1405
4.2517 1 2 31.1031
4.2533 1 2 31.2577
4.2549 1 2 31.2437
4.2565 1 2 30.5286
4.2581 1 2 30.6809
4.2597 1 2 30.72
4.2613 1 2 31.2312
4.2629 1 2 31.0964
4.2645 1 2 31.4854
4.2661 1 2 31.3851
4.2677 1 2 30.7678
4.2693 1 2 30.7969
4.2709 1 2 31.0442
4.2725 1 2 30.962
4.2741 1 2 30.6282
4.2757 1 2 30.6362
4.2773 1 2 30.146
4.2789 1 2 30.2062
4.2805 1 2 30.0426
4.2821 1 2 29.58
4.2837 1 2 30.2033
4.2853 1 2 31.1229
4.2869 1 2 30.8952
4.2885 1 2 30.6618
4.2901 1 2 30.6761
4.2917 1 2 31.1486
4.2933 1 2 31.1104
4.2949 1 2 31.1204
4.2965 1 2 30.543
4.2981 1 2 30.5525
4.2997 1 2 30.0434
4.3013 1 2 30.0386
4.3029 1 2 29.4093
4.3045 1 2 29.5028
4.3061 1 2 29.4675
4.3077 1 2 28.9096
4.3093 1 2 28.3118
4.3109 1 2 28.2712
4.3125 1 2 28.5628
4.3141 1 2 28.1251
4.3157 1 2 27.9239
4.3173 1 2 28.5539
4.3189 1 2 28.9129
4.3205 1 2 29.5066
4.3221 1 2 29.158
4.3237 1 2 28.4844
4.3253 1 2 28.7169
4.3269 1 2 27.7374
4.3285 1 2 27.6068
4.3301 1 2 27.5373
4.3317 1 2 27.8148
4.3333 1 2 28.3127
4.3349 1 2 29.0426
4.3365 1 2 29.6584
4.3381 1 2 29.9533
4.3397 1 2 29.1762
4.3413 1 2 29.2964
4.3429 1 2 29.8705
4.3445 1 2 29.5566
4.3461 1 2 29.2234
4.3477 1 2 29.7512
4.3493 1 2 30.2272
4.3509 1 2 30.2648
4.3525 1 2 30.1636
4.3541 1 2 29.7453
4.3557 1 2 29.2803
4.3573 1 2 29.5042
4.3589 1 2 29.3481
4.3605 1 2 29.6016
4.3621 1 2 29.5937
4.3637 1 2 29.8483
4.3653 1 2 30.1129
4.3669 1 2 29.929
4.3685 1 2 29.7393
4.3701 1 2 29.9506
4.3717 1 2 30.1458
4.3733 1 2 30.6078
4.3749 1 2 30.6386
4.3765 1 2 30.107
4.3781 1 2 30.186
4.3797 1 2 30.9915
4.3813 1 2 30.6533
4.3829 1 2 31.1325
4.3845 1 2 31.4735
4.3861 1 2 31.7153
4.3877 1 2 31.212
4.3893 1 2 31.5208
4.3909 1 2 31.9068
4.3925 1 2 31.8832
4.3941 1 2 31.8955
4.3957 1 2 31.5412
4.3973 1 2 31.3003
4.3989 1 2 31.304
4.4005 1 2 30.8666
4.4021 1 2 30.9717
4.4037 1 2 29.997
4.4053 1 2 29.3732
4.4069 1 2 29.1209
4.4085 1 2 29.6201
4.4101 1 2 29.875
4.4117 1 2 29.9131
4.4133 1 2 29.1813
4.4149 1 2 29.8259
4.4165 1 2 29.267
4.4181 1 2 28.9445
4.4197 1 2 28.4647
4.4213 1 2 28.446
4.4229 1 2 28.8715
4.4245 1 2 28.6627
4.4261 1 2 28.6047
4.4277 1 2 28.916
4.4293 1 2 29.263
4.4309 1 2 28.9498
4.4325 1 2 29.6198
4.4341 1 2 28.9145
4.4357 1 2 28.6969
4.4373 1 2 28.5218
4.4389 1 2 28.2674
4.4405 1 2 28.0662
4.4421 1 2 28.2078
4.4437 1 2 28.5156
4.4453 1 2 29.0502
4.4469 1 2 28.7667
4.4485 1 2 29.2743
4.4501 1 2 29.0635
4.4517 1 2 29.276
4.4533 1 2 28.8443
4.4549 1 2 28.9848
4.4565 1 2 28.1035
4.4581 1 2 28.1381
4.4597 1 2 28.378
4.4613 1 2 28.049
4.4629 1 2 28.3161
4.4645 1 2 28.0721
4.4661 1 2 28.3634
4.4677 1 2 28.5907
4.4693 1 2 28.8637
4.4709 1 2 28.034
4.4725 1 2 28.4578
4.4741 1 2 29.4237
4.4757 1 2 29.8359
4.4773 1 2 29.7019
4.4789 1 2 29.8807
4.4805 1 2 30.1107
4.4821 1 2 30.4832
4.4837 1 2 30.0602
4.4853 1 2 29.277
4.4869 1 2 29.2121
4.4885 1 2 29.0946
4.4901 1 2 29.5794
4.4917 1 2 29.8732
4.4933 1 2 29.2003
4.4949 1 2 28.6476
4.4965 1 2 28.8068
4.4981 1 2 29.194
4.4997 1 2 29.1213
