Tx 0.021 1 1 0 12 
Rx 0.024 1 1 0 12 2999999
Tx 0.036 1 1 0 3 
Tx 0.036 1 1 1 2 
Rx 0.039 1 1 0 3 2999999
Tx 0.04 1 1 1 2 
Tx 0.0434 2 1 0 12 
Rx 0.0437083 2 1 0 12 308319
Tx 0.0443 2 1 1 2 
Tx 0.051 1 1 1 44 
Tx 0.056 1 1 1 2 
Tx 0.057 1 1 1 19 
Rx 0.058 1 1 1 44 0
Rx 0.059 1 1 1 2 0
Rx 0.06 1 1 1 19 2999999
Tx 0.06 1 1 1 2 
Rx 0.063 1 1 1 2 0
Rx 0.064 1 1 1 19 0
Tx 0.066 1 1 1 2 
Rx 0.068 1 1 1 19 0
Rx 0.069 1 1 1 2 0
Tx 0.07 1 1 1 2 
Rx 0.073 1 1 1 2 0
Tx 0.076 1 1 1 2 
Rx 0.079 1 1 1 2 0
Tx 0.1005 2 1 3 2 
Rx 0.100808 2 1 3 2 0
Tx 0.1035 2 1 3 62 
Rx 0.103808 2 1 3 62 308319
Tx 0.1044 2 1 3 2 
Rx 0.104708 2 1 3 2 0
Tx 0.1074 2 1 3 58 
Rx 0.107708 2 1 3 58 308319
Tx 0.1083 2 1 3 2 
Rx 0.108608 2 1 3 2 0
Tx 0.1113 2 1 3 58 
Rx 0.111608 2 1 3 58 308319
Tx 0.1122 2 1 3 2 
Rx 0.112508 2 1 3 2 0
Tx 0.1152 2 1 3 58 
Rx 0.115508 2 1 3 58 308319
Tx 0.1161 2 1 3 2 
Rx 0.116408 2 1 3 2 0
Tx 0.1191 2 1 3 114 
Rx 0.119408 2 1 3 114 308319
Tx 0.12 2 1 3 2 
Rx 0.120308 2 1 3 2 0
Tx 0.123 2 1 3 169 
Rx 0.123308 2 1 3 169 308319
Tx 0.1239 2 1 3 2 
Rx 0.124208 2 1 3 2 0
Tx 0.1269 2 1 3 225 
Rx 0.127208 2 1 3 225 308319
Tx 0.1278 2 1 3 2 
Rx 0.128108 2 1 3 2 0
Tx 0.1308 2 1 3 336 
Rx 0.131108 2 1 3 336 308319
Tx 0.1317 2 1 3 2 
Rx 0.132008 2 1 3 2 0
Tx 0.1347 2 1 3 500 
Rx 0.135008 2 1 3 500 308319
Tx 0.1356 2 1 3 2 
Tx 0.1356 2 1 3 6 
Rx 0.135908 2 1 3 2 0
Rx 0.135908 2 1 3 6 308319
Tx 0.1386 2 1 3 2 
Tx 0.1386 2 1 3 662 
Rx 0.138908 2 1 3 2 0
Rx 0.138908 2 1 3 662 308319
Tx 0.1395 2 1 3 122 
Rx 0.139808 2 1 3 122 308319
Tx 0.1404 2 1 3 2 
Rx 0.140708 2 1 3 2 0
Tx 0.1425 2 1 3 169 
Tx 0.1426 2 1 3 716 
Rx 0.142808 2 1 3 169 308319
Rx 0.142908 2 1 3 716 308319
Tx 0.1434 2 1 3 2 
Tx 0.1434 2 1 3 290 
Rx 0.143708 2 1 3 2 0
Rx 0.143708 2 1 3 290 308319
Tx 0.1464 2 1 3 2 
Tx 0.1464 2 1 3 280 
Tx 0.1465 2 1 3 58 
Tx 0.1466 2 1 3 878 
Rx 0.146708 2 1 3 2 0
Rx 0.146708 2 1 3 280 308319
Rx 0.146808 2 1 3 58 308319
Rx 0.146908 2 1 3 878 308319
Tx 0.1473 2 1 3 513 
Tx 0.1475 2 1 3 2 
Tx 0.1475 2 1 3 8 
Rx 0.147608 2 1 3 513 308319
Rx 0.147808 2 1 3 2 0
Rx 0.147808 2 1 3 8 308319
Tx 0.1503 2 1 3 2 
Tx 0.1503 2 1 3 446 
Tx 0.1504 2 1 3 555 
Tx 0.1505 2 1 3 65 
Tx 0.1506 2 1 3 716 
Rx 0.150608 2 1 3 2 0
Rx 0.150608 2 1 3 446 308319
Rx 0.150708 2 1 3 555 308319
Rx 0.150808 2 1 3 65 308319
Rx 0.150908 2 1 3 716 308319
Tx 0.1512 2 1 3 562 
Tx 0.1513 2 1 3 2 
Rx 0.151508 2 1 3 562 308319
Rx 0.151608 2 1 3 2 0
Tx 0.1542 2 1 3 2 
Tx 0.1542 2 1 3 829 
Tx 0.1543 2 1 3 73 
Tx 0.1544 2 1 3 1040 
Tx 0.1545 2 1 3 895 
Rx 0.154508 2 1 3 2 0
Rx 0.154508 2 1 3 829 308319
Rx 0.154608 2 1 3 73 308319
Rx 0.154708 2 1 3 1040 308319
Rx 0.154808 2 1 3 895 308319
Tx 0.155 2 1 3 240 
Tx 0.1551 2 1 3 608 
Tx 0.1553 2 1 3 2 
Tx 0.1553 2 1 3 9 
Rx 0.155308 2 1 3 240 308319
Rx 0.155408 2 1 3 608 308319
Rx 0.155608 2 1 3 2 0
Rx 0.155608 2 1 3 9 308319
Tx 0.1581 2 1 3 2 
Tx 0.1581 2 1 3 58 
Tx 0.1582 2 1 3 1040 
Tx 0.1583 2 1 3 1003 
Tx 0.1584 2 1 3 1057 
Rx 0.158408 2 1 3 2 0
Rx 0.158408 2 1 3 58 308319
Tx 0.1585 2 1 3 951 
Rx 0.158508 2 1 3 1040 308319
Tx 0.1586 2 1 3 187 
Rx 0.158608 2 1 3 1003 308319
Tx 0.1587 2 1 3 336 
Rx 0.158708 2 1 3 1057 308319
Tx 0.1588 2 1 3 500 
Rx 0.158808 2 1 3 951 308319
Rx 0.158908 2 1 3 187 308319
Tx 0.159 2 1 3 173 
Rx 0.159008 2 1 3 336 308319
Tx 0.1591 2 1 3 2 
Rx 0.159108 2 1 3 500 308319
Rx 0.159308 2 1 3 173 308319
Rx 0.159408 2 1 3 2 0
Tx 0.162 2 1 3 2 
Tx 0.162 2 1 3 391 
Tx 0.1621 2 1 3 58 
Tx 0.1622 2 1 3 986 
Tx 0.1623 2 1 3 1002 
Rx 0.162308 2 1 3 2 0
Rx 0.162308 2 1 3 391 308319
Tx 0.1624 2 1 3 1003 
Rx 0.162408 2 1 3 58 308319
Tx 0.1625 2 1 3 1003 
Rx 0.162508 2 1 3 986 308319
Tx 0.1626 2 1 3 1003 
Rx 0.162608 2 1 3 1002 308319
Tx 0.1627 2 1 3 1003 
Rx 0.162708 2 1 3 1003 308319
Tx 0.1628 2 1 3 1057 
Rx 0.162808 2 1 3 1003 308319
Tx 0.1629 2 1 3 735 
Rx 0.162908 2 1 3 1003 308319
Rx 0.163008 2 1 3 1003 308319
Tx 0.1631 2 1 3 2 
Tx 0.1631 2 1 3 14 
Rx 0.163108 2 1 3 1057 308319
Rx 0.163208 2 1 3 735 308319
Rx 0.163408 2 1 3 2 0
Rx 0.163408 2 1 3 14 308319
Tx 0.1659 2 1 3 2 
Tx 0.1659 2 1 3 608 
Tx 0.166 2 1 3 721 
Tx 0.1661 2 1 3 70 
Tx 0.1662 2 1 3 932 
Rx 0.166208 2 1 3 2 0
Rx 0.166208 2 1 3 608 308319
Tx 0.1663 2 1 3 1000 
Rx 0.166308 2 1 3 721 308319
Tx 0.1664 2 1 3 1003 
Rx 0.166408 2 1 3 70 308319
Tx 0.1665 2 1 3 1003 
Rx 0.166508 2 1 3 932 308319
Tx 0.1666 2 1 3 1003 
Rx 0.166608 2 1 3 1000 308319
Tx 0.1667 2 1 3 1057 
Rx 0.166708 2 1 3 1003 308319
Tx 0.1668 2 1 3 1005 
Rx 0.166808 2 1 3 1003 308319
Tx 0.1669 2 1 3 2 
Rx 0.166908 2 1 3 1003 308319
Tx 0.167 2 1 3 1057 
Rx 0.167008 2 1 3 1057 308319
Tx 0.1671 2 1 3 1005 
Rx 0.167108 2 1 3 1005 308319
Tx 0.1672 2 1 3 1003 
Rx 0.167208 2 1 3 2 0
Rx 0.167308 2 1 3 1057 308319
Rx 0.167408 2 1 3 1005 308319
Rx 0.167508 2 1 3 1003 308319
Tx 0.168 2 1 3 2 
Tx 0.168 2 1 3 21 
Rx 0.168308 2 1 3 2 0
Rx 0.168308 2 1 3 21 308319
Tx 0.1691 2 1 3 2 
Rx 0.169408 2 1 3 2 0
Tx 0.1698 2 1 3 58 
Tx 0.1699 2 1 3 986 
Tx 0.17 2 1 3 948 
Tx 0.1701 2 1 3 1002 
Rx 0.170108 2 1 3 58 308319
Tx 0.1702 2 1 3 1003 
Rx 0.170208 2 1 3 986 308319
Tx 0.1703 2 1 3 949 
Rx 0.170308 2 1 3 948 308319
Tx 0.1704 2 1 3 1002 
Rx 0.170408 2 1 3 1002 308319
Tx 0.1705 2 1 3 1003 
Rx 0.170508 2 1 3 1003 308319
Tx 0.1706 2 1 3 1003 
Rx 0.170608 2 1 3 949 308319
Tx 0.1707 2 1 3 2 
Tx 0.1707 2 1 3 949 
Rx 0.170708 2 1 3 1002 308319
Tx 0.1708 2 1 3 1002 
Rx 0.170808 2 1 3 1003 308319
Tx 0.1709 2 1 3 77 
Rx 0.170908 2 1 3 1003 308319
Tx 0.171 2 1 3 986 
Rx 0.171008 2 1 3 2 0
Rx 0.171008 2 1 3 949 308319
Tx 0.1711 2 1 3 1056 
Rx 0.171108 2 1 3 1002 308319
Tx 0.1712 2 1 3 1059 
Rx 0.171208 2 1 3 77 308319
Tx 0.1713 2 1 3 1005 
Rx 0.171308 2 1 3 986 308319
Tx 0.1714 2 1 3 1273 
Rx 0.171408 2 1 3 1056 308319
Tx 0.1715 2 1 3 633 
Rx 0.171508 2 1 3 1059 308319
Rx 0.171608 2 1 3 1005 308319
Rx 0.171708 2 1 3 1273 308319
Tx 0.1718 2 1 3 2 
Tx 0.1718 2 1 3 11 
Rx 0.171808 2 1 3 633 308319
Tx 0.172 2 1 3 58 
Tx 0.1721 2 1 3 1364 
Rx 0.172108 2 1 3 2 0
Rx 0.172108 2 1 3 11 308319
Rx 0.172308 2 1 3 58 308319
Rx 0.172408 2 1 3 1364 308319
Tx 0.1729 2 1 3 2 
Tx 0.1729 2 1 3 30 
Rx 0.173208 2 1 3 2 0
Rx 0.173208 2 1 3 30 308319
Tx 0.1737 2 1 3 446 
Tx 0.1738 2 1 3 447 
Tx 0.1739 2 1 3 2 
Tx 0.174 2 1 3 1906 
Rx 0.174008 2 1 3 446 308319
Tx 0.1741 2 1 3 1029 
Rx 0.174108 2 1 3 447 308319
Tx 0.1742 2 1 3 1003 
Rx 0.174208 2 1 3 2 0
Tx 0.1743 2 1 3 1003 
Rx 0.174312 2 1 3 1906 312479
Tx 0.1744 2 1 3 949 
Rx 0.174408 2 1 3 1029 308319
Tx 0.1745 2 1 3 1002 
Rx 0.174508 2 1 3 1003 308319
Tx 0.1746 2 1 3 1003 
Rx 0.174608 2 1 3 1003 308319
Tx 0.1747 2 1 3 895 
Rx 0.174708 2 1 3 949 308319
Tx 0.1748 2 1 3 74 
Rx 0.174808 2 1 3 1002 308319
Tx 0.1749 2 1 3 2 
Rx 0.174908 2 1 3 1003 308319
Tx 0.175 2 1 3 1958 
Rx 0.175008 2 1 3 895 308319
Tx 0.1751 2 1 3 1029 
Rx 0.175108 2 1 3 74 308319
Tx 0.1752 2 1 3 1057 
Rx 0.175208 2 1 3 2 0
Tx 0.1753 2 1 3 1005 
Rx 0.175312 2 1 3 1958 312479
Tx 0.1754 2 1 3 1003 
Rx 0.175408 2 1 3 1029 308319
Tx 0.1755 2 1 3 1003 
Rx 0.175508 2 1 3 1057 308319
Tx 0.1756 2 1 3 1003 
Rx 0.175608 2 1 3 1005 308319
Tx 0.1757 2 1 3 949 
Rx 0.175708 2 1 3 1003 308319
Tx 0.1758 2 1 3 76 
Rx 0.175808 2 1 3 1003 308319
Tx 0.1759 2 1 3 2 
Rx 0.175908 2 1 3 1003 308319
Tx 0.176 2 1 3 2012 
Rx 0.176008 2 1 3 949 308319
Tx 0.1761 2 1 3 1084 
Rx 0.176108 2 1 3 76 308319
Tx 0.1762 2 1 3 1059 
Rx 0.176208 2 1 3 2 0
Tx 0.1763 2 1 3 1275 
Rx 0.176312 2 1 3 2012 312479
Tx 0.1764 2 1 3 579 
Rx 0.176408 2 1 3 1084 308319
Rx 0.176508 2 1 3 1059 308319
Rx 0.176608 2 1 3 1275 308319
Rx 0.176708 2 1 3 579 308319
Tx 0.1769 2 1 3 2 
Tx 0.177 2 1 3 1045 
Rx 0.177208 2 1 3 2 0
Rx 0.177308 2 1 3 1045 308319
Tx 0.1776 2 1 3 79 
Tx 0.1777 2 1 3 932 
Tx 0.1778 2 1 3 946 
Tx 0.1779 2 1 3 2 
Rx 0.177908 2 1 3 79 308319
Tx 0.178 2 1 3 1056 
Rx 0.178008 2 1 3 932 308319
Tx 0.1781 2 1 3 1005 
Rx 0.178108 2 1 3 946 308319
Tx 0.1782 2 1 3 949 
Rx 0.178208 2 1 3 2 0
Tx 0.1783 2 1 3 1002 
Rx 0.178308 2 1 3 1056 308319
Tx 0.1784 2 1 3 1003 
Rx 0.178408 2 1 3 1005 308319
Tx 0.1785 2 1 3 949 
Rx 0.178508 2 1 3 949 308319
Tx 0.1786 2 1 3 948 
Rx 0.178608 2 1 3 1002 308319
Tx 0.1787 2 1 3 1002 
Rx 0.178708 2 1 3 1003 308319
Tx 0.1788 2 1 3 949 
Rx 0.178808 2 1 3 949 308319
Tx 0.1789 2 1 3 2 
Rx 0.178908 2 1 3 948 308319
Tx 0.179 2 1 3 1002 
Rx 0.179008 2 1 3 1002 308319
Tx 0.1791 2 1 3 1003 
Rx 0.179108 2 1 3 949 308319
Tx 0.1792 2 1 3 1003 
Rx 0.179208 2 1 3 2 0
Tx 0.1793 2 1 3 1003 
Rx 0.179308 2 1 3 1002 308319
Tx 0.1794 2 1 3 949 
Rx 0.179408 2 1 3 1003 308319
Tx 0.1795 2 1 3 948 
Rx 0.179508 2 1 3 1003 308319
Tx 0.1796 2 1 3 1002 
Rx 0.179608 2 1 3 1003 308319
Tx 0.1797 2 1 3 1003 
Rx 0.179708 2 1 3 949 308319
Tx 0.1798 2 1 3 895 
Rx 0.179808 2 1 3 948 308319
Tx 0.1799 2 1 3 2 
Rx 0.179908 2 1 3 1002 308319
Tx 0.18 2 1 3 1108 
Rx 0.180008 2 1 3 1003 308319
Tx 0.1801 2 1 3 1006 
Rx 0.180108 2 1 3 895 308319
Tx 0.1802 2 1 3 1057 
Rx 0.180208 2 1 3 2 0
Tx 0.1803 2 1 3 1059 
Rx 0.180308 2 1 3 1108 308319
Tx 0.1804 2 1 3 951 
Rx 0.180408 2 1 3 1006 308319
Tx 0.1805 2 1 3 1002 
Rx 0.180508 2 1 3 1057 308319
Tx 0.1806 2 1 3 1165 
Rx 0.180608 2 1 3 1059 308319
Tx 0.1807 2 1 3 792 
Rx 0.180708 2 1 3 951 308319
Rx 0.180808 2 1 3 1002 308319
Rx 0.180908 2 1 3 1165 308319
Tx 0.181 2 1 3 2 
Tx 0.181 2 1 3 71 
Rx 0.181008 2 1 3 792 308319
Tx 0.1811 2 1 3 986 
Tx 0.1812 2 1 3 1002 
Tx 0.1813 2 1 3 895 
Rx 0.181308 2 1 3 2 0
Rx 0.181308 2 1 3 71 308319
Tx 0.1814 2 1 3 74 
Rx 0.181408 2 1 3 986 308319
Tx 0.1815 2 1 3 986 
Rx 0.181508 2 1 3 1002 308319
Tx 0.1816 2 1 3 1002 
Rx 0.181608 2 1 3 895 308319
Tx 0.1817 2 1 3 1003 
Rx 0.181708 2 1 3 74 308319
Tx 0.1818 2 1 3 949 
Rx 0.181808 2 1 3 986 308319
Tx 0.1819 2 1 3 948 
Rx 0.181908 2 1 3 1002 308319
Tx 0.182 2 1 3 2 
Rx 0.182008 2 1 3 1003 308319
Tx 0.1821 2 1 3 1056 
Rx 0.182108 2 1 3 949 308319
Tx 0.1822 2 1 3 951 
Rx 0.182208 2 1 3 948 308319
Tx 0.1823 2 1 3 1002 
Rx 0.182308 2 1 3 2 0
Tx 0.1824 2 1 3 1003 
Rx 0.182408 2 1 3 1056 308319
Tx 0.1825 2 1 3 1003 
Rx 0.182508 2 1 3 951 308319
Tx 0.1826 2 1 3 949 
Rx 0.182608 2 1 3 1002 308319
Tx 0.1827 2 1 3 1002 
Rx 0.182708 2 1 3 1003 308319
Tx 0.1828 2 1 3 1003 
Rx 0.182808 2 1 3 1003 308319
Tx 0.1829 2 1 3 895 
Rx 0.182908 2 1 3 949 308319
Tx 0.183 2 1 3 2 
Rx 0.183008 2 1 3 1002 308319
Tx 0.1831 2 1 3 1054 
Rx 0.183108 2 1 3 1003 308319
Tx 0.1832 2 1 3 1005 
Rx 0.183208 2 1 3 895 308319
Tx 0.1833 2 1 3 1003 
Rx 0.183308 2 1 3 2 0
Tx 0.1834 2 1 3 949 
Rx 0.183408 2 1 3 1054 308319
Tx 0.1835 2 1 3 1002 
Rx 0.183508 2 1 3 1005 308319
Tx 0.1836 2 1 3 1003 
Rx 0.183608 2 1 3 1003 308319
Tx 0.1837 2 1 3 949 
Rx 0.183708 2 1 3 949 308319
Tx 0.1838 2 1 3 1002 
Rx 0.183808 2 1 3 1002 308319
Tx 0.1839 2 1 3 949 
Rx 0.183908 2 1 3 1003 308319
Tx 0.184 2 1 3 2 
Rx 0.184008 2 1 3 949 308319
Tx 0.1841 2 1 3 1056 
Rx 0.184108 2 1 3 1002 308319
Tx 0.1842 2 1 3 951 
Rx 0.184208 2 1 3 949 308319
Tx 0.1843 2 1 3 1056 
Rx 0.184308 2 1 3 2 0
Tx 0.1844 2 1 3 1005 
Rx 0.184408 2 1 3 1056 308319
Tx 0.1845 2 1 3 1003 
Rx 0.184508 2 1 3 951 308319
Tx 0.1846 2 1 3 1003 
Rx 0.184608 2 1 3 1056 308319
Tx 0.1847 2 1 3 1003 
Rx 0.184708 2 1 3 1005 308319
Tx 0.1848 2 1 3 949 
Rx 0.184808 2 1 3 1003 308319
Tx 0.1849 2 1 3 948 
Rx 0.184908 2 1 3 1003 308319
Tx 0.185 2 1 3 2 
Rx 0.185008 2 1 3 1003 308319
Tx 0.1851 2 1 3 1056 
Rx 0.185108 2 1 3 949 308319
Tx 0.1852 2 1 3 951 
Rx 0.185208 2 1 3 948 308319
Tx 0.1853 2 1 3 1002 
Rx 0.185308 2 1 3 2 0
Tx 0.1854 2 1 3 1003 
Rx 0.185408 2 1 3 1056 308319
Tx 0.1855 2 1 3 1003 
Rx 0.185508 2 1 3 951 308319
Tx 0.1856 2 1 3 949 
Rx 0.185608 2 1 3 1002 308319
Tx 0.1857 2 1 3 1002 
Rx 0.185708 2 1 3 1003 308319
Tx 0.1858 2 1 3 1003 
Rx 0.185808 2 1 3 1003 308319
Tx 0.1859 2 1 3 895 
Rx 0.185908 2 1 3 949 308319
Tx 0.186 2 1 3 2 
Rx 0.186008 2 1 3 1002 308319
Tx 0.1861 2 1 3 1054 
Rx 0.186108 2 1 3 1003 308319
Tx 0.1862 2 1 3 1005 
Rx 0.186208 2 1 3 895 308319
Tx 0.1863 2 1 3 1003 
Rx 0.186308 2 1 3 2 0
Tx 0.1864 2 1 3 949 
Rx 0.186408 2 1 3 1054 308319
Tx 0.1865 2 1 3 1002 
Rx 0.186508 2 1 3 1005 308319
Tx 0.1866 2 1 3 1003 
Rx 0.186608 2 1 3 1003 308319
Tx 0.1867 2 1 3 949 
Rx 0.186708 2 1 3 949 308319
Tx 0.1868 2 1 3 1002 
Rx 0.186808 2 1 3 1002 308319
Tx 0.1869 2 1 3 949 
Rx 0.186908 2 1 3 1003 308319
Tx 0.187 2 1 3 2 
Rx 0.187008 2 1 3 949 308319
Tx 0.1871 2 1 3 1056 
Rx 0.187108 2 1 3 1002 308319
Tx 0.1872 2 1 3 951 
Rx 0.187208 2 1 3 949 308319
Tx 0.1873 2 1 3 1002 
Rx 0.187308 2 1 3 2 0
Tx 0.1874 2 1 3 1003 
Rx 0.187408 2 1 3 1056 308319
Tx 0.1875 2 1 3 949 
Rx 0.187508 2 1 3 951 308319
Tx 0.1876 2 1 3 1002 
Rx 0.187608 2 1 3 1002 308319
Tx 0.1877 2 1 3 1003 
Rx 0.187708 2 1 3 1003 308319
Tx 0.1878 2 1 3 1003 
Rx 0.187808 2 1 3 949 308319
Tx 0.1879 2 1 3 895 
Rx 0.187908 2 1 3 1002 308319
Tx 0.188 2 1 3 2 
Rx 0.188008 2 1 3 1003 308319
Tx 0.1881 2 1 3 1054 
Rx 0.188108 2 1 3 1003 308319
Tx 0.1882 2 1 3 1005 
Rx 0.188208 2 1 3 895 308319
Tx 0.1883 2 1 3 1003 
Rx 0.188308 2 1 3 2 0
Tx 0.1884 2 1 3 949 
Rx 0.188408 2 1 3 1054 308319
Tx 0.1885 2 1 3 1002 
Rx 0.188508 2 1 3 1005 308319
Tx 0.1886 2 1 3 1003 
Rx 0.188608 2 1 3 1003 308319
Tx 0.1887 2 1 3 949 
Rx 0.188708 2 1 3 949 308319
Tx 0.1888 2 1 3 1002 
Rx 0.188808 2 1 3 1002 308319
Tx 0.1889 2 1 3 949 
Rx 0.188908 2 1 3 1003 308319
Tx 0.189 2 1 3 2 
Rx 0.189008 2 1 3 949 308319
Tx 0.1891 2 1 3 1056 
Rx 0.189108 2 1 3 1002 308319
Tx 0.1892 2 1 3 951 
Rx 0.189208 2 1 3 949 308319
Tx 0.1893 2 1 3 1002 
Rx 0.189308 2 1 3 2 0
Tx 0.1894 2 1 3 1003 
Rx 0.189408 2 1 3 1056 308319
Tx 0.1895 2 1 3 949 
Rx 0.189508 2 1 3 951 308319
Tx 0.1896 2 1 3 1002 
Rx 0.189608 2 1 3 1002 308319
Tx 0.1897 2 1 3 1003 
Rx 0.189708 2 1 3 1003 308319
Tx 0.1898 2 1 3 1003 
Rx 0.189808 2 1 3 949 308319
Tx 0.1899 2 1 3 895 
Rx 0.189908 2 1 3 1002 308319
Tx 0.19 2 1 3 2 
Rx 0.190008 2 1 3 1003 308319
Tx 0.1901 2 1 3 1054 
Rx 0.190108 2 1 3 1003 308319
Tx 0.1902 2 1 3 1005 
Rx 0.190208 2 1 3 895 308319
Tx 0.1903 2 1 3 949 
Rx 0.190308 2 1 3 2 0
Tx 0.1904 2 1 3 1002 
Rx 0.190408 2 1 3 1054 308319
Tx 0.1905 2 1 3 1003 
Rx 0.190508 2 1 3 1005 308319
Tx 0.1906 2 1 3 1003 
Rx 0.190608 2 1 3 949 308319
Tx 0.1907 2 1 3 949 
Rx 0.190708 2 1 3 1002 308319
Tx 0.1908 2 1 3 1002 
Rx 0.190808 2 1 3 1003 308319
Tx 0.1909 2 1 3 949 
Rx 0.190908 2 1 3 1003 308319
Tx 0.191 2 1 3 2 
Rx 0.191008 2 1 3 949 308319
Tx 0.1911 2 1 3 1002 
Rx 0.191108 2 1 3 1002 308319
Tx 0.1912 2 1 3 1003 
Rx 0.191208 2 1 3 949 308319
Tx 0.1913 2 1 3 1003 
Rx 0.191308 2 1 3 2 0
Tx 0.1914 2 1 3 1003 
Rx 0.191408 2 1 3 1002 308319
Tx 0.1915 2 1 3 949 
Rx 0.191508 2 1 3 1003 308319
Tx 0.1916 2 1 3 1002 
Rx 0.191608 2 1 3 1003 308319
Tx 0.1917 2 1 3 1003 
Rx 0.191708 2 1 3 1003 308319
Tx 0.1918 2 1 3 949 
Rx 0.191808 2 1 3 949 308319
Tx 0.1919 2 1 3 948 
Rx 0.191908 2 1 3 1002 308319
Tx 0.192 2 1 3 2 
Rx 0.192008 2 1 3 1003 308319
Tx 0.1921 2 1 3 1056 
Rx 0.192108 2 1 3 949 308319
Tx 0.1922 2 1 3 1005 
Rx 0.192208 2 1 3 948 308319
Tx 0.1923 2 1 3 949 
Rx 0.192308 2 1 3 2 0
Tx 0.1924 2 1 3 1002 
Rx 0.192408 2 1 3 1056 308319
Tx 0.1925 2 1 3 1003 
Rx 0.192508 2 1 3 1005 308319
Tx 0.1926 2 1 3 949 
Rx 0.192608 2 1 3 949 308319
Tx 0.1927 2 1 3 1002 
Rx 0.192708 2 1 3 1002 308319
Tx 0.1928 2 1 3 1003 
Rx 0.192808 2 1 3 1003 308319
Tx 0.1929 2 1 3 949 
Rx 0.192908 2 1 3 949 308319
Tx 0.193 2 1 3 2 
Rx 0.193008 2 1 3 1002 308319
Tx 0.1931 2 1 3 1002 
Rx 0.193108 2 1 3 1003 308319
Tx 0.1932 2 1 3 1003 
Rx 0.193208 2 1 3 949 308319
Tx 0.1933 2 1 3 1003 
Rx 0.193308 2 1 3 2 0
Tx 0.1934 2 1 3 949 
Rx 0.193408 2 1 3 1002 308319
Tx 0.1935 2 1 3 1002 
Rx 0.193508 2 1 3 1003 308319
Tx 0.1936 2 1 3 1003 
Rx 0.193608 2 1 3 1003 308319
Tx 0.1937 2 1 3 1003 
Rx 0.193708 2 1 3 949 308319
Tx 0.1938 2 1 3 949 
Rx 0.193808 2 1 3 1002 308319
Tx 0.1939 2 1 3 948 
Rx 0.193908 2 1 3 1003 308319
Tx 0.194 2 1 3 2 
Rx 0.194008 2 1 3 1003 308319
Tx 0.1941 2 1 3 1056 
Rx 0.194108 2 1 3 949 308319
Tx 0.1942 2 1 3 951 
Rx 0.194208 2 1 3 948 308319
Tx 0.1943 2 1 3 1002 
Rx 0.194308 2 1 3 2 0
Tx 0.1944 2 1 3 1003 
Rx 0.194408 2 1 3 1056 308319
Tx 0.1945 2 1 3 1003 
Rx 0.194508 2 1 3 951 308319
Tx 0.1946 2 1 3 949 
Rx 0.194608 2 1 3 1002 308319
Tx 0.1947 2 1 3 1002 
Rx 0.194708 2 1 3 1003 308319
Tx 0.1948 2 1 3 1003 
Rx 0.194808 2 1 3 1003 308319
Tx 0.1949 2 1 3 949 
Rx 0.194908 2 1 3 949 308319
Tx 0.195 2 1 3 2 
Rx 0.195008 2 1 3 1002 308319
Tx 0.1951 2 1 3 1002 
Rx 0.195108 2 1 3 1003 308319
Tx 0.1952 2 1 3 1003 
Rx 0.195208 2 1 3 949 308319
Tx 0.1953 2 1 3 1003 
Rx 0.195308 2 1 3 2 0
Tx 0.1954 2 1 3 949 
Rx 0.195408 2 1 3 1002 308319
Tx 0.1955 2 1 3 1002 
Rx 0.195508 2 1 3 1003 308319
Tx 0.1956 2 1 3 1003 
Rx 0.195608 2 1 3 1003 308319
Tx 0.1957 2 1 3 1003 
Rx 0.195708 2 1 3 949 308319
Tx 0.1958 2 1 3 949 
Rx 0.195808 2 1 3 1002 308319
Tx 0.1959 2 1 3 948 
Rx 0.195908 2 1 3 1003 308319
Tx 0.196 2 1 3 2 
Rx 0.196008 2 1 3 1003 308319
Tx 0.1961 2 1 3 1056 
Rx 0.196108 2 1 3 949 308319
Tx 0.1962 2 1 3 951 
Rx 0.196208 2 1 3 948 308319
Tx 0.1963 2 1 3 1002 
Rx 0.196308 2 1 3 2 0
Tx 0.1964 2 1 3 1111 
Rx 0.196408 2 1 3 1056 308319
Tx 0.1965 2 1 3 1060 
Rx 0.196508 2 1 3 951 308319
Tx 0.1966 2 1 3 1113 
Rx 0.196608 2 1 3 1002 308319
Tx 0.1967 2 1 3 1060 
Rx 0.196708 2 1 3 1111 308319
Tx 0.1968 2 1 3 1113 
Rx 0.196808 2 1 3 1060 308319
Tx 0.1969 2 1 3 1006 
Rx 0.196908 2 1 3 1113 308319
Tx 0.197 2 1 3 2 
Rx 0.197008 2 1 3 1060 308319
Tx 0.1971 2 1 3 1165 
Rx 0.197108 2 1 3 1113 308319
Tx 0.1972 2 1 3 1116 
Rx 0.197208 2 1 3 1006 308319
Tx 0.1973 2 1 3 1060 
Rx 0.197308 2 1 3 2 0
Tx 0.1974 2 1 3 1113 
Rx 0.197408 2 1 3 1165 308319
Tx 0.1975 2 1 3 1060 
Rx 0.197508 2 1 3 1116 308319
Tx 0.1976 2 1 3 1113 
Rx 0.197608 2 1 3 1060 308319
Tx 0.1977 2 1 3 1060 
Rx 0.197708 2 1 3 1113 308319
Tx 0.1978 2 1 3 1113 
Rx 0.197808 2 1 3 1060 308319
Tx 0.1979 2 1 3 1060 
Rx 0.197908 2 1 3 1113 308319
Tx 0.198 2 1 3 2 
Rx 0.198008 2 1 3 1060 308319
Tx 0.1981 2 1 3 1113 
Rx 0.198108 2 1 3 1113 308319
Tx 0.1982 2 1 3 1114 
Rx 0.198208 2 1 3 1060 308319
Tx 0.1983 2 1 3 1060 
Rx 0.198308 2 1 3 2 0
Tx 0.1984 2 1 3 1113 
Rx 0.198408 2 1 3 1113 308319
Tx 0.1985 2 1 3 1060 
Rx 0.198508 2 1 3 1114 308319
Tx 0.1986 2 1 3 1113 
Rx 0.198608 2 1 3 1060 308319
Tx 0.1987 2 1 3 1114 
Rx 0.198708 2 1 3 1113 308319
Tx 0.1988 2 1 3 1060 
Rx 0.198808 2 1 3 1060 308319
Tx 0.1989 2 1 3 1059 
Rx 0.198908 2 1 3 1113 308319
Tx 0.199 2 1 3 2 
Rx 0.199008 2 1 3 1114 308319
Tx 0.1991 2 1 3 1113 
Rx 0.199108 2 1 3 1060 308319
Tx 0.1992 2 1 3 1114 
Rx 0.199208 2 1 3 1059 308319
Tx 0.1993 2 1 3 1060 
Rx 0.199308 2 1 3 2 0
Tx 0.1994 2 1 3 1113 
Rx 0.199408 2 1 3 1113 308319
Tx 0.1995 2 1 3 1114 
Rx 0.199508 2 1 3 1114 308319
Tx 0.1996 2 1 3 1060 
Rx 0.199608 2 1 3 1060 308319
Tx 0.1997 2 1 3 1113 
Rx 0.199708 2 1 3 1113 308319
Tx 0.1998 2 1 3 466 
Rx 0.199808 2 1 3 1114 308319
Tx 0.1999 2 1 3 339 
Rx 0.199908 2 1 3 1060 308319
Tx 0.2 2 1 3 2 
Rx 0.200008 2 1 3 1113 308319
Tx 0.2001 2 1 3 824 
Rx 0.200108 2 1 3 466 308319
Tx 0.2002 2 1 3 727 
Rx 0.200208 2 1 3 339 308319
Tx 0.2003 2 1 3 402 
Rx 0.200308 2 1 3 2 0
Tx 0.2004 2 1 3 393 
Rx 0.200408 2 1 3 824 308319
Tx 0.2005 2 1 3 393 
Rx 0.200508 2 1 3 727 308319
Tx 0.2006 2 1 3 393 
Rx 0.200608 2 1 3 402 308319
Tx 0.2007 2 1 3 393 
Rx 0.200708 2 1 3 393 308319
Tx 0.2008 2 1 3 393 
Rx 0.200808 2 1 3 393 308319
Rx 0.200908 2 1 3 393 308319
Tx 0.201 2 1 3 2 
Rx 0.201008 2 1 3 393 308319
Tx 0.2011 2 1 3 717 
Rx 0.201108 2 1 3 393 308319
Tx 0.2012 2 1 3 780 
Tx 0.2013 2 1 3 403 
Rx 0.201308 2 1 3 2 0
Tx 0.2014 2 1 3 393 
Rx 0.201408 2 1 3 717 308319
Tx 0.2015 2 1 3 393 
Rx 0.201508 2 1 3 780 308319
Tx 0.2016 2 1 3 393 
Rx 0.201608 2 1 3 403 308319
Tx 0.2017 2 1 3 393 
Rx 0.201708 2 1 3 393 308319
Tx 0.2018 2 1 3 393 
Rx 0.201808 2 1 3 393 308319
Rx 0.201908 2 1 3 393 308319
Tx 0.202 2 1 3 2 
Rx 0.202008 2 1 3 393 308319
Tx 0.2021 2 1 3 717 
Rx 0.202108 2 1 3 393 308319
Tx 0.2022 2 1 3 780 
Tx 0.2023 2 1 3 457 
Rx 0.202308 2 1 3 2 0
Tx 0.2024 2 1 3 394 
Rx 0.202408 2 1 3 717 308319
Tx 0.2025 2 1 3 393 
Rx 0.202508 2 1 3 780 308319
Tx 0.2026 2 1 3 393 
Rx 0.202608 2 1 3 457 308319
Tx 0.2027 2 1 3 393 
Rx 0.202708 2 1 3 394 308319
Tx 0.2028 2 1 3 393 
Rx 0.202808 2 1 3 393 308319
Rx 0.202908 2 1 3 393 308319
Tx 0.203 2 1 3 2 
Rx 0.203008 2 1 3 393 308319
Tx 0.2031 2 1 3 717 
Rx 0.203108 2 1 3 393 308319
Tx 0.2032 2 1 3 780 
Tx 0.2033 2 1 3 403 
Rx 0.203308 2 1 3 2 0
Tx 0.2034 2 1 3 393 
Rx 0.203408 2 1 3 717 308319
Tx 0.2035 2 1 3 393 
Rx 0.203508 2 1 3 780 308319
Tx 0.2036 2 1 3 393 
Rx 0.203608 2 1 3 403 308319
Tx 0.2037 2 1 3 393 
Rx 0.203708 2 1 3 393 308319
Tx 0.2038 2 1 3 393 
Rx 0.203808 2 1 3 393 308319
Rx 0.203908 2 1 3 393 308319
Tx 0.204 2 1 3 2 
Rx 0.204008 2 1 3 393 308319
Tx 0.2041 2 1 3 717 
Rx 0.204108 2 1 3 393 308319
Tx 0.2042 2 1 3 780 
