0.0005 1 2 32.448
0.0021 1 2 32.448
0.0037 1 2 32.448
0.0053 1 2 32.448
0.0069 1 2 32.448
0.0085 1 2 32.448
0.0101 1 2 32.448
0.0117 1 2 32.448
0.0133 1 2 32.448
0.0149 1 2 32.448
0.0165 1 2 32.448
0.0181 1 2 32.448
0.0197 1 2 32.448
0.0213 1 2 32.448
0.0229 1 2 32.448
0.0245 1 2 32.448
0.0261 1 2 32.448
0.0277 1 2 32.448
0.0293 1 2 32.448
0.0309 1 2 32.448
0.0325 1 2 32.448
0.0341 1 2 32.448
0.0357 1 2 32.448
0.0373 1 2 32.448
0.0389 1 2 32.448
0.0405 1 2 32.4241
0.0421 1 2 32.462
0.0437 1 2 32.4904
0.0453 1 2 32.4814
0.0469 1 2 32.5296
0.0485 1 2 32.5201
0.0501 1 2 32.5324
0.0517 1 2 32.4639
0.0533 1 2 32.4551
0.0549 1 2 32.5543
0.0565 1 2 32.4561
0.0581 1 2 32.6123
