	time	frame	subF	1stSym	symbol#	cellId	rnti	ccId	tbSize	mcs	rv	SINR(dB)	corrupt	TBler
DL	0.0436083	43	6	1	1	2	1	0	48	0	0	32.4904	 	0	0
UL	0.0441083	44	1	1	1	2	1	0	48	0	0	32.4814 	0	0
DL	0.0445083	44	5	1	1	2	1	0	1776	28	0	32.4814	 	0	0
UL	0.100312	100	3	1	2	2	1	0	100	0	0	32.5194 	0	0
DL	0.100708	100	7	1	1	2	1	0	48	0	0	32.5194	 	0	0
DL	0.103708	103	7	1	1	2	1	0	1776	28	0	32.5689	 	0	0
UL	0.104208	104	2	1	1	2	1	0	1776	28	0	32.4863 	0	0
DL	0.104608	104	6	1	1	2	1	0	1776	28	0	32.4863	 	0	0
DL	0.107608	107	6	1	1	2	1	0	1776	28	0	32.5993	 	0	0
UL	0.108112	108	1	1	2	2	1	0	3558	28	0	32.5022 	0	0
DL	0.108508	108	5	1	1	2	1	0	1776	28	0	32.5022	 	0	0
DL	0.111508	111	5	1	1	2	1	0	1776	28	0	32.5725	 	0	0
UL	0.112012	112	0	1	2	2	1	0	3558	28	0	32.5533 	0	0
DL	0.112408	112	4	1	1	2	1	0	1776	28	0	32.5533	 	0	0
DL	0.115408	115	4	1	1	2	1	0	1776	28	0	32.474	 	0	0
UL	0.115912	115	9	1	2	2	1	0	3558	28	0	32.474 	0	0
DL	0.116308	116	3	1	1	2	1	0	1776	28	0	32.4925	 	0	0
DL	0.119308	119	3	1	1	2	1	0	1776	28	0	32.5433	 	0	0
UL	0.119821	119	8	1	4	2	1	0	7120	28	0	32.5433 	0	0
DL	0.120208	120	2	1	1	2	1	0	1776	28	0	32.4504	 	0	0
DL	0.123208	123	2	1	1	2	1	0	1776	28	0	32.5392	 	0	0
UL	0.123729	123	7	1	6	2	1	0	10685	28	0	32.5392 	0	0
DL	0.124108	124	1	1	1	2	1	0	1776	28	0	32.5109	 	0	0
DL	0.127108	127	1	1	1	2	1	0	1776	28	0	32.5034	 	0	0
UL	0.127637	127	6	1	8	2	1	0	14247	28	0	32.5034 	0	0
DL	0.128008	128	0	1	1	2	1	0	1776	28	0	32.5546	 	0	0
DL	0.131008	131	0	1	1	2	1	0	1776	28	0	32.649	 	0	0
UL	0.13155	131	5	1	11	2	1	0	19592	28	0	32.649 	0	0
DL	0.131908	131	9	1	1	2	1	0	1776	28	0	32.649	 	0	0
DL	0.134908	134	9	1	1	2	1	0	1776	28	0	32.5071	 	0	0
UL	0.135467	135	4	1	15	2	1	0	26719	28	0	32.5659 	0	0
DL	0.135808	135	8	1	1	2	1	0	1776	28	0	32.5659	 	0	0
UL	0.136312	136	3	1	2	2	1	0	3558	28	0	32.5082 	0	0
DL	0.138808	138	8	1	1	2	1	0	1776	28	0	32.5063	 	0	0
UL	0.139392	139	3	1	21	2	1	0	37408	28	0	32.4589 	0	0
DL	0.139708	139	7	1	1	2	1	0	1776	28	0	32.4589	 	0	0
UL	0.140229	140	2	1	6	2	1	0	10685	28	0	32.5538 	0	0
DL	0.140608	140	6	1	1	2	1	0	1776	28	0	32.5538	 	0	0
DL	0.142708	142	7	1	1	2	1	0	1776	28	0	32.576	 	0	0
DL	0.142808	142	8	1	1	2	1	0	1776	28	0	32.576	 	0	0
UL	0.143229	143	2	1	6	2	1	0	10685	28	0	32.5285 	0	0
UL	0.143396	143	3	1	22	2	1	0	39187	28	0	32.5285 	0	0
UL	0.143429	143	4	1	6	2	1	0	10685	28	0	32.5285 	0	0
DL	0.143608	143	6	1	1	2	1	0	1776	28	0	32.5285	 	0	0
UL	0.14415	144	1	1	11	2	1	0	19592	28	0	32.4397 	0	0
DL	0.146608	146	6	1	1	2	1	0	1776	28	0	32.5365	 	0	0
DL	0.146708	146	7	1	1	2	1	0	1776	28	0	32.5365	 	0	0
DL	0.146808	146	8	1	1	2	1	0	1776	28	0	32.5365	 	0	0
UL	0.147146	147	1	1	10	2	1	0	17809	28	0	32.4911 	0	0
UL	0.14725	147	2	1	11	2	1	0	19592	28	0	32.4911 	0	0
UL	0.147396	147	3	1	22	2	1	0	39187	28	0	32.4911 	0	0
UL	0.147475	147	4	1	17	2	1	0	30281	28	0	32.4911 	0	0
DL	0.147508	147	5	1	1	2	1	0	1776	28	0	32.4911	 	0	0
DL	0.147708	147	7	1	1	2	1	0	1776	28	0	32.4911	 	0	0
UL	0.148079	148	0	1	18	2	1	0	32063	28	0	32.6185 	0	0
UL	0.148292	148	2	1	21	2	1	0	37408	28	0	32.6185 	0	0
DL	0.150508	150	5	1	1	2	1	0	1776	28	0	32.4727	 	0	0
DL	0.150608	150	6	1	1	2	1	0	1776	28	0	32.4727	 	0	0
DL	0.150708	150	7	1	1	2	1	0	1776	28	0	32.4727	 	0	0
DL	0.150808	150	8	1	1	2	1	0	1776	28	0	32.4727	 	0	0
UL	0.151058	151	0	1	13	2	1	0	23154	28	0	32.5098 	0	0
UL	0.151196	151	1	1	22	2	1	0	39187	28	0	32.5098 	0	0
UL	0.151296	151	2	1	22	2	1	0	39187	28	0	32.5098 	0	0
UL	0.151396	151	3	1	22	2	1	0	39187	28	0	32.5098 	0	0
DL	0.151408	151	4	1	1	2	1	0	1776	28	0	32.5098	 	0	0
UL	0.151496	151	4	2	21	2	1	0	37408	28	0	32.5098 	0	0
DL	0.151508	151	5	1	1	2	1	0	1776	28	0	32.5098	 	0	0
UL	0.151517	151	5	2	2	2	1	0	3558	28	0	32.5098 	0	0
UL	0.151892	151	8	1	21	2	1	0	37408	28	0	32.5098 	0	0
DL	0.154408	154	4	1	1	2	1	0	1776	28	0	32.6385	 	0	0
DL	0.154508	154	5	1	1	2	1	0	1776	28	0	32.6385	 	0	0
DL	0.154608	154	6	1	1	2	1	0	1776	28	0	32.6385	 	0	0
DL	0.154708	154	7	1	1	2	1	0	1776	28	0	32.6385	 	0	0
UL	0.154996	154	9	1	22	2	1	0	39187	28	0	32.6385 	0	0
UL	0.155096	155	0	1	22	2	1	0	39187	28	0	32.484 	0	0
UL	0.155196	155	1	1	22	2	1	0	39187	28	0	32.484 	0	0
DL	0.155208	155	2	1	1	2	1	0	1776	28	0	32.484	 	0	0
UL	0.155296	155	2	2	21	2	1	0	37408	28	0	32.484 	0	0
DL	0.155308	155	3	1	1	2	1	0	1776	28	0	32.484	 	0	0
UL	0.155396	155	3	2	21	2	1	0	37408	28	0	32.484 	0	0
UL	0.155496	155	4	1	22	2	1	0	39187	28	0	32.484 	0	0
DL	0.155508	155	5	1	1	2	1	0	1776	28	0	32.484	 	0	0
UL	0.155542	155	5	2	8	2	1	0	14247	28	0	32.484 	0	0
UL	0.155646	155	6	1	10	2	1	0	17809	28	0	32.484 	0	0
UL	0.155892	155	8	1	21	2	1	0	37408	28	0	32.484 	0	0
UL	0.15605	156	0	1	11	2	1	0	19592	28	0	32.4975 	0	0
DL	0.158308	158	3	1	1	2	1	0	1776	28	0	32.5655	 	0	0
DL	0.158408	158	4	1	1	2	1	0	1776	28	0	32.5655	 	0	0
DL	0.158508	158	5	1	1	2	1	0	1776	28	0	32.5655	 	0	0
DL	0.158608	158	6	1	1	2	1	0	1776	28	0	32.5655	 	0	0
DL	0.158708	158	7	1	1	2	1	0	1776	28	0	32.5655	 	0	0
DL	0.158808	158	8	1	1	2	1	0	1776	28	0	32.5655	 	0	0
UL	0.158817	158	8	2	2	2	1	0	3558	28	0	32.5655 	0	0
DL	0.158908	158	9	1	1	2	1	0	1776	28	0	32.5655	 	0	0
UL	0.158996	158	9	2	21	2	1	0	37408	28	0	32.5655 	0	0
DL	0.159008	159	0	1	1	2	1	0	1776	28	0	32.5567	 	0	0
UL	0.159096	159	0	2	21	2	1	0	37408	28	0	32.5567 	0	0
UL	0.159196	159	1	1	22	2	1	0	39187	28	0	32.5567 	0	0
DL	0.159208	159	2	1	1	2	1	0	1776	28	0	32.5567	 	0	0
UL	0.159296	159	2	2	21	2	1	0	37408	28	0	32.5567 	0	0
DL	0.159308	159	3	1	1	2	1	0	1776	28	0	32.5567	 	0	0
UL	0.159396	159	3	2	21	2	1	0	37408	28	0	32.5567 	0	0
UL	0.159496	159	4	1	22	2	1	0	39187	28	0	32.5567 	0	0
UL	0.159596	159	5	1	22	2	1	0	39187	28	0	32.5567 	0	0
UL	0.159696	159	6	1	22	2	1	0	39187	28	0	32.5567 	0	0
UL	0.159796	159	7	1	22	2	1	0	39187	28	0	32.5567 	0	0
UL	0.159808	159	8	1	1	2	1	0	1776	28	0	32.5567 	0	0
DL	0.162208	162	2	1	1	2	1	0	1776	28	0	32.5089	 	0	0
DL	0.162308	162	3	1	1	2	1	0	1776	28	0	32.5089	 	0	0
DL	0.162408	162	4	1	1	2	1	0	1776	28	0	32.5089	 	0	0
DL	0.162508	162	5	1	1	2	1	0	1776	28	0	32.5089	 	0	0
DL	0.162608	162	6	1	1	2	1	0	1776	28	0	32.5089	 	0	0
DL	0.162708	162	7	1	1	2	1	0	1776	28	0	32.5089	 	0	0
UL	0.162762	162	7	2	13	2	1	0	23154	28	0	32.5089 	0	0
DL	0.162808	162	8	1	1	2	1	0	1776	28	0	32.5089	 	0	0
UL	0.162871	162	8	2	15	2	1	0	26719	28	0	32.5089 	0	0
DL	0.162908	162	9	1	1	2	1	0	1776	28	0	32.5089	 	0	0
UL	0.162996	162	9	2	21	2	1	0	37408	28	0	32.5089 	0	0
DL	0.163008	163	0	1	1	2	1	0	1776	28	0	32.5853	 	0	0
UL	0.163096	163	0	2	21	2	1	0	37408	28	0	32.5853 	0	0
DL	0.163108	163	1	1	1	2	1	0	1776	28	0	32.5853	 	0	0
UL	0.163196	163	1	2	21	2	1	0	37408	28	0	32.5853 	0	0
UL	0.163296	163	2	1	22	2	1	0	39187	28	0	32.5853 	0	0
DL	0.163308	163	3	1	1	2	1	0	1776	28	0	32.5853	 	0	0
UL	0.163396	163	3	2	21	2	1	0	37408	28	0	32.5853 	0	0
UL	0.163496	163	4	1	22	2	1	0	39187	28	0	32.5853 	0	0
UL	0.163596	163	5	1	22	2	1	0	39187	28	0	32.5853 	0	0
UL	0.163696	163	6	1	22	2	1	0	39187	28	0	32.5853 	0	0
UL	0.163796	163	7	1	22	2	1	0	39187	28	0	32.5853 	0	0
UL	0.163896	163	8	1	22	2	1	0	39187	28	0	32.5853 	0	0
UL	0.163996	163	9	1	22	2	1	0	39187	28	0	32.5853 	0	0
UL	0.164096	164	0	1	22	2	1	0	39187	28	0	32.5261 	0	0
UL	0.164183	164	1	1	19	2	1	0	33843	28	0	32.5261 	0	0
DL	0.166108	166	1	1	1	2	1	0	1776	28	0	32.6106	 	0	0
DL	0.166208	166	2	1	1	2	1	0	1776	28	0	32.6106	 	0	0
DL	0.166308	166	3	1	1	2	1	0	1776	28	0	32.6106	 	0	0
DL	0.166408	166	4	1	1	2	1	0	1776	28	0	32.6106	 	0	0
DL	0.166508	166	5	1	1	2	1	0	1776	28	0	32.6106	 	0	0
DL	0.166608	166	6	1	1	2	1	0	1776	28	0	32.6106	 	0	0
UL	0.166696	166	6	2	21	2	1	0	37408	28	0	32.6106 	0	0
DL	0.166708	166	7	1	1	2	1	0	1776	28	0	32.6106	 	0	0
UL	0.166796	166	7	2	21	2	1	0	37408	28	0	32.6106 	0	0
DL	0.166808	166	8	1	1	2	1	0	1776	28	0	32.6106	 	0	0
UL	0.166896	166	8	2	21	2	1	0	37408	28	0	32.6106 	0	0
DL	0.166908	166	9	1	1	2	1	0	1776	28	0	32.6106	 	0	0
UL	0.166996	166	9	2	21	2	1	0	37408	28	0	32.6106 	0	0
DL	0.167008	167	0	1	1	2	1	0	1776	28	0	32.4769	 	0	0
UL	0.167096	167	0	2	21	2	1	0	37408	28	0	32.4769 	0	0
DL	0.167108	167	1	1	1	2	1	0	1776	28	0	32.4769	 	0	0
UL	0.167196	167	1	2	21	2	1	0	37408	28	0	32.4769 	0	0
DL	0.167208	167	2	1	1	2	1	0	1776	28	0	32.4769	 	0	0
UL	0.167296	167	2	2	21	2	1	0	37408	28	0	32.4769 	0	0
DL	0.167308	167	3	1	1	2	1	0	1776	28	0	32.4769	 	0	0
UL	0.167396	167	3	2	21	2	1	0	37408	28	0	32.4769 	0	0
DL	0.167408	167	4	1	1	2	1	0	1776	28	0	32.4769	 	0	0
UL	0.167496	167	4	2	21	2	1	0	37408	28	0	32.4769 	0	0
UL	0.167596	167	5	1	22	2	1	0	39187	28	0	32.4769 	0	0
UL	0.167696	167	6	1	22	2	1	0	39187	28	0	32.4769 	0	0
UL	0.167796	167	7	1	22	2	1	0	39187	28	0	32.4769 	0	0
UL	0.167896	167	8	1	22	2	1	0	39187	28	0	32.4769 	0	0
UL	0.167996	167	9	1	22	2	1	0	39187	28	0	32.4769 	0	0
UL	0.168096	168	0	1	22	2	1	0	39187	28	0	32.4616 	0	0
UL	0.168196	168	1	1	22	2	1	0	39187	28	0	32.4616 	0	0
DL	0.168208	168	2	1	1	2	1	0	1776	28	0	32.4616	 	0	0
UL	0.168287	168	2	2	19	2	1	0	33843	28	0	32.4616 	0	0
UL	0.168796	168	7	1	22	2	1	0	39187	28	0	32.4616 	0	0
UL	0.168896	168	8	1	22	2	1	0	39187	28	0	32.4616 	0	0
UL	0.168942	168	9	1	9	2	1	0	16030	28	0	32.4616 	0	0
DL	0.169308	169	3	1	1	2	1	0	1776	28	0	32.5396	 	0	0
DL	0.170008	170	0	1	1	2	1	0	1776	28	0	32.6097	 	0	0
DL	0.170108	170	1	1	1	2	1	0	1776	28	0	32.6097	 	0	0
DL	0.170208	170	2	1	1	2	1	0	1776	28	0	32.6097	 	0	0
DL	0.170308	170	3	1	1	2	1	0	1776	28	0	32.6097	 	0	0
DL	0.170408	170	4	1	1	2	1	0	1776	28	0	32.6097	 	0	0
DL	0.170508	170	5	1	1	2	1	0	1776	28	0	32.6097	 	0	0
UL	0.170583	170	5	2	18	2	1	0	32063	28	0	32.6097 	0	0
DL	0.170608	170	6	1	1	2	1	0	1776	28	0	32.6097	 	0	0
UL	0.170696	170	6	2	21	2	1	0	37408	28	0	32.6097 	0	0
DL	0.170708	170	7	1	1	2	1	0	1776	28	0	32.6097	 	0	0
UL	0.170796	170	7	2	21	2	1	0	37408	28	0	32.6097 	0	0
DL	0.170808	170	8	1	1	2	1	0	1776	28	0	32.6097	 	0	0
UL	0.170896	170	8	2	21	2	1	0	37408	28	0	32.6097 	0	0
DL	0.170908	170	9	1	1	2	1	0	1776	28	0	32.6097	 	0	0
UL	0.170996	170	9	2	21	2	1	0	37408	28	0	32.6097 	0	0
DL	0.171008	171	0	1	1	2	1	0	1776	28	0	32.6142	 	0	0
UL	0.171096	171	0	2	21	2	1	0	37408	28	0	32.6142 	0	0
DL	0.171108	171	1	1	1	2	1	0	1776	28	0	32.6142	 	0	0
UL	0.171196	171	1	2	21	2	1	0	37408	28	0	32.6142 	0	0
DL	0.171208	171	2	1	1	2	1	0	1776	28	0	32.6142	 	0	0
UL	0.171296	171	2	2	21	2	1	0	37408	28	0	32.6142 	0	0
DL	0.171308	171	3	1	1	2	1	0	1776	28	0	32.6142	 	0	0
UL	0.171396	171	3	2	21	2	1	0	37408	28	0	32.6142 	0	0
DL	0.171408	171	4	1	1	2	1	0	1776	28	0	32.6142	 	0	0
UL	0.171496	171	4	2	21	2	1	0	37408	28	0	32.6142 	0	0
DL	0.171508	171	5	1	1	2	1	0	1776	28	0	32.6142	 	0	0
UL	0.171596	171	5	2	21	2	1	0	37408	28	0	32.6142 	0	0
DL	0.171608	171	6	1	1	2	1	0	1776	28	0	32.6142	 	0	0
UL	0.171696	171	6	2	21	2	1	0	37408	28	0	32.6142 	0	0
DL	0.171708	171	7	1	1	2	1	0	1776	28	0	32.6142	 	0	0
UL	0.171796	171	7	2	21	2	1	0	37408	28	0	32.6142 	0	0
UL	0.171896	171	8	1	22	2	1	0	39187	28	0	32.6142 	0	0
UL	0.171996	171	9	1	22	2	1	0	39187	28	0	32.6142 	0	0
DL	0.172008	172	0	1	1	2	1	0	1776	28	0	32.5561	 	0	0
UL	0.172096	172	0	2	21	2	1	0	37408	28	0	32.5561 	0	0
UL	0.172196	172	1	1	22	2	1	0	39187	28	0	32.5561 	0	0
DL	0.172208	172	2	1	1	2	1	0	1776	28	0	32.5561	 	0	0
UL	0.172296	172	2	2	21	2	1	0	37408	28	0	32.5561 	0	0
DL	0.172308	172	3	1	1	2	1	0	1776	28	0	32.5561	 	0	0
UL	0.172396	172	3	2	21	2	1	0	37408	28	0	32.5561 	0	0
UL	0.172496	172	4	1	22	2	1	0	39187	28	0	32.5561 	0	0
UL	0.172596	172	5	1	22	2	1	0	39187	28	0	32.5561 	0	0
UL	0.172696	172	6	1	22	2	1	0	39187	28	0	32.5561 	0	0
UL	0.172796	172	7	1	22	2	1	0	39187	28	0	32.5561 	0	0
UL	0.172896	172	8	1	22	2	1	0	39187	28	0	32.5561 	0	0
UL	0.172996	172	9	1	22	2	1	0	39187	28	0	32.5561 	0	0
UL	0.173096	173	0	1	22	2	1	0	39187	28	0	32.6106 	0	0
DL	0.173108	173	1	1	1	2	1	0	1776	28	0	32.6106	 	0	0
UL	0.173187	173	1	2	19	2	1	0	33843	28	0	32.6106 	0	0
UL	0.173696	173	6	1	22	2	1	0	39187	28	0	32.6106 	0	0
UL	0.173796	173	7	1	22	2	1	0	39187	28	0	32.6106 	0	0
UL	0.173808	173	8	1	1	2	1	0	1776	28	0	32.6106 	0	0
DL	0.173908	173	9	1	1	2	1	0	1776	28	0	32.6106	 	0	0
DL	0.174008	174	0	1	1	2	1	0	1776	28	0	32.414	 	0	0
DL	0.174108	174	1	1	1	2	1	0	1776	28	0	32.414	 	0	0
DL	0.174212	174	2	1	2	2	1	0	3558	28	0	32.414	 	0	0
DL	0.174308	174	3	1	1	2	1	0	1776	28	0	32.414	 	0	0
DL	0.174408	174	4	1	1	2	1	0	1776	28	0	32.414	 	0	0
UL	0.174496	174	4	2	21	2	1	0	37408	28	0	32.414 	0	0
DL	0.174508	174	5	1	1	2	1	0	1776	28	0	32.414	 	0	0
UL	0.174596	174	5	2	21	2	1	0	37408	28	0	32.414 	0	0
DL	0.174608	174	6	1	1	2	1	0	1776	28	0	32.414	 	0	0
UL	0.174696	174	6	2	21	2	1	0	37408	28	0	32.414 	0	0
DL	0.174708	174	7	1	1	2	1	0	1776	28	0	32.414	 	0	0
UL	0.174796	174	7	2	21	2	1	0	37408	28	0	32.414 	0	0
DL	0.174808	174	8	1	1	2	1	0	1776	28	0	32.414	 	0	0
UL	0.174896	174	8	2	21	2	1	0	37408	28	0	32.414 	0	0
DL	0.174908	174	9	1	1	2	1	0	1776	28	0	32.414	 	0	0
UL	0.174996	174	9	2	21	2	1	0	37408	28	0	32.414 	0	0
DL	0.175008	175	0	1	1	2	1	0	1776	28	0	32.486	 	0	0
UL	0.175096	175	0	2	21	2	1	0	37408	28	0	32.486 	0	0
DL	0.175108	175	1	1	1	2	1	0	1776	28	0	32.486	 	0	0
UL	0.175196	175	1	2	21	2	1	0	37408	28	0	32.486 	0	0
DL	0.175212	175	2	1	2	2	1	0	3558	28	0	32.486	 	0	0
UL	0.175296	175	2	3	20	2	1	0	35625	28	0	32.486 	0	0
DL	0.175308	175	3	1	1	2	1	0	1776	28	0	32.486	 	0	0
UL	0.175396	175	3	2	21	2	1	0	37408	28	0	32.486 	0	0
DL	0.175408	175	4	1	1	2	1	0	1776	28	0	32.486	 	0	0
UL	0.175496	175	4	2	21	2	1	0	37408	28	0	32.486 	0	0
DL	0.175508	175	5	1	1	2	1	0	1776	28	0	32.486	 	0	0
UL	0.175596	175	5	2	21	2	1	0	37408	28	0	32.486 	0	0
DL	0.175608	175	6	1	1	2	1	0	1776	28	0	32.486	 	0	0
UL	0.175696	175	6	2	21	2	1	0	37408	28	0	32.486 	0	0
DL	0.175708	175	7	1	1	2	1	0	1776	28	0	32.486	 	0	0
UL	0.175796	175	7	2	21	2	1	0	37408	28	0	32.486 	0	0
DL	0.175808	175	8	1	1	2	1	0	1776	28	0	32.486	 	0	0
UL	0.175896	175	8	2	21	2	1	0	37408	28	0	32.486 	0	0
DL	0.175908	175	9	1	1	2	1	0	1776	28	0	32.486	 	0	0
UL	0.175996	175	9	2	21	2	1	0	37408	28	0	32.486 	0	0
DL	0.176008	176	0	1	1	2	1	0	1776	28	0	32.5936	 	0	0
UL	0.176096	176	0	2	21	2	1	0	37408	28	0	32.5936 	0	0
DL	0.176108	176	1	1	1	2	1	0	1776	28	0	32.5936	 	0	0
UL	0.176196	176	1	2	21	2	1	0	37408	28	0	32.5936 	0	0
DL	0.176212	176	2	1	2	2	1	0	3558	28	0	32.5936	 	0	0
UL	0.176296	176	2	3	20	2	1	0	35625	28	0	32.5936 	0	0
DL	0.176308	176	3	1	1	2	1	0	1776	28	0	32.5936	 	0	0
UL	0.176396	176	3	2	21	2	1	0	37408	28	0	32.5936 	0	0
DL	0.176408	176	4	1	1	2	1	0	1776	28	0	32.5936	 	0	0
UL	0.176496	176	4	2	21	2	1	0	37408	28	0	32.5936 	0	0
DL	0.176508	176	5	1	1	2	1	0	1776	28	0	32.5936	 	0	0
UL	0.176596	176	5	2	21	2	1	0	37408	28	0	32.5936 	0	0
DL	0.176608	176	6	1	1	2	1	0	1776	28	0	32.5936	 	0	0
UL	0.176696	176	6	2	21	2	1	0	37408	28	0	32.5936 	0	0
UL	0.176796	176	7	1	22	2	1	0	39187	28	0	32.5936 	0	0
UL	0.176896	176	8	1	22	2	1	0	39187	28	0	32.5936 	0	0
UL	0.176996	176	9	1	22	2	1	0	39187	28	0	32.5936 	0	0
UL	0.177096	177	0	1	22	2	1	0	39187	28	0	32.6294 	0	0
DL	0.177108	177	1	1	1	2	1	0	1776	28	0	32.6294	 	0	0
UL	0.177196	177	1	2	21	2	1	0	37408	28	0	32.6294 	0	0
DL	0.177208	177	2	1	1	2	1	0	1776	28	0	32.6294	 	0	0
UL	0.177296	177	2	2	21	2	1	0	37408	28	0	32.6294 	0	0
UL	0.177396	177	3	1	22	2	1	0	39187	28	0	32.6294 	0	0
UL	0.177492	177	4	1	21	2	1	0	37408	28	0	32.6294 	0	0
UL	0.177796	177	7	1	22	2	1	0	39187	28	0	32.6294 	0	0
DL	0.177808	177	8	1	1	2	1	0	1776	28	0	32.6294	 	0	0
UL	0.177896	177	8	2	21	2	1	0	37408	28	0	32.6294 	0	0
DL	0.177908	177	9	1	1	2	1	0	1776	28	0	32.6294	 	0	0
UL	0.177996	177	9	2	21	2	1	0	37408	28	0	32.6294 	0	0
DL	0.178008	178	0	1	1	2	1	0	1776	28	0	32.5025	 	0	0
UL	0.178096	178	0	2	21	2	1	0	37408	28	0	32.5025 	0	0
DL	0.178108	178	1	1	1	2	1	0	1776	28	0	32.5025	 	0	0
DL	0.178208	178	2	1	1	2	1	0	1776	28	0	32.5025	 	0	0
UL	0.178296	178	2	2	21	2	1	0	37408	28	0	32.5025 	0	0
DL	0.178308	178	3	1	1	2	1	0	1776	28	0	32.5025	 	0	0
UL	0.178396	178	3	2	21	2	1	0	37408	28	0	32.5025 	0	0
DL	0.178408	178	4	1	1	2	1	0	1776	28	0	32.5025	 	0	0
UL	0.178496	178	4	2	21	2	1	0	37408	28	0	32.5025 	0	0
DL	0.178508	178	5	1	1	2	1	0	1776	28	0	32.5025	 	0	0
UL	0.178596	178	5	2	21	2	1	0	37408	28	0	32.5025 	0	0
DL	0.178608	178	6	1	1	2	1	0	1776	28	0	32.5025	 	0	0
UL	0.178696	178	6	2	21	2	1	0	37408	28	0	32.5025 	0	0
DL	0.178708	178	7	1	1	2	1	0	1776	28	0	32.5025	 	0	0
UL	0.178796	178	7	2	21	2	1	0	37408	28	0	32.5025 	0	0
DL	0.178808	178	8	1	1	2	1	0	1776	28	0	32.5025	 	0	0
UL	0.178896	178	8	2	21	2	1	0	37408	28	0	32.5025 	0	0
DL	0.178908	178	9	1	1	2	1	0	1776	28	0	32.5025	 	0	0
UL	0.178996	178	9	2	21	2	1	0	37408	28	0	32.5025 	0	0
DL	0.179008	179	0	1	1	2	1	0	1776	28	0	32.5003	 	0	0
UL	0.179096	179	0	2	21	2	1	0	37408	28	0	32.5003 	0	0
DL	0.179108	179	1	1	1	2	1	0	1776	28	0	32.5003	 	0	0
UL	0.179196	179	1	2	21	2	1	0	37408	28	0	32.5003 	0	0
DL	0.179208	179	2	1	1	2	1	0	1776	28	0	32.5003	 	0	0
UL	0.179296	179	2	2	21	2	1	0	37408	28	0	32.5003 	0	0
DL	0.179308	179	3	1	1	2	1	0	1776	28	0	32.5003	 	0	0
UL	0.179396	179	3	2	21	2	1	0	37408	28	0	32.5003 	0	0
DL	0.179408	179	4	1	1	2	1	0	1776	28	0	32.5003	 	0	0
UL	0.179496	179	4	2	21	2	1	0	37408	28	0	32.5003 	0	0
DL	0.179508	179	5	1	1	2	1	0	1776	28	0	32.5003	 	0	0
UL	0.179596	179	5	2	21	2	1	0	37408	28	0	32.5003 	0	0
DL	0.179608	179	6	1	1	2	1	0	1776	28	0	32.5003	 	0	0
UL	0.179696	179	6	2	21	2	1	0	37408	28	0	32.5003 	0	0
DL	0.179708	179	7	1	1	2	1	0	1776	28	0	32.5003	 	0	0
UL	0.179796	179	7	2	21	2	1	0	37408	28	0	32.5003 	0	0
DL	0.179808	179	8	1	1	2	1	0	1776	28	0	32.5003	 	0	0
UL	0.179896	179	8	2	21	2	1	0	37408	28	0	32.5003 	0	0
DL	0.179908	179	9	1	1	2	1	0	1776	28	0	32.5003	 	0	0
UL	0.179996	179	9	2	21	2	1	0	37408	28	0	32.5003 	0	0
DL	0.180008	180	0	1	1	2	1	0	1776	28	0	32.5342	 	0	0
UL	0.180096	180	0	2	21	2	1	0	37408	28	0	32.5342 	0	0
DL	0.180108	180	1	1	1	2	1	0	1776	28	0	32.5342	 	0	0
UL	0.180196	180	1	2	21	2	1	0	37408	28	0	32.5342 	0	0
DL	0.180208	180	2	1	1	2	1	0	1776	28	0	32.5342	 	0	0
UL	0.180296	180	2	2	21	2	1	0	37408	28	0	32.5342 	0	0
DL	0.180308	180	3	1	1	2	1	0	1776	28	0	32.5342	 	0	0
UL	0.180396	180	3	2	21	2	1	0	37408	28	0	32.5342 	0	0
DL	0.180408	180	4	1	1	2	1	0	1776	28	0	32.5342	 	0	0
UL	0.180496	180	4	2	21	2	1	0	37408	28	0	32.5342 	0	0
DL	0.180508	180	5	1	1	2	1	0	1776	28	0	32.5342	 	0	0
UL	0.180596	180	5	2	21	2	1	0	37408	28	0	32.5342 	0	0
DL	0.180608	180	6	1	1	2	1	0	1776	28	0	32.5342	 	0	0
UL	0.180696	180	6	2	21	2	1	0	37408	28	0	32.5342 	0	0
DL	0.180708	180	7	1	1	2	1	0	1776	28	0	32.5342	 	0	0
UL	0.180796	180	7	2	21	2	1	0	37408	28	0	32.5342 	0	0
DL	0.180808	180	8	1	1	2	1	0	1776	28	0	32.5342	 	0	0
UL	0.180896	180	8	2	21	2	1	0	37408	28	0	32.5342 	0	0
DL	0.180908	180	9	1	1	2	1	0	1776	28	0	32.5342	 	0	0
UL	0.180996	180	9	2	21	2	1	0	37408	28	0	32.5342 	0	0
UL	0.181096	181	0	1	22	2	1	0	39187	28	0	32.5628 	0	0
UL	0.181196	181	1	1	22	2	1	0	39187	28	0	32.5628 	0	0
DL	0.181208	181	2	1	1	2	1	0	1776	28	0	32.5628	 	0	0
UL	0.181296	181	2	2	21	2	1	0	37408	28	0	32.5628 	0	0
DL	0.181308	181	3	1	1	2	1	0	1776	28	0	32.5628	 	0	0
UL	0.181396	181	3	2	21	2	1	0	37408	28	0	32.5628 	0	0
DL	0.181408	181	4	1	1	2	1	0	1776	28	0	32.5628	 	0	0
UL	0.181496	181	4	2	21	2	1	0	37408	28	0	32.5628 	0	0
DL	0.181508	181	5	1	1	2	1	0	1776	28	0	32.5628	 	0	0
UL	0.181596	181	5	2	21	2	1	0	37408	28	0	32.5628 	0	0
DL	0.181608	181	6	1	1	2	1	0	1776	28	0	32.5628	 	0	0
UL	0.181696	181	6	2	21	2	1	0	37408	28	0	32.5628 	0	0
DL	0.181708	181	7	1	1	2	1	0	1776	28	0	32.5628	 	0	0
UL	0.181796	181	7	2	21	2	1	0	37408	28	0	32.5628 	0	0
DL	0.181808	181	8	1	1	2	1	0	1776	28	0	32.5628	 	0	0
UL	0.181896	181	8	2	21	2	1	0	37408	28	0	32.5628 	0	0
DL	0.181908	181	9	1	1	2	1	0	1776	28	0	32.5628	 	0	0
UL	0.181996	181	9	2	21	2	1	0	37408	28	0	32.5628 	0	0
DL	0.182008	182	0	1	1	2	1	0	1776	28	0	32.4928	 	0	0
UL	0.182096	182	0	2	21	2	1	0	37408	28	0	32.4928 	0	0
DL	0.182108	182	1	1	1	2	1	0	1776	28	0	32.4928	 	0	0
UL	0.182196	182	1	2	21	2	1	0	37408	28	0	32.4928 	0	0
DL	0.182208	182	2	1	1	2	1	0	1776	28	0	32.4928	 	0	0
UL	0.182296	182	2	2	21	2	1	0	37408	28	0	32.4928 	0	0
DL	0.182308	182	3	1	1	2	1	0	1776	28	0	32.4928	 	0	0
UL	0.182396	182	3	2	21	2	1	0	37408	28	0	32.4928 	0	0
DL	0.182408	182	4	1	1	2	1	0	1776	28	0	32.4928	 	0	0
UL	0.182496	182	4	2	21	2	1	0	37408	28	0	32.4928 	0	0
DL	0.182508	182	5	1	1	2	1	0	1776	28	0	32.4928	 	0	0
UL	0.182596	182	5	2	21	2	1	0	37408	28	0	32.4928 	0	0
DL	0.182608	182	6	1	1	2	1	0	1776	28	0	32.4928	 	0	0
UL	0.182696	182	6	2	21	2	1	0	37408	28	0	32.4928 	0	0
DL	0.182708	182	7	1	1	2	1	0	1776	28	0	32.4928	 	0	0
UL	0.182796	182	7	2	21	2	1	0	37408	28	0	32.4928 	0	0
DL	0.182808	182	8	1	1	2	1	0	1776	28	0	32.4928	 	0	0
UL	0.182896	182	8	2	21	2	1	0	37408	28	0	32.4928 	0	0
DL	0.182908	182	9	1	1	2	1	0	1776	28	0	32.4928	 	0	0
UL	0.182996	182	9	2	21	2	1	0	37408	28	0	32.4928 	0	0
DL	0.183008	183	0	1	1	2	1	0	1776	28	0	32.5235	 	0	0
UL	0.183096	183	0	2	21	2	1	0	37408	28	0	32.5235 	0	0
DL	0.183108	183	1	1	1	2	1	0	1776	28	0	32.5235	 	0	0
UL	0.183196	183	1	2	21	2	1	0	37408	28	0	32.5235 	0	0
DL	0.183208	183	2	1	1	2	1	0	1776	28	0	32.5235	 	0	0
UL	0.183296	183	2	2	21	2	1	0	37408	28	0	32.5235 	0	0
DL	0.183308	183	3	1	1	2	1	0	1776	28	0	32.5235	 	0	0
UL	0.183396	183	3	2	21	2	1	0	37408	28	0	32.5235 	0	0
DL	0.183408	183	4	1	1	2	1	0	1776	28	0	32.5235	 	0	0
UL	0.183496	183	4	2	21	2	1	0	37408	28	0	32.5235 	0	0
DL	0.183508	183	5	1	1	2	1	0	1776	28	0	32.5235	 	0	0
UL	0.183596	183	5	2	21	2	1	0	37408	28	0	32.5235 	0	0
DL	0.183608	183	6	1	1	2	1	0	1776	28	0	32.5235	 	0	0
UL	0.183696	183	6	2	21	2	1	0	37408	28	0	32.5235 	0	0
DL	0.183708	183	7	1	1	2	1	0	1776	28	0	32.5235	 	0	0
UL	0.183796	183	7	2	21	2	1	0	37408	28	0	32.5235 	0	0
DL	0.183808	183	8	1	1	2	1	0	1776	28	0	32.5235	 	0	0
UL	0.183896	183	8	2	21	2	1	0	37408	28	0	32.5235 	0	0
DL	0.183908	183	9	1	1	2	1	0	1776	28	0	32.5235	 	0	0
UL	0.183996	183	9	2	21	2	1	0	37408	28	0	32.5235 	0	0
DL	0.184008	184	0	1	1	2	1	0	1776	28	0	32.4713	 	0	0
UL	0.184096	184	0	2	21	2	1	0	37408	28	0	32.4713 	0	0
DL	0.184108	184	1	1	1	2	1	0	1776	28	0	32.4713	 	0	0
UL	0.184196	184	1	2	21	2	1	0	37408	28	0	32.4713 	0	0
DL	0.184208	184	2	1	1	2	1	0	1776	28	0	32.4713	 	0	0
UL	0.184296	184	2	2	21	2	1	0	37408	28	0	32.4713 	0	0
DL	0.184308	184	3	1	1	2	1	0	1776	28	0	32.4713	 	0	0
UL	0.184396	184	3	2	21	2	1	0	37408	28	0	32.4713 	0	0
DL	0.184408	184	4	1	1	2	1	0	1776	28	0	32.4713	 	0	0
UL	0.184496	184	4	2	21	2	1	0	37408	28	0	32.4713 	0	0
DL	0.184508	184	5	1	1	2	1	0	1776	28	0	32.4713	 	0	0
UL	0.184596	184	5	2	21	2	1	0	37408	28	0	32.4713 	0	0
DL	0.184608	184	6	1	1	2	1	0	1776	28	0	32.4713	 	0	0
UL	0.184696	184	6	2	21	2	1	0	37408	28	0	32.4713 	0	0
DL	0.184708	184	7	1	1	2	1	0	1776	28	0	32.4713	 	0	0
UL	0.184796	184	7	2	21	2	1	0	37408	28	0	32.4713 	0	0
DL	0.184808	184	8	1	1	2	1	0	1776	28	0	32.4713	 	0	0
UL	0.184896	184	8	2	21	2	1	0	37408	28	0	32.4713 	0	0
DL	0.184908	184	9	1	1	2	1	0	1776	28	0	32.4713	 	0	0
UL	0.184996	184	9	2	21	2	1	0	37408	28	0	32.4713 	0	0
DL	0.185008	185	0	1	1	2	1	0	1776	28	0	32.5931	 	0	0
UL	0.185096	185	0	2	21	2	1	0	37408	28	0	32.5931 	0	0
DL	0.185108	185	1	1	1	2	1	0	1776	28	0	32.5931	 	0	0
UL	0.185196	185	1	2	21	2	1	0	37408	28	0	32.5931 	0	0
DL	0.185208	185	2	1	1	2	1	0	1776	28	0	32.5931	 	0	0
UL	0.185296	185	2	2	21	2	1	0	37408	28	0	32.5931 	0	0
DL	0.185308	185	3	1	1	2	1	0	1776	28	0	32.5931	 	0	0
UL	0.185396	185	3	2	21	2	1	0	37408	28	0	32.5931 	0	0
DL	0.185408	185	4	1	1	2	1	0	1776	28	0	32.5931	 	0	0
UL	0.185496	185	4	2	21	2	1	0	37408	28	0	32.5931 	0	0
DL	0.185508	185	5	1	1	2	1	0	1776	28	0	32.5931	 	0	0
UL	0.185596	185	5	2	21	2	1	0	37408	28	0	32.5931 	0	0
DL	0.185608	185	6	1	1	2	1	0	1776	28	0	32.5931	 	0	0
UL	0.185696	185	6	2	21	2	1	0	37408	28	0	32.5931 	0	0
DL	0.185708	185	7	1	1	2	1	0	1776	28	0	32.5931	 	0	0
UL	0.185796	185	7	2	21	2	1	0	37408	28	0	32.5931 	0	0
DL	0.185808	185	8	1	1	2	1	0	1776	28	0	32.5931	 	0	0
UL	0.185896	185	8	2	21	2	1	0	37408	28	0	32.5931 	0	0
DL	0.185908	185	9	1	1	2	1	0	1776	28	0	32.5931	 	0	0
UL	0.185996	185	9	2	21	2	1	0	37408	28	0	32.5931 	0	0
DL	0.186008	186	0	1	1	2	1	0	1776	28	0	32.4994	 	0	0
UL	0.186096	186	0	2	21	2	1	0	37408	28	0	32.4994 	0	0
DL	0.186108	186	1	1	1	2	1	0	1776	28	0	32.4994	 	0	0
UL	0.186196	186	1	2	21	2	1	0	37408	28	0	32.4994 	0	0
DL	0.186208	186	2	1	1	2	1	0	1776	28	0	32.4994	 	0	0
UL	0.186296	186	2	2	21	2	1	0	37408	28	0	32.4994 	0	0
DL	0.186308	186	3	1	1	2	1	0	1776	28	0	32.4994	 	0	0
UL	0.186396	186	3	2	21	2	1	0	37408	28	0	32.4994 	0	0
DL	0.186408	186	4	1	1	2	1	0	1776	28	0	32.4994	 	0	0
UL	0.186496	186	4	2	21	2	1	0	37408	28	0	32.4994 	0	0
DL	0.186508	186	5	1	1	2	1	0	1776	28	0	32.4994	 	0	0
UL	0.186596	186	5	2	21	2	1	0	37408	28	0	32.4994 	0	0
DL	0.186608	186	6	1	1	2	1	0	1776	28	0	32.4994	 	0	0
UL	0.186696	186	6	2	21	2	1	0	37408	28	0	32.4994 	0	0
DL	0.186708	186	7	1	1	2	1	0	1776	28	0	32.4994	 	0	0
UL	0.186796	186	7	2	21	2	1	0	37408	28	0	32.4994 	0	0
DL	0.186808	186	8	1	1	2	1	0	1776	28	0	32.4994	 	0	0
UL	0.186896	186	8	2	21	2	1	0	37408	28	0	32.4994 	0	0
DL	0.186908	186	9	1	1	2	1	0	1776	28	0	32.4994	 	0	0
UL	0.186996	186	9	2	21	2	1	0	37408	28	0	32.4994 	0	0
DL	0.187008	187	0	1	1	2	1	0	1776	28	0	32.6098	 	0	0
UL	0.187096	187	0	2	21	2	1	0	37408	28	0	32.6098 	0	0
DL	0.187108	187	1	1	1	2	1	0	1776	28	0	32.6098	 	0	0
UL	0.187196	187	1	2	21	2	1	0	37408	28	0	32.6098 	0	0
DL	0.187208	187	2	1	1	2	1	0	1776	28	0	32.6098	 	0	0
UL	0.187296	187	2	2	21	2	1	0	37408	28	0	32.6098 	0	0
DL	0.187308	187	3	1	1	2	1	0	1776	28	0	32.6098	 	0	0
UL	0.187396	187	3	2	21	2	1	0	37408	28	0	32.6098 	0	0
DL	0.187408	187	4	1	1	2	1	0	1776	28	0	32.6098	 	0	0
UL	0.187496	187	4	2	21	2	1	0	37408	28	0	32.6098 	0	0
DL	0.187508	187	5	1	1	2	1	0	1776	28	0	32.6098	 	0	0
UL	0.187596	187	5	2	21	2	1	0	37408	28	0	32.6098 	0	0
DL	0.187608	187	6	1	1	2	1	0	1776	28	0	32.6098	 	0	0
UL	0.187696	187	6	2	21	2	1	0	37408	28	0	32.6098 	0	0
DL	0.187708	187	7	1	1	2	1	0	1776	28	0	32.6098	 	0	0
UL	0.187796	187	7	2	21	2	1	0	37408	28	0	32.6098 	0	0
DL	0.187808	187	8	1	1	2	1	0	1776	28	0	32.6098	 	0	0
UL	0.187896	187	8	2	21	2	1	0	37408	28	0	32.6098 	0	0
DL	0.187908	187	9	1	1	2	1	0	1776	28	0	32.6098	 	0	0
UL	0.187996	187	9	2	21	2	1	0	37408	28	0	32.6098 	0	0
DL	0.188008	188	0	1	1	2	1	0	1776	28	0	32.5138	 	0	0
UL	0.188096	188	0	2	21	2	1	0	37408	28	0	32.5138 	0	0
DL	0.188108	188	1	1	1	2	1	0	1776	28	0	32.5138	 	0	0
UL	0.188196	188	1	2	21	2	1	0	37408	28	0	32.5138 	0	0
DL	0.188208	188	2	1	1	2	1	0	1776	28	0	32.5138	 	0	0
UL	0.188296	188	2	2	21	2	1	0	37408	28	0	32.5138 	0	0
DL	0.188308	188	3	1	1	2	1	0	1776	28	0	32.5138	 	0	0
UL	0.188396	188	3	2	21	2	1	0	37408	28	0	32.5138 	0	0
DL	0.188408	188	4	1	1	2	1	0	1776	28	0	32.5138	 	0	0
UL	0.188496	188	4	2	21	2	1	0	37408	28	0	32.5138 	0	0
DL	0.188508	188	5	1	1	2	1	0	1776	28	0	32.5138	 	0	0
UL	0.188596	188	5	2	21	2	1	0	37408	28	0	32.5138 	0	0
DL	0.188608	188	6	1	1	2	1	0	1776	28	0	32.5138	 	0	0
UL	0.188696	188	6	2	21	2	1	0	37408	28	0	32.5138 	0	0
DL	0.188708	188	7	1	1	2	1	0	1776	28	0	32.5138	 	0	0
UL	0.188796	188	7	2	21	2	1	0	37408	28	0	32.5138 	0	0
DL	0.188808	188	8	1	1	2	1	0	1776	28	0	32.5138	 	0	0
UL	0.188896	188	8	2	21	2	1	0	37408	28	0	32.5138 	0	0
DL	0.188908	188	9	1	1	2	1	0	1776	28	0	32.5138	 	0	0
UL	0.188996	188	9	2	21	2	1	0	37408	28	0	32.5138 	0	0
DL	0.189008	189	0	1	1	2	1	0	1776	28	0	32.553	 	0	0
UL	0.189096	189	0	2	21	2	1	0	37408	28	0	32.553 	0	0
DL	0.189108	189	1	1	1	2	1	0	1776	28	0	32.553	 	0	0
UL	0.189196	189	1	2	21	2	1	0	37408	28	0	32.553 	0	0
DL	0.189208	189	2	1	1	2	1	0	1776	28	0	32.553	 	0	0
UL	0.189296	189	2	2	21	2	1	0	37408	28	0	32.553 	0	0
DL	0.189308	189	3	1	1	2	1	0	1776	28	0	32.553	 	0	0
UL	0.189396	189	3	2	21	2	1	0	37408	28	0	32.553 	0	0
DL	0.189408	189	4	1	1	2	1	0	1776	28	0	32.553	 	0	0
UL	0.189496	189	4	2	21	2	1	0	37408	28	0	32.553 	0	0
DL	0.189508	189	5	1	1	2	1	0	1776	28	0	32.553	 	0	0
UL	0.189596	189	5	2	21	2	1	0	37408	28	0	32.553 	0	0
DL	0.189608	189	6	1	1	2	1	0	1776	28	0	32.553	 	0	0
UL	0.189696	189	6	2	21	2	1	0	37408	28	0	32.553 	0	0
DL	0.189708	189	7	1	1	2	1	0	1776	28	0	32.553	 	0	0
UL	0.189796	189	7	2	21	2	1	0	37408	28	0	32.553 	0	0
DL	0.189808	189	8	1	1	2	1	0	1776	28	0	32.553	 	0	0
UL	0.189896	189	8	2	21	2	1	0	37408	28	0	32.553 	0	0
DL	0.189908	189	9	1	1	2	1	0	1776	28	0	32.553	 	0	0
UL	0.189996	189	9	2	21	2	1	0	37408	28	0	32.553 	0	0
DL	0.190008	190	0	1	1	2	1	0	1776	28	0	32.4596	 	0	0
UL	0.190096	190	0	2	21	2	1	0	37408	28	0	32.4596 	0	0
DL	0.190108	190	1	1	1	2	1	0	1776	28	0	32.4596	 	0	0
UL	0.190196	190	1	2	21	2	1	0	37408	28	0	32.4596 	0	0
DL	0.190208	190	2	1	1	2	1	0	1776	28	0	32.4596	 	0	0
UL	0.190296	190	2	2	21	2	1	0	37408	28	0	32.4596 	0	0
DL	0.190308	190	3	1	1	2	1	0	1776	28	0	32.4596	 	0	0
UL	0.190396	190	3	2	21	2	1	0	37408	28	0	32.4596 	0	0
DL	0.190408	190	4	1	1	2	1	0	1776	28	0	32.4596	 	0	0
UL	0.190496	190	4	2	21	2	1	0	37408	28	0	32.4596 	0	0
DL	0.190508	190	5	1	1	2	1	0	1776	28	0	32.4596	 	0	0
UL	0.190596	190	5	2	21	2	1	0	37408	28	0	32.4596 	0	0
DL	0.190608	190	6	1	1	2	1	0	1776	28	0	32.4596	 	0	0
UL	0.190696	190	6	2	21	2	1	0	37408	28	0	32.4596 	0	0
DL	0.190708	190	7	1	1	2	1	0	1776	28	0	32.4596	 	0	0
UL	0.190796	190	7	2	21	2	1	0	37408	28	0	32.4596 	0	0
DL	0.190808	190	8	1	1	2	1	0	1776	28	0	32.4596	 	0	0
UL	0.190896	190	8	2	21	2	1	0	37408	28	0	32.4596 	0	0
DL	0.190908	190	9	1	1	2	1	0	1776	28	0	32.4596	 	0	0
UL	0.190996	190	9	2	21	2	1	0	37408	28	0	32.4596 	0	0
DL	0.191008	191	0	1	1	2	1	0	1776	28	0	32.6106	 	0	0
UL	0.191096	191	0	2	21	2	1	0	37408	28	0	32.6106 	0	0
DL	0.191108	191	1	1	1	2	1	0	1776	28	0	32.6106	 	0	0
UL	0.191196	191	1	2	21	2	1	0	37408	28	0	32.6106 	0	0
DL	0.191208	191	2	1	1	2	1	0	1776	28	0	32.6106	 	0	0
UL	0.191296	191	2	2	21	2	1	0	37408	28	0	32.6106 	0	0
DL	0.191308	191	3	1	1	2	1	0	1776	28	0	32.6106	 	0	0
UL	0.191396	191	3	2	21	2	1	0	37408	28	0	32.6106 	0	0
DL	0.191408	191	4	1	1	2	1	0	1776	28	0	32.6106	 	0	0
UL	0.191496	191	4	2	21	2	1	0	37408	28	0	32.6106 	0	0
DL	0.191508	191	5	1	1	2	1	0	1776	28	0	32.6106	 	0	0
UL	0.191596	191	5	2	21	2	1	0	37408	28	0	32.6106 	0	0
DL	0.191608	191	6	1	1	2	1	0	1776	28	0	32.6106	 	0	0
UL	0.191696	191	6	2	21	2	1	0	37408	28	0	32.6106 	0	0
DL	0.191708	191	7	1	1	2	1	0	1776	28	0	32.6106	 	0	0
UL	0.191796	191	7	2	21	2	1	0	37408	28	0	32.6106 	0	0
DL	0.191808	191	8	1	1	2	1	0	1776	28	0	32.6106	 	0	0
UL	0.191896	191	8	2	21	2	1	0	37408	28	0	32.6106 	0	0
DL	0.191908	191	9	1	1	2	1	0	1776	28	0	32.6106	 	0	0
UL	0.191996	191	9	2	21	2	1	0	37408	28	0	32.6106 	0	0
DL	0.192008	192	0	1	1	2	1	0	1776	28	0	32.4206	 	0	0
UL	0.192096	192	0	2	21	2	1	0	37408	28	0	32.4206 	0	0
DL	0.192108	192	1	1	1	2	1	0	1776	28	0	32.4206	 	0	0
UL	0.192196	192	1	2	21	2	1	0	37408	28	0	32.4206 	0	0
DL	0.192208	192	2	1	1	2	1	0	1776	28	0	32.4206	 	0	0
UL	0.192296	192	2	2	21	2	1	0	37408	28	0	32.4206 	0	0
DL	0.192308	192	3	1	1	2	1	0	1776	28	0	32.4206	 	0	0
UL	0.192396	192	3	2	21	2	1	0	37408	28	0	32.4206 	0	0
DL	0.192408	192	4	1	1	2	1	0	1776	28	0	32.4206	 	0	0
UL	0.192496	192	4	2	21	2	1	0	37408	28	0	32.4206 	0	0
DL	0.192508	192	5	1	1	2	1	0	1776	28	0	32.4206	 	0	0
UL	0.192596	192	5	2	21	2	1	0	37408	28	0	32.4206 	0	0
DL	0.192608	192	6	1	1	2	1	0	1776	28	0	32.4206	 	0	0
UL	0.192696	192	6	2	21	2	1	0	37408	28	0	32.4206 	0	0
DL	0.192708	192	7	1	1	2	1	0	1776	28	0	32.4206	 	0	0
UL	0.192796	192	7	2	21	2	1	0	37408	28	0	32.4206 	0	0
DL	0.192808	192	8	1	1	2	1	0	1776	28	0	32.4206	 	0	0
UL	0.192896	192	8	2	21	2	1	0	37408	28	0	32.4206 	0	0
DL	0.192908	192	9	1	1	2	1	0	1776	28	0	32.4206	 	0	0
UL	0.192996	192	9	2	21	2	1	0	37408	28	0	32.4206 	0	0
DL	0.193008	193	0	1	1	2	1	0	1776	28	0	32.537	 	0	0
UL	0.193096	193	0	2	21	2	1	0	37408	28	0	32.537 	0	0
DL	0.193108	193	1	1	1	2	1	0	1776	28	0	32.537	 	0	0
UL	0.193196	193	1	2	21	2	1	0	37408	28	0	32.537 	0	0
DL	0.193208	193	2	1	1	2	1	0	1776	28	0	32.537	 	0	0
UL	0.193296	193	2	2	21	2	1	0	37408	28	0	32.537 	0	0
DL	0.193308	193	3	1	1	2	1	0	1776	28	0	32.537	 	0	0
UL	0.193396	193	3	2	21	2	1	0	37408	28	0	32.537 	0	0
DL	0.193408	193	4	1	1	2	1	0	1776	28	0	32.537	 	0	0
UL	0.193496	193	4	2	21	2	1	0	37408	28	0	32.537 	0	0
DL	0.193508	193	5	1	1	2	1	0	1776	28	0	32.537	 	0	0
UL	0.193596	193	5	2	21	2	1	0	37408	28	0	32.537 	0	0
DL	0.193608	193	6	1	1	2	1	0	1776	28	0	32.537	 	0	0
UL	0.193696	193	6	2	21	2	1	0	37408	28	0	32.537 	0	0
DL	0.193708	193	7	1	1	2	1	0	1776	28	0	32.537	 	0	0
UL	0.193796	193	7	2	21	2	1	0	37408	28	0	32.537 	0	0
DL	0.193808	193	8	1	1	2	1	0	1776	28	0	32.537	 	0	0
UL	0.193896	193	8	2	21	2	1	0	37408	28	0	32.537 	0	0
DL	0.193908	193	9	1	1	2	1	0	1776	28	0	32.537	 	0	0
UL	0.193996	193	9	2	21	2	1	0	37408	28	0	32.537 	0	0
DL	0.194008	194	0	1	1	2	1	0	1776	28	0	32.5452	 	0	0
UL	0.194096	194	0	2	21	2	1	0	37408	28	0	32.5452 	0	0
DL	0.194108	194	1	1	1	2	1	0	1776	28	0	32.5452	 	0	0
UL	0.194196	194	1	2	21	2	1	0	37408	28	0	32.5452 	0	0
DL	0.194208	194	2	1	1	2	1	0	1776	28	0	32.5452	 	0	0
UL	0.194296	194	2	2	21	2	1	0	37408	28	0	32.5452 	0	0
DL	0.194308	194	3	1	1	2	1	0	1776	28	0	32.5452	 	0	0
UL	0.194396	194	3	2	21	2	1	0	37408	28	0	32.5452 	0	0
DL	0.194408	194	4	1	1	2	1	0	1776	28	0	32.5452	 	0	0
UL	0.194496	194	4	2	21	2	1	0	37408	28	0	32.5452 	0	0
DL	0.194508	194	5	1	1	2	1	0	1776	28	0	32.5452	 	0	0
UL	0.194596	194	5	2	21	2	1	0	37408	28	0	32.5452 	0	0
DL	0.194608	194	6	1	1	2	1	0	1776	28	0	32.5452	 	0	0
UL	0.194696	194	6	2	21	2	1	0	37408	28	0	32.5452 	0	0
DL	0.194708	194	7	1	1	2	1	0	1776	28	0	32.5452	 	0	0
UL	0.194796	194	7	2	21	2	1	0	37408	28	0	32.5452 	0	0
DL	0.194808	194	8	1	1	2	1	0	1776	28	0	32.5452	 	0	0
UL	0.194896	194	8	2	21	2	1	0	37408	28	0	32.5452 	0	0
DL	0.194908	194	9	1	1	2	1	0	1776	28	0	32.5452	 	0	0
UL	0.194996	194	9	2	21	2	1	0	37408	28	0	32.5452 	0	0
DL	0.195008	195	0	1	1	2	1	0	1776	28	0	32.5912	 	0	0
UL	0.195096	195	0	2	21	2	1	0	37408	28	0	32.5912 	0	0
DL	0.195108	195	1	1	1	2	1	0	1776	28	0	32.5912	 	0	0
UL	0.195196	195	1	2	21	2	1	0	37408	28	0	32.5912 	0	0
DL	0.195208	195	2	1	1	2	1	0	1776	28	0	32.5912	 	0	0
UL	0.195296	195	2	2	21	2	1	0	37408	28	0	32.5912 	0	0
DL	0.195308	195	3	1	1	2	1	0	1776	28	0	32.5912	 	0	0
UL	0.195396	195	3	2	21	2	1	0	37408	28	0	32.5912 	0	0
DL	0.195408	195	4	1	1	2	1	0	1776	28	0	32.5912	 	0	0
UL	0.195496	195	4	2	21	2	1	0	37408	28	0	32.5912 	0	0
DL	0.195508	195	5	1	1	2	1	0	1776	28	0	32.5912	 	0	0
UL	0.195596	195	5	2	21	2	1	0	37408	28	0	32.5912 	0	0
DL	0.195608	195	6	1	1	2	1	0	1776	28	0	32.5912	 	0	0
UL	0.195696	195	6	2	21	2	1	0	37408	28	0	32.5912 	0	0
DL	0.195708	195	7	1	1	2	1	0	1776	28	0	32.5912	 	0	0
UL	0.195796	195	7	2	21	2	1	0	37408	28	0	32.5912 	0	0
DL	0.195808	195	8	1	1	2	1	0	1776	28	0	32.5912	 	0	0
UL	0.195896	195	8	2	21	2	1	0	37408	28	0	32.5912 	0	0
DL	0.195908	195	9	1	1	2	1	0	1776	28	0	32.5912	 	0	0
UL	0.195996	195	9	2	21	2	1	0	37408	28	0	32.5912 	0	0
DL	0.196008	196	0	1	1	2	1	0	1776	28	0	32.5139	 	0	0
UL	0.196096	196	0	2	21	2	1	0	37408	28	0	32.5139 	0	0
DL	0.196108	196	1	1	1	2	1	0	1776	28	0	32.5139	 	0	0
UL	0.196196	196	1	2	21	2	1	0	37408	28	0	32.5139 	0	0
DL	0.196208	196	2	1	1	2	1	0	1776	28	0	32.5139	 	0	0
UL	0.196296	196	2	2	21	2	1	0	37408	28	0	32.5139 	0	0
DL	0.196308	196	3	1	1	2	1	0	1776	28	0	32.5139	 	0	0
UL	0.196396	196	3	2	21	2	1	0	37408	28	0	32.5139 	0	0
DL	0.196408	196	4	1	1	2	1	0	1776	28	0	32.5139	 	0	0
UL	0.196496	196	4	2	21	2	1	0	37408	28	0	32.5139 	0	0
DL	0.196508	196	5	1	1	2	1	0	1776	28	0	32.5139	 	0	0
UL	0.196596	196	5	2	21	2	1	0	37408	28	0	32.5139 	0	0
DL	0.196608	196	6	1	1	2	1	0	1776	28	0	32.5139	 	0	0
UL	0.196696	196	6	2	21	2	1	0	37408	28	0	32.5139 	0	0
DL	0.196708	196	7	1	1	2	1	0	1776	28	0	32.5139	 	0	0
UL	0.19675	196	7	2	10	2	1	0	17809	28	0	32.5139 	0	0
DL	0.196808	196	8	1	1	2	1	0	1776	28	0	32.5139	 	0	0
UL	0.196842	196	8	2	8	2	1	0	14247	28	0	32.5139 	0	0
DL	0.196908	196	9	1	1	2	1	0	1776	28	0	32.5139	 	0	0
UL	0.196942	196	9	2	8	2	1	0	14247	28	0	32.5139 	0	0
DL	0.197008	197	0	1	1	2	1	0	1776	28	0	32.4408	 	0	0
UL	0.197071	197	0	2	15	2	1	0	26719	28	0	32.4408 	0	0
DL	0.197108	197	1	1	1	2	1	0	1776	28	0	32.4408	 	0	0
UL	0.197171	197	1	2	15	2	1	0	26719	28	0	32.4408 	0	0
DL	0.197208	197	2	1	1	2	1	0	1776	28	0	32.4408	 	0	0
UL	0.197271	197	2	2	15	2	1	0	26719	28	0	32.4408 	0	0
DL	0.197308	197	3	1	1	2	1	0	1776	28	0	32.4408	 	0	0
UL	0.197342	197	3	2	8	2	1	0	14247	28	0	32.4408 	0	0
DL	0.197408	197	4	1	1	2	1	0	1776	28	0	32.4408	 	0	0
UL	0.197442	197	4	2	8	2	1	0	14247	28	0	32.4408 	0	0
DL	0.197508	197	5	1	1	2	1	0	1776	28	0	32.4408	 	0	0
UL	0.197542	197	5	2	8	2	1	0	14247	28	0	32.4408 	0	0
DL	0.197608	197	6	1	1	2	1	0	1776	28	0	32.4408	 	0	0
UL	0.197642	197	6	2	8	2	1	0	14247	28	0	32.4408 	0	0
DL	0.197708	197	7	1	1	2	1	0	1776	28	0	32.4408	 	0	0
UL	0.197742	197	7	2	8	2	1	0	14247	28	0	32.4408 	0	0
DL	0.197808	197	8	1	1	2	1	0	1776	28	0	32.4408	 	0	0
UL	0.197842	197	8	2	8	2	1	0	14247	28	0	32.4408 	0	0
DL	0.197908	197	9	1	1	2	1	0	1776	28	0	32.4408	 	0	0
UL	0.197937	197	9	2	7	2	1	0	12465	28	0	32.4408 	0	0
DL	0.198008	198	0	1	1	2	1	0	1776	28	0	32.5586	 	0	0
UL	0.198071	198	0	2	15	2	1	0	26719	28	0	32.5586 	0	0
DL	0.198108	198	1	1	1	2	1	0	1776	28	0	32.5586	 	0	0
UL	0.198171	198	1	2	15	2	1	0	26719	28	0	32.5586 	0	0
DL	0.198208	198	2	1	1	2	1	0	1776	28	0	32.5586	 	0	0
UL	0.198271	198	2	2	15	2	1	0	26719	28	0	32.5586 	0	0
DL	0.198308	198	3	1	1	2	1	0	1776	28	0	32.5586	 	0	0
UL	0.198342	198	3	2	8	2	1	0	14247	28	0	32.5586 	0	0
DL	0.198408	198	4	1	1	2	1	0	1776	28	0	32.5586	 	0	0
UL	0.198442	198	4	2	8	2	1	0	14247	28	0	32.5586 	0	0
DL	0.198508	198	5	1	1	2	1	0	1776	28	0	32.5586	 	0	0
UL	0.198542	198	5	2	8	2	1	0	14247	28	0	32.5586 	0	0
DL	0.198608	198	6	1	1	2	1	0	1776	28	0	32.5586	 	0	0
UL	0.198642	198	6	2	8	2	1	0	14247	28	0	32.5586 	0	0
DL	0.198708	198	7	1	1	2	1	0	1776	28	0	32.5586	 	0	0
UL	0.198742	198	7	2	8	2	1	0	14247	28	0	32.5586 	0	0
DL	0.198808	198	8	1	1	2	1	0	1776	28	0	32.5586	 	0	0
UL	0.198837	198	8	2	7	2	1	0	12465	28	0	32.5586 	0	0
DL	0.198908	198	9	1	1	2	1	0	1776	28	0	32.5586	 	0	0
UL	0.198937	198	9	2	7	2	1	0	12465	28	0	32.5586 	0	0
DL	0.199008	199	0	1	1	2	1	0	1776	28	0	32.4951	 	0	0
UL	0.199071	199	0	2	15	2	1	0	26719	28	0	32.4951 	0	0
DL	0.199108	199	1	1	1	2	1	0	1776	28	0	32.4951	 	0	0
UL	0.199171	199	1	2	15	2	1	0	26719	28	0	32.4951 	0	0
DL	0.199208	199	2	1	1	2	1	0	1776	28	0	32.4951	 	0	0
UL	0.199283	199	2	2	18	2	1	0	32063	28	0	32.4951 	0	0
DL	0.199308	199	3	1	1	2	1	0	1776	28	0	32.4951	 	0	0
UL	0.199342	199	3	2	8	2	1	0	14247	28	0	32.4951 	0	0
DL	0.199408	199	4	1	1	2	1	0	1776	28	0	32.4951	 	0	0
UL	0.199442	199	4	2	8	2	1	0	14247	28	0	32.4951 	0	0
DL	0.199508	199	5	1	1	2	1	0	1776	28	0	32.4951	 	0	0
UL	0.199542	199	5	2	8	2	1	0	14247	28	0	32.4951 	0	0
DL	0.199608	199	6	1	1	2	1	0	1776	28	0	32.4951	 	0	0
UL	0.199642	199	6	2	8	2	1	0	14247	28	0	32.4951 	0	0
DL	0.199708	199	7	1	1	2	1	0	1776	28	0	32.4951	 	0	0
UL	0.199737	199	7	2	7	2	1	0	12465	28	0	32.4951 	0	0
DL	0.199808	199	8	1	1	2	1	0	1776	28	0	32.4951	 	0	0
UL	0.199837	199	8	2	7	2	1	0	12465	28	0	32.4951 	0	0
DL	0.199908	199	9	1	1	2	1	0	1776	28	0	32.4951	 	0	0
UL	0.199937	199	9	2	7	2	1	0	12465	28	0	32.4951 	0	0
DL	0.200008	200	0	1	1	2	1	0	1776	28	0	32.5046	 	0	0
UL	0.200071	200	0	2	15	2	1	0	26719	28	0	32.5046 	0	0
DL	0.200108	200	1	1	1	2	1	0	1776	28	0	32.5046	 	0	0
UL	0.200171	200	1	2	15	2	1	0	26719	28	0	32.5046 	0	0
DL	0.200208	200	2	1	1	2	1	0	1776	28	0	32.5046	 	0	0
UL	0.200283	200	2	2	18	2	1	0	32063	28	0	32.5046 	0	0
DL	0.200308	200	3	1	1	2	1	0	1776	28	0	32.5046	 	0	0
UL	0.200342	200	3	2	8	2	1	0	14247	28	0	32.5046 	0	0
DL	0.200408	200	4	1	1	2	1	0	1776	28	0	32.5046	 	0	0
UL	0.200442	200	4	2	8	2	1	0	14247	28	0	32.5046 	0	0
DL	0.200508	200	5	1	1	2	1	0	1776	28	0	32.5046	 	0	0
UL	0.200542	200	5	2	8	2	1	0	14247	28	0	32.5046 	0	0
DL	0.200608	200	6	1	1	2	1	0	1776	28	0	32.5046	 	0	0
UL	0.200637	200	6	2	7	2	1	0	12465	28	0	32.5046 	0	0
DL	0.200708	200	7	1	1	2	1	0	1776	28	0	32.5046	 	0	0
UL	0.200737	200	7	2	7	2	1	0	12465	28	0	32.5046 	0	0
DL	0.200808	200	8	1	1	2	1	0	1776	28	0	32.5046	 	0	0
UL	0.200837	200	8	2	7	2	1	0	12465	28	0	32.5046 	0	0
DL	0.200908	200	9	1	1	2	1	0	1776	28	0	32.5046	 	0	0
UL	0.200942	200	9	2	8	2	1	0	14247	28	0	32.5046 	0	0
DL	0.201008	201	0	1	1	2	1	0	1776	28	0	32.4998	 	0	0
UL	0.201071	201	0	2	15	2	1	0	26719	28	0	32.4998 	0	0
UL	0.201179	201	1	1	18	2	1	0	32063	28	0	32.4998 	0	0
DL	0.201208	201	2	1	1	2	1	0	1776	28	0	32.4998	 	0	0
UL	0.201271	201	2	2	15	2	1	0	26719	28	0	32.4998 	0	0
DL	0.201308	201	3	1	1	2	1	0	1776	28	0	32.4998	 	0	0
UL	0.201342	201	3	2	8	2	1	0	14247	28	0	32.4998 	0	0
DL	0.201408	201	4	1	1	2	1	0	1776	28	0	32.4998	 	0	0
UL	0.201442	201	4	2	8	2	1	0	14247	28	0	32.4998 	0	0
DL	0.201508	201	5	1	1	2	1	0	1776	28	0	32.4998	 	0	0
UL	0.201537	201	5	2	7	2	1	0	12465	28	0	32.4998 	0	0
DL	0.201608	201	6	1	1	2	1	0	1776	28	0	32.4998	 	0	0
UL	0.201637	201	6	2	7	2	1	0	12465	28	0	32.4998 	0	0
DL	0.201708	201	7	1	1	2	1	0	1776	28	0	32.4998	 	0	0
UL	0.201737	201	7	2	7	2	1	0	12465	28	0	32.4998 	0	0
DL	0.201808	201	8	1	1	2	1	0	1776	28	0	32.4998	 	0	0
UL	0.201842	201	8	2	8	2	1	0	14247	28	0	32.4998 	0	0
DL	0.201908	201	9	1	1	2	1	0	1776	28	0	32.4998	 	0	0
UL	0.201942	201	9	2	8	2	1	0	14247	28	0	32.4998 	0	0
DL	0.202008	202	0	1	1	2	1	0	1776	28	0	32.4788	 	0	0
UL	0.202083	202	0	2	18	2	1	0	32063	28	0	32.4788 	0	0
UL	0.202167	202	1	1	15	2	1	0	26719	28	0	32.4788 	0	0
DL	0.202208	202	2	1	1	2	1	0	1776	28	0	32.4788	 	0	0
UL	0.202271	202	2	2	15	2	1	0	26719	28	0	32.4788 	0	0
DL	0.202308	202	3	1	1	2	1	0	1776	28	0	32.4788	 	0	0
UL	0.202342	202	3	2	8	2	1	0	14247	28	0	32.4788 	0	0
DL	0.202408	202	4	1	1	2	1	0	1776	28	0	32.4788	 	0	0
UL	0.202437	202	4	2	7	2	1	0	12465	28	0	32.4788 	0	0
DL	0.202508	202	5	1	1	2	1	0	1776	28	0	32.4788	 	0	0
UL	0.202537	202	5	2	7	2	1	0	12465	28	0	32.4788 	0	0
DL	0.202608	202	6	1	1	2	1	0	1776	28	0	32.4788	 	0	0
UL	0.202637	202	6	2	7	2	1	0	12465	28	0	32.4788 	0	0
DL	0.202708	202	7	1	1	2	1	0	1776	28	0	32.4788	 	0	0
UL	0.202742	202	7	2	8	2	1	0	14247	28	0	32.4788 	0	0
DL	0.202808	202	8	1	1	2	1	0	1776	28	0	32.4788	 	0	0
UL	0.202842	202	8	2	8	2	1	0	14247	28	0	32.4788 	0	0
DL	0.202908	202	9	1	1	2	1	0	1776	28	0	32.4788	 	0	0
UL	0.20295	202	9	2	10	2	1	0	17809	28	0	32.4788 	0	0
DL	0.203008	203	0	1	1	2	1	0	1776	28	0	32.4478	 	0	0
UL	0.203083	203	0	2	18	2	1	0	32063	28	0	32.4478 	0	0
UL	0.203179	203	1	1	18	2	1	0	32063	28	0	32.4478 	0	0
DL	0.203208	203	2	1	1	2	1	0	1776	28	0	32.4478	 	0	0
UL	0.203262	203	2	2	13	2	1	0	23154	28	0	32.4478 	0	0
DL	0.203308	203	3	1	1	2	1	0	1776	28	0	32.4478	 	0	0
UL	0.203337	203	3	2	7	2	1	0	12465	28	0	32.4478 	0	0
DL	0.203408	203	4	1	1	2	1	0	1776	28	0	32.4478	 	0	0
UL	0.203437	203	4	2	7	2	1	0	12465	28	0	32.4478 	0	0
DL	0.203508	203	5	1	1	2	1	0	1776	28	0	32.4478	 	0	0
UL	0.203537	203	5	2	7	2	1	0	12465	28	0	32.4478 	0	0
DL	0.203608	203	6	1	1	2	1	0	1776	28	0	32.4478	 	0	0
UL	0.203642	203	6	2	8	2	1	0	14247	28	0	32.4478 	0	0
DL	0.203708	203	7	1	1	2	1	0	1776	28	0	32.4478	 	0	0
UL	0.203742	203	7	2	8	2	1	0	14247	28	0	32.4478 	0	0
DL	0.203808	203	8	1	1	2	1	0	1776	28	0	32.4478	 	0	0
UL	0.20385	203	8	2	10	2	1	0	17809	28	0	32.4478 	0	0
DL	0.203908	203	9	1	1	2	1	0	1776	28	0	32.4478	 	0	0
UL	0.203942	203	9	2	8	2	1	0	14247	28	0	32.4478 	0	0
DL	0.204008	204	0	1	1	2	1	0	1776	28	0	32.512	 	0	0
UL	0.204083	204	0	2	18	2	1	0	32063	28	0	32.512 	0	0
UL	0.204158	204	1	1	13	2	1	0	23154	28	0	32.512 	0	0
