Rx 0.0359286 1 1 1 8 4714285
Rx 0.0399286 1 1 1 8 0
Rx 0.0442083 2 1 1 8 204160
Tx 0.0552143 1 1 1 2 
Tx 0.0552143 1 1 1 7 
Rx 0.0559286 1 1 1 11 4714285
Rx 0.0599286 1 1 1 2 0
Rx 0.0599286 1 1 1 7 4714285
Tx 0.0612143 1 1 1 2 
Tx 0.0652143 1 1 1 2 
Tx 0.0652143 1 1 1 7 
Rx 0.0659286 1 1 1 2 0
Rx 0.0659286 1 1 1 7 0
Rx 0.0699286 1 1 1 2 0
Rx 0.0699286 1 1 1 7 4714285
Tx 0.0712143 1 1 1 2 
Rx 0.0759286 1 1 1 2 0
Rx 0.0759286 1 1 1 7 0
Tx 0.100204 2 1 3 62 
Rx 0.100412 2 1 3 62 208320
Tx 0.104104 2 1 3 2 
Tx 0.104104 2 1 3 1114 
Rx 0.104308 2 1 3 2 0
Rx 0.104308 2 1 3 1114 204160
Tx 0.108004 2 1 3 2 
Tx 0.108004 2 1 3 2114 
Rx 0.108212 2 1 3 2 0
Rx 0.108212 2 1 3 2114 208320
Tx 0.111904 2 1 3 2 
Tx 0.111904 2 1 3 3169 
Rx 0.112112 2 1 3 2 0
Rx 0.112112 2 1 3 3169 208320
Tx 0.115804 2 1 3 2 
Tx 0.115804 2 1 3 3169 
Rx 0.116012 2 1 3 2 0
Rx 0.116012 2 1 3 3169 208320
Tx 0.119704 2 1 3 2 
Tx 0.119704 2 1 3 6336 
Rx 0.119921 2 1 3 2 0
Rx 0.119921 2 1 3 6336 216640
Tx 0.123604 2 1 3 2 
Tx 0.123604 2 1 3 9502 
Rx 0.123829 2 1 3 2 0
Rx 0.123829 2 1 3 9502 224960
Tx 0.127504 2 1 3 2 
Tx 0.127504 2 1 3 12669 
Rx 0.127737 2 1 3 2 0
Rx 0.127737 2 1 3 12669 233280
Tx 0.131404 2 1 3 2 
Tx 0.131404 2 1 3 19002 
Rx 0.13165 2 1 3 2 0
Rx 0.13165 2 1 3 19002 245760
Tx 0.135304 2 1 3 2 
Tx 0.135304 2 1 3 25335 
Rx 0.135567 2 1 3 2 0
Rx 0.135567 2 1 3 25335 262400
Tx 0.136204 2 1 3 3169 
Rx 0.136412 2 1 3 3169 208320
Tx 0.139204 2 1 3 2 
Tx 0.139204 2 1 3 34834 
Rx 0.139492 2 1 3 2 0
Rx 0.139492 2 1 3 34834 287360
Tx 0.140104 2 1 3 9502 
Rx 0.140329 2 1 3 9502 224960
Tx 0.143104 2 1 3 2 
Tx 0.143104 2 1 3 10677 
Tx 0.143204 2 1 3 36827 
Rx 0.143329 2 1 3 2 0
Rx 0.143329 2 1 3 10677 224960
Rx 0.143496 2 1 3 36827 291520
Tx 0.144004 2 1 3 19002 
Rx 0.14425 2 1 3 19002 245760
Tx 0.147004 2 1 3 2 
Tx 0.147004 2 1 3 17801 
Tx 0.147104 2 1 3 19588 
Tx 0.147204 2 1 3 29119 
Rx 0.147246 2 1 3 2 0
Rx 0.147246 2 1 3 17801 241600
Rx 0.14735 2 1 3 19588 245760
Rx 0.147496 2 1 3 29119 291520
Tx 0.147904 2 1 3 31668 
Rx 0.148179 2 1 3 31668 274880
Tx 0.150904 2 1 3 2 
Tx 0.150904 2 1 3 23146 
Tx 0.151004 2 1 3 39183 
Tx 0.151104 2 1 3 35844 
Rx 0.151158 2 1 3 2 0
Rx 0.151158 2 1 3 23146 254080
Rx 0.151296 2 1 3 39183 291520
Rx 0.151396 2 1 3 35844 291520
Tx 0.151704 2 1 3 31668 
Rx 0.151992 2 1 3 31668 287360
Tx 0.154804 2 1 3 2 
Tx 0.154804 2 1 3 39179 
Tx 0.154904 2 1 3 39183 
Tx 0.155004 2 1 3 39183 
Rx 0.155096 2 1 3 2 0
Rx 0.155096 2 1 3 39179 291520
Tx 0.155104 2 1 3 37404 
Rx 0.155196 2 1 3 39183 291520
Tx 0.155204 2 1 3 6563 
Rx 0.155296 2 1 3 39183 291520
Rx 0.155396 2 1 3 37404 291520
Tx 0.155404 2 1 3 14243 
Rx 0.155496 2 1 3 6563 291520
Tx 0.155504 2 1 3 17805 
Rx 0.155642 2 1 3 14243 237440
Tx 0.155704 2 1 3 18628 
Rx 0.155746 2 1 3 17805 241600
Rx 0.155992 2 1 3 18628 287360
Tx 0.158704 2 1 3 2 
Tx 0.158704 2 1 3 3550 
Tx 0.158804 2 1 3 37404 
Tx 0.158904 2 1 3 37404 
Rx 0.158917 2 1 3 2 0
Rx 0.158917 2 1 3 3550 212480
Tx 0.159004 2 1 3 39183 
Rx 0.159096 2 1 3 37404 291520
Tx 0.159104 2 1 3 37404 
Rx 0.159196 2 1 3 37404 291520
Tx 0.159204 2 1 3 37404 
Rx 0.159296 2 1 3 39183 291520
Tx 0.159304 2 1 3 39183 
Rx 0.159396 2 1 3 37404 291520
Tx 0.159404 2 1 3 39183 
Rx 0.159496 2 1 3 37404 291520
Tx 0.159504 2 1 3 30140 
Rx 0.159596 2 1 3 39183 291520
Rx 0.159696 2 1 3 39183 291520
Rx 0.159796 2 1 3 30140 291520
Tx 0.162604 2 1 3 2 
Tx 0.162604 2 1 3 23146 
Tx 0.162704 2 1 3 26715 
Tx 0.162804 2 1 3 37404 
Rx 0.162862 2 1 3 2 0
Rx 0.162862 2 1 3 23146 258240
Tx 0.162904 2 1 3 37404 
Rx 0.162971 2 1 3 26715 266560
Tx 0.163004 2 1 3 37404 
Rx 0.163096 2 1 3 37404 291520
Tx 0.163104 2 1 3 39183 
Rx 0.163196 2 1 3 37404 291520
Tx 0.163204 2 1 3 37404 
Rx 0.163296 2 1 3 37404 291520
Tx 0.163304 2 1 3 39183 
Rx 0.163396 2 1 3 39183 291520
Tx 0.163404 2 1 3 39183 
Rx 0.163496 2 1 3 37404 291520
Tx 0.163504 2 1 3 39183 
Rx 0.163596 2 1 3 39183 291520
Tx 0.163604 2 1 3 2 
Rx 0.163696 2 1 3 39183 291520
Tx 0.163704 2 1 3 39183 
Rx 0.163796 2 1 3 39183 291520
Tx 0.163804 2 1 3 39183 
Rx 0.163896 2 1 3 2 0
Rx 0.163996 2 1 3 39183 291520
Rx 0.164096 2 1 3 39183 291520
Tx 0.166504 2 1 3 2 
Tx 0.166504 2 1 3 37400 
Tx 0.166604 2 1 3 37404 
Tx 0.166704 2 1 3 37404 
Rx 0.166796 2 1 3 2 0
Rx 0.166796 2 1 3 37400 291520
Tx 0.166804 2 1 3 37404 
Rx 0.166896 2 1 3 37404 291520
Tx 0.166904 2 1 3 37404 
Rx 0.166996 2 1 3 37404 291520
Tx 0.167004 2 1 3 37404 
Rx 0.167096 2 1 3 37404 291520
Tx 0.167104 2 1 3 37404 
Rx 0.167196 2 1 3 37404 291520
Tx 0.167204 2 1 3 37404 
Rx 0.167296 2 1 3 37404 291520
Tx 0.167304 2 1 3 37404 
Rx 0.167396 2 1 3 37404 291520
Tx 0.167404 2 1 3 39183 
Rx 0.167496 2 1 3 37404 291520
Tx 0.167504 2 1 3 2 
Rx 0.167596 2 1 3 37404 291520
Tx 0.167604 2 1 3 39183 
Rx 0.167696 2 1 3 39183 291520
Tx 0.167704 2 1 3 39183 
Rx 0.167796 2 1 3 2 0
Tx 0.167804 2 1 3 39183 
Rx 0.167896 2 1 3 39183 291520
Tx 0.167904 2 1 3 39183 
Rx 0.167996 2 1 3 39183 291520
Tx 0.168004 2 1 3 39183 
Rx 0.168096 2 1 3 39183 291520
Tx 0.168104 2 1 3 33839 
Rx 0.168196 2 1 3 39183 291520
Rx 0.168296 2 1 3 39183 291520
Rx 0.168387 2 1 3 33839 283200
Tx 0.168604 2 1 3 2 
Tx 0.168704 2 1 3 39183 
Tx 0.168804 2 1 3 16026 
Rx 0.168896 2 1 3 2 0
Rx 0.168996 2 1 3 39183 291520
Rx 0.169042 2 1 3 16026 237440
Tx 0.170404 2 1 3 2 
Tx 0.170404 2 1 3 32054 
Tx 0.170504 2 1 3 37404 
Tx 0.170604 2 1 3 37404 
Rx 0.170683 2 1 3 2 0
Rx 0.170683 2 1 3 32054 279040
Tx 0.170704 2 1 3 37404 
Rx 0.170796 2 1 3 37404 291520
Tx 0.170804 2 1 3 37404 
Rx 0.170896 2 1 3 37404 291520
Tx 0.170904 2 1 3 37404 
Rx 0.170996 2 1 3 37404 291520
Tx 0.171004 2 1 3 37404 
Rx 0.171096 2 1 3 37404 291520
Tx 0.171104 2 1 3 37404 
Rx 0.171196 2 1 3 37404 291520
Tx 0.171204 2 1 3 37404 
Rx 0.171296 2 1 3 37404 291520
Tx 0.171304 2 1 3 37404 
Rx 0.171396 2 1 3 37404 291520
Tx 0.171404 2 1 3 2 
Rx 0.171496 2 1 3 37404 291520
Tx 0.171504 2 1 3 37404 
Rx 0.171596 2 1 3 37404 291520
Tx 0.171604 2 1 3 37404 
Rx 0.171696 2 1 3 2 0
Tx 0.171704 2 1 3 39183 
Rx 0.171796 2 1 3 37404 291520
Tx 0.171804 2 1 3 39183 
Rx 0.171896 2 1 3 37404 291520
Tx 0.171904 2 1 3 37404 
Rx 0.171996 2 1 3 39183 291520
Tx 0.172004 2 1 3 39183 
Rx 0.172096 2 1 3 39183 291520
Tx 0.172104 2 1 3 37404 
Rx 0.172196 2 1 3 37404 291520
Tx 0.172204 2 1 3 37404 
Rx 0.172296 2 1 3 39183 291520
Tx 0.172304 2 1 3 39183 
Rx 0.172396 2 1 3 37404 291520
Tx 0.172404 2 1 3 2 
Rx 0.172496 2 1 3 37404 291520
Tx 0.172504 2 1 3 39183 
Rx 0.172596 2 1 3 39183 291520
Tx 0.172604 2 1 3 39183 
Rx 0.172696 2 1 3 2 0
Tx 0.172704 2 1 3 39183 
Rx 0.172796 2 1 3 39183 291520
Tx 0.172804 2 1 3 39183 
Rx 0.172896 2 1 3 39183 291520
Tx 0.172904 2 1 3 39183 
Rx 0.172996 2 1 3 39183 291520
Tx 0.173004 2 1 3 33839 
Rx 0.173096 2 1 3 39183 291520
Rx 0.173196 2 1 3 39183 291520
Rx 0.173287 2 1 3 33839 283200
Tx 0.173504 2 1 3 2 
Tx 0.173604 2 1 3 39183 
Rx 0.173796 2 1 3 2 0
Rx 0.173896 2 1 3 39183 291520
Tx 0.174304 2 1 3 37404 
Tx 0.174404 2 1 3 37404 
Tx 0.174504 2 1 3 2 
Rx 0.174596 2 1 3 37404 291520
Tx 0.174604 2 1 3 37404 
Rx 0.174696 2 1 3 37404 291520
Tx 0.174704 2 1 3 37404 
Rx 0.174796 2 1 3 2 0
Tx 0.174804 2 1 3 37404 
Rx 0.174896 2 1 3 37404 291520
Tx 0.174904 2 1 3 37404 
Rx 0.174996 2 1 3 37404 291520
Tx 0.175004 2 1 3 37404 
Rx 0.175096 2 1 3 37404 291520
Tx 0.175104 2 1 3 35621 
Rx 0.175196 2 1 3 37404 291520
Tx 0.175204 2 1 3 37404 
Rx 0.175296 2 1 3 37404 291520
Tx 0.175304 2 1 3 37404 
Rx 0.175396 2 1 3 35621 291520
Tx 0.175404 2 1 3 37404 
Rx 0.175496 2 1 3 37404 291520
Tx 0.175504 2 1 3 2 
Rx 0.175596 2 1 3 37404 291520
Tx 0.175604 2 1 3 37404 
Rx 0.175696 2 1 3 37404 291520
Tx 0.175704 2 1 3 37404 
Rx 0.175796 2 1 3 2 0
Tx 0.175804 2 1 3 37404 
Rx 0.175896 2 1 3 37404 291520
Tx 0.175904 2 1 3 37404 
Rx 0.175996 2 1 3 37404 291520
Tx 0.176004 2 1 3 37404 
Rx 0.176096 2 1 3 37404 291520
Tx 0.176104 2 1 3 35621 
Rx 0.176196 2 1 3 37404 291520
Tx 0.176204 2 1 3 37404 
Rx 0.176296 2 1 3 37404 291520
Tx 0.176304 2 1 3 37404 
Rx 0.176396 2 1 3 35621 291520
Tx 0.176404 2 1 3 37404 
Rx 0.176496 2 1 3 37404 291520
Tx 0.176504 2 1 3 2 
Rx 0.176596 2 1 3 37404 291520
Tx 0.176604 2 1 3 39183 
Rx 0.176696 2 1 3 37404 291520
Tx 0.176704 2 1 3 39183 
Rx 0.176796 2 1 3 2 0
Tx 0.176804 2 1 3 39183 
Rx 0.176896 2 1 3 39183 291520
Tx 0.176904 2 1 3 39183 
Rx 0.176996 2 1 3 39183 291520
Tx 0.177004 2 1 3 37404 
Rx 0.177096 2 1 3 39183 291520
Tx 0.177104 2 1 3 37404 
Rx 0.177196 2 1 3 39183 291520
Tx 0.177204 2 1 3 39183 
Rx 0.177296 2 1 3 37404 291520
Tx 0.177304 2 1 3 37404 
Rx 0.177396 2 1 3 37404 291520
Rx 0.177496 2 1 3 39183 291520
Rx 0.177592 2 1 3 37404 287360
Tx 0.177604 2 1 3 2 
Tx 0.177704 2 1 3 37404 
Tx 0.177804 2 1 3 37404 
Rx 0.177896 2 1 3 2 0
Tx 0.177904 2 1 3 37404 
Rx 0.177996 2 1 3 37404 291520
Rx 0.178096 2 1 3 37404 291520
Tx 0.178104 2 1 3 37404 
Rx 0.178196 2 1 3 37404 291520
Tx 0.178204 2 1 3 37404 
Tx 0.178304 2 1 3 37404 
Rx 0.178396 2 1 3 37404 291520
Tx 0.178404 2 1 3 37404 
Rx 0.178496 2 1 3 37404 291520
Tx 0.178504 2 1 3 37404 
Rx 0.178596 2 1 3 37404 291520
Tx 0.178604 2 1 3 2 
Rx 0.178696 2 1 3 37404 291520
Tx 0.178704 2 1 3 37404 
Rx 0.178796 2 1 3 37404 291520
Tx 0.178804 2 1 3 37404 
Rx 0.178896 2 1 3 2 0
Tx 0.178904 2 1 3 37404 
Rx 0.178996 2 1 3 37404 291520
Tx 0.179004 2 1 3 37404 
Rx 0.179096 2 1 3 37404 291520
Tx 0.179104 2 1 3 37404 
Rx 0.179196 2 1 3 37404 291520
Tx 0.179204 2 1 3 37404 
Rx 0.179296 2 1 3 37404 291520
Tx 0.179304 2 1 3 37404 
Rx 0.179396 2 1 3 37404 291520
Tx 0.179404 2 1 3 37404 
Rx 0.179496 2 1 3 37404 291520
Tx 0.179504 2 1 3 37404 
Rx 0.179596 2 1 3 37404 291520
Tx 0.179604 2 1 3 2 
Rx 0.179696 2 1 3 37404 291520
Tx 0.179704 2 1 3 37404 
Rx 0.179796 2 1 3 37404 291520
Tx 0.179804 2 1 3 37404 
Rx 0.179896 2 1 3 2 0
Tx 0.179904 2 1 3 37404 
Rx 0.179996 2 1 3 37404 291520
Tx 0.180004 2 1 3 37404 
Rx 0.180096 2 1 3 37404 291520
Tx 0.180104 2 1 3 37404 
Rx 0.180196 2 1 3 37404 291520
Tx 0.180204 2 1 3 37404 
Rx 0.180296 2 1 3 37404 291520
Tx 0.180304 2 1 3 37404 
Rx 0.180396 2 1 3 37404 291520
Tx 0.180404 2 1 3 37404 
Rx 0.180496 2 1 3 37404 291520
Tx 0.180504 2 1 3 37404 
Rx 0.180596 2 1 3 37404 291520
Tx 0.180604 2 1 3 2 
Rx 0.180696 2 1 3 37404 291520
Tx 0.180704 2 1 3 37404 
Rx 0.180796 2 1 3 37404 291520
Tx 0.180804 2 1 3 37404 
Rx 0.180896 2 1 3 2 0
Tx 0.180904 2 1 3 39183 
Rx 0.180996 2 1 3 37404 291520
Tx 0.181004 2 1 3 39183 
Rx 0.181096 2 1 3 37404 291520
Tx 0.181104 2 1 3 37404 
Rx 0.181196 2 1 3 39183 291520
Tx 0.181204 2 1 3 37404 
Rx 0.181296 2 1 3 39183 291520
Tx 0.181304 2 1 3 37404 
Rx 0.181396 2 1 3 37404 291520
Tx 0.181404 2 1 3 37404 
Rx 0.181496 2 1 3 37404 291520
Tx 0.181504 2 1 3 37404 
Rx 0.181596 2 1 3 37404 291520
Tx 0.181604 2 1 3 2 
Rx 0.181696 2 1 3 37404 291520
Tx 0.181704 2 1 3 37404 
Rx 0.181796 2 1 3 37404 291520
Tx 0.181804 2 1 3 37404 
Rx 0.181896 2 1 3 2 0
Tx 0.181904 2 1 3 37404 
Rx 0.181996 2 1 3 37404 291520
Tx 0.182004 2 1 3 37404 
Rx 0.182096 2 1 3 37404 291520
Tx 0.182104 2 1 3 37404 
Rx 0.182196 2 1 3 37404 291520
Tx 0.182204 2 1 3 37404 
Rx 0.182296 2 1 3 37404 291520
Tx 0.182304 2 1 3 37404 
Rx 0.182396 2 1 3 37404 291520
Tx 0.182404 2 1 3 37404 
Rx 0.182496 2 1 3 37404 291520
Tx 0.182504 2 1 3 37404 
Rx 0.182596 2 1 3 37404 291520
Tx 0.182604 2 1 3 2 
Rx 0.182696 2 1 3 37404 291520
Tx 0.182704 2 1 3 37404 
Rx 0.182796 2 1 3 37404 291520
Tx 0.182804 2 1 3 37404 
Rx 0.182896 2 1 3 2 0
Tx 0.182904 2 1 3 37404 
Rx 0.182996 2 1 3 37404 291520
Tx 0.183004 2 1 3 37404 
Rx 0.183096 2 1 3 37404 291520
Tx 0.183104 2 1 3 37404 
Rx 0.183196 2 1 3 37404 291520
Tx 0.183204 2 1 3 37404 
Rx 0.183296 2 1 3 37404 291520
Tx 0.183304 2 1 3 37404 
Rx 0.183396 2 1 3 37404 291520
Tx 0.183404 2 1 3 37404 
Rx 0.183496 2 1 3 37404 291520
Tx 0.183504 2 1 3 37404 
Rx 0.183596 2 1 3 37404 291520
Tx 0.183604 2 1 3 2 
Rx 0.183696 2 1 3 37404 291520
Tx 0.183704 2 1 3 37404 
Rx 0.183796 2 1 3 37404 291520
Tx 0.183804 2 1 3 37404 
Rx 0.183896 2 1 3 2 0
Tx 0.183904 2 1 3 37404 
Rx 0.183996 2 1 3 37404 291520
Tx 0.184004 2 1 3 37404 
Rx 0.184096 2 1 3 37404 291520
Tx 0.184104 2 1 3 37404 
Rx 0.184196 2 1 3 37404 291520
Tx 0.184204 2 1 3 37404 
Rx 0.184296 2 1 3 37404 291520
Tx 0.184304 2 1 3 37404 
Rx 0.184396 2 1 3 37404 291520
Tx 0.184404 2 1 3 37404 
Rx 0.184496 2 1 3 37404 291520
Tx 0.184504 2 1 3 37404 
Rx 0.184596 2 1 3 37404 291520
Tx 0.184604 2 1 3 2 
Rx 0.184696 2 1 3 37404 291520
Tx 0.184704 2 1 3 37404 
Rx 0.184796 2 1 3 37404 291520
Tx 0.184804 2 1 3 37404 
Rx 0.184896 2 1 3 2 0
Tx 0.184904 2 1 3 37404 
Rx 0.184996 2 1 3 37404 291520
Tx 0.185004 2 1 3 37404 
Rx 0.185096 2 1 3 37404 291520
Tx 0.185104 2 1 3 37404 
Rx 0.185196 2 1 3 37404 291520
Tx 0.185204 2 1 3 37404 
Rx 0.185296 2 1 3 37404 291520
Tx 0.185304 2 1 3 37404 
Rx 0.185396 2 1 3 37404 291520
Tx 0.185404 2 1 3 37404 
Rx 0.185496 2 1 3 37404 291520
Tx 0.185504 2 1 3 37404 
Rx 0.185596 2 1 3 37404 291520
Tx 0.185604 2 1 3 2 
Rx 0.185696 2 1 3 37404 291520
Tx 0.185704 2 1 3 37404 
Rx 0.185796 2 1 3 37404 291520
Tx 0.185804 2 1 3 37404 
Rx 0.185896 2 1 3 2 0
Tx 0.185904 2 1 3 37404 
Rx 0.185996 2 1 3 37404 291520
Tx 0.186004 2 1 3 37404 
Rx 0.186096 2 1 3 37404 291520
Tx 0.186104 2 1 3 37404 
Rx 0.186196 2 1 3 37404 291520
Tx 0.186204 2 1 3 37404 
Rx 0.186296 2 1 3 37404 291520
Tx 0.186304 2 1 3 37404 
Rx 0.186396 2 1 3 37404 291520
Tx 0.186404 2 1 3 37404 
Rx 0.186496 2 1 3 37404 291520
Tx 0.186504 2 1 3 37404 
Rx 0.186596 2 1 3 37404 291520
Tx 0.186604 2 1 3 2 
Rx 0.186696 2 1 3 37404 291520
Tx 0.186704 2 1 3 37404 
Rx 0.186796 2 1 3 37404 291520
Tx 0.186804 2 1 3 37404 
Rx 0.186896 2 1 3 2 0
Tx 0.186904 2 1 3 37404 
Rx 0.186996 2 1 3 37404 291520
Tx 0.187004 2 1 3 37404 
Rx 0.187096 2 1 3 37404 291520
Tx 0.187104 2 1 3 37404 
Rx 0.187196 2 1 3 37404 291520
Tx 0.187204 2 1 3 37404 
Rx 0.187296 2 1 3 37404 291520
Tx 0.187304 2 1 3 37404 
Rx 0.187396 2 1 3 37404 291520
Tx 0.187404 2 1 3 37404 
Rx 0.187496 2 1 3 37404 291520
Tx 0.187504 2 1 3 37404 
Rx 0.187596 2 1 3 37404 291520
Tx 0.187604 2 1 3 2 
Rx 0.187696 2 1 3 37404 291520
Tx 0.187704 2 1 3 37404 
Rx 0.187796 2 1 3 37404 291520
Tx 0.187804 2 1 3 37404 
Rx 0.187896 2 1 3 2 0
Tx 0.187904 2 1 3 37404 
Rx 0.187996 2 1 3 37404 291520
Tx 0.188004 2 1 3 37404 
Rx 0.188096 2 1 3 37404 291520
Tx 0.188104 2 1 3 37404 
Rx 0.188196 2 1 3 37404 291520
Tx 0.188204 2 1 3 37404 
Rx 0.188296 2 1 3 37404 291520
Tx 0.188304 2 1 3 37404 
Rx 0.188396 2 1 3 37404 291520
Tx 0.188404 2 1 3 37404 
Rx 0.188496 2 1 3 37404 291520
Tx 0.188504 2 1 3 37404 
Rx 0.188596 2 1 3 37404 291520
Tx 0.188604 2 1 3 2 
Rx 0.188696 2 1 3 37404 291520
Tx 0.188704 2 1 3 37404 
Rx 0.188796 2 1 3 37404 291520
Tx 0.188804 2 1 3 37404 
Rx 0.188896 2 1 3 2 0
Tx 0.188904 2 1 3 37404 
Rx 0.188996 2 1 3 37404 291520
Tx 0.189004 2 1 3 37404 
Rx 0.189096 2 1 3 37404 291520
Tx 0.189104 2 1 3 37404 
Rx 0.189196 2 1 3 37404 291520
Tx 0.189204 2 1 3 37404 
Rx 0.189296 2 1 3 37404 291520
Tx 0.189304 2 1 3 37404 
Rx 0.189396 2 1 3 37404 291520
Tx 0.189404 2 1 3 37404 
Rx 0.189496 2 1 3 37404 291520
Tx 0.189504 2 1 3 37404 
Rx 0.189596 2 1 3 37404 291520
Tx 0.189604 2 1 3 2 
Rx 0.189696 2 1 3 37404 291520
Tx 0.189704 2 1 3 37404 
Rx 0.189796 2 1 3 37404 291520
Tx 0.189804 2 1 3 37404 
Rx 0.189896 2 1 3 2 0
Tx 0.189904 2 1 3 37404 
Rx 0.189996 2 1 3 37404 291520
Tx 0.190004 2 1 3 37404 
Rx 0.190096 2 1 3 37404 291520
Tx 0.190104 2 1 3 37404 
Rx 0.190196 2 1 3 37404 291520
Tx 0.190204 2 1 3 37404 
Rx 0.190296 2 1 3 37404 291520
Tx 0.190304 2 1 3 37404 
Rx 0.190396 2 1 3 37404 291520
Tx 0.190404 2 1 3 37404 
Rx 0.190496 2 1 3 37404 291520
Tx 0.190504 2 1 3 37404 
Rx 0.190596 2 1 3 37404 291520
Tx 0.190604 2 1 3 2 
Rx 0.190696 2 1 3 37404 291520
Tx 0.190704 2 1 3 37404 
Rx 0.190796 2 1 3 37404 291520
Tx 0.190804 2 1 3 37404 
Rx 0.190896 2 1 3 2 0
Tx 0.190904 2 1 3 37404 
Rx 0.190996 2 1 3 37404 291520
Tx 0.191004 2 1 3 37404 
Rx 0.191096 2 1 3 37404 291520
Tx 0.191104 2 1 3 37404 
Rx 0.191196 2 1 3 37404 291520
Tx 0.191204 2 1 3 37404 
Rx 0.191296 2 1 3 37404 291520
Tx 0.191304 2 1 3 37404 
Rx 0.191396 2 1 3 37404 291520
Tx 0.191404 2 1 3 37404 
Rx 0.191496 2 1 3 37404 291520
Tx 0.191504 2 1 3 37403 
Rx 0.191596 2 1 3 37404 291520
Tx 0.191604 2 1 3 2 
Rx 0.191696 2 1 3 37404 291520
Tx 0.191704 2 1 3 37404 
Rx 0.191796 2 1 3 37403 291520
Tx 0.191804 2 1 3 37404 
Rx 0.191896 2 1 3 2 0
Tx 0.191904 2 1 3 37404 
Rx 0.191996 2 1 3 37404 291520
Tx 0.192004 2 1 3 37404 
Rx 0.192096 2 1 3 37404 291520
Tx 0.192104 2 1 3 37404 
Rx 0.192196 2 1 3 37404 291520
Tx 0.192204 2 1 3 37404 
Rx 0.192296 2 1 3 37404 291520
Tx 0.192304 2 1 3 37404 
Rx 0.192396 2 1 3 37404 291520
Tx 0.192404 2 1 3 37404 
Rx 0.192496 2 1 3 37404 291520
Tx 0.192504 2 1 3 37404 
Rx 0.192596 2 1 3 37404 291520
Tx 0.192604 2 1 3 2 
Rx 0.192696 2 1 3 37404 291520
Tx 0.192704 2 1 3 37404 
Rx 0.192796 2 1 3 37404 291520
Tx 0.192804 2 1 3 37404 
Rx 0.192896 2 1 3 2 0
Tx 0.192904 2 1 3 37404 
Rx 0.192996 2 1 3 37404 291520
Tx 0.193004 2 1 3 37404 
Rx 0.193096 2 1 3 37404 291520
Tx 0.193104 2 1 3 37404 
Rx 0.193196 2 1 3 37404 291520
Tx 0.193204 2 1 3 37404 
Rx 0.193296 2 1 3 37404 291520
Tx 0.193304 2 1 3 37404 
Rx 0.193396 2 1 3 37404 291520
Tx 0.193404 2 1 3 37404 
Rx 0.193496 2 1 3 37404 291520
Tx 0.193504 2 1 3 37404 
Rx 0.193596 2 1 3 37404 291520
Tx 0.193604 2 1 3 2 
Rx 0.193696 2 1 3 37404 291520
Tx 0.193704 2 1 3 37404 
Rx 0.193796 2 1 3 37404 291520
Tx 0.193804 2 1 3 37404 
Rx 0.193896 2 1 3 2 0
Tx 0.193904 2 1 3 37404 
Rx 0.193996 2 1 3 37404 291520
Tx 0.194004 2 1 3 37404 
Rx 0.194096 2 1 3 37404 291520
Tx 0.194104 2 1 3 37404 
Rx 0.194196 2 1 3 37404 291520
Tx 0.194204 2 1 3 37404 
Rx 0.194296 2 1 3 37404 291520
Tx 0.194304 2 1 3 37404 
Rx 0.194396 2 1 3 37404 291520
Tx 0.194404 2 1 3 37404 
Rx 0.194496 2 1 3 37404 291520
Tx 0.194504 2 1 3 37404 
Rx 0.194596 2 1 3 37404 291520
Tx 0.194604 2 1 3 2 
Rx 0.194696 2 1 3 37404 291520
Tx 0.194704 2 1 3 37404 
Rx 0.194796 2 1 3 37404 291520
Tx 0.194804 2 1 3 37404 
Rx 0.194896 2 1 3 2 0
Tx 0.194904 2 1 3 37404 
Rx 0.194996 2 1 3 37404 291520
Tx 0.195004 2 1 3 37404 
Rx 0.195096 2 1 3 37404 291520
Tx 0.195104 2 1 3 37404 
Rx 0.195196 2 1 3 37404 291520
Tx 0.195204 2 1 3 37404 
Rx 0.195296 2 1 3 37404 291520
Tx 0.195304 2 1 3 37404 
Rx 0.195396 2 1 3 37404 291520
Tx 0.195404 2 1 3 37404 
Rx 0.195496 2 1 3 37404 291520
Tx 0.195504 2 1 3 37404 
Rx 0.195596 2 1 3 37404 291520
Tx 0.195604 2 1 3 2 
Rx 0.195696 2 1 3 37404 291520
Tx 0.195704 2 1 3 37404 
Rx 0.195796 2 1 3 37404 291520
Tx 0.195804 2 1 3 37404 
Rx 0.195896 2 1 3 2 0
Tx 0.195904 2 1 3 37404 
Rx 0.195996 2 1 3 37404 291520
Tx 0.196004 2 1 3 37404 
Rx 0.196096 2 1 3 37404 291520
Tx 0.196104 2 1 3 37404 
Rx 0.196196 2 1 3 37404 291520
Tx 0.196204 2 1 3 37404 
Rx 0.196296 2 1 3 37404 291520
Tx 0.196304 2 1 3 37404 
Rx 0.196396 2 1 3 37404 291520
Tx 0.196404 2 1 3 15871 
Rx 0.196496 2 1 3 37404 291520
Tx 0.196504 2 1 3 13380 
Rx 0.196596 2 1 3 37404 291520
Tx 0.196604 2 1 3 2 
Rx 0.196696 2 1 3 15871 291520
Tx 0.196704 2 1 3 14243 
Rx 0.196796 2 1 3 13380 291520
Tx 0.196804 2 1 3 14243 
Rx 0.19685 2 1 3 2 0
Tx 0.196904 2 1 3 24078 
Rx 0.196942 2 1 3 14243 237440
Tx 0.197004 2 1 3 13380 
Rx 0.197042 2 1 3 14243 237440
Tx 0.197104 2 1 3 13380 
Rx 0.197171 2 1 3 24078 266560
Tx 0.197204 2 1 3 13380 
Rx 0.197271 2 1 3 13380 266560
Tx 0.197304 2 1 3 13380 
Rx 0.197371 2 1 3 13380 266560
Tx 0.197404 2 1 3 13380 
Rx 0.197442 2 1 3 13380 237440
Tx 0.197504 2 1 3 13380 
Rx 0.197542 2 1 3 13380 237440
Tx 0.197604 2 1 3 2 
Rx 0.197642 2 1 3 13380 237440
Tx 0.197704 2 1 3 14243 
Rx 0.197742 2 1 3 13380 237440
Tx 0.197804 2 1 3 12461 
Rx 0.197842 2 1 3 2 0
Tx 0.197904 2 1 3 25860 
Rx 0.197942 2 1 3 14243 237440
Tx 0.198004 2 1 3 13380 
Rx 0.198037 2 1 3 12461 233280
Tx 0.198104 2 1 3 13380 
Rx 0.198171 2 1 3 25860 266560
Tx 0.198204 2 1 3 13380 
Rx 0.198271 2 1 3 13380 266560
Tx 0.198304 2 1 3 13380 
Rx 0.198371 2 1 3 13380 266560
Tx 0.198404 2 1 3 13380 
Rx 0.198442 2 1 3 13380 237440
Tx 0.198504 2 1 3 13380 
Rx 0.198542 2 1 3 13380 237440
Tx 0.198604 2 1 3 2 
Rx 0.198642 2 1 3 13380 237440
Tx 0.198704 2 1 3 12461 
Rx 0.198742 2 1 3 13380 237440
Tx 0.198804 2 1 3 12461 
Rx 0.198842 2 1 3 2 0
Tx 0.198904 2 1 3 26715 
Rx 0.198937 2 1 3 12461 233280
Tx 0.199004 2 1 3 14308 
Rx 0.199037 2 1 3 12461 233280
Tx 0.199104 2 1 3 13380 
Rx 0.199171 2 1 3 26715 266560
Tx 0.199204 2 1 3 13380 
Rx 0.199271 2 1 3 14308 266560
Tx 0.199304 2 1 3 13380 
Rx 0.199383 2 1 3 13380 279040
Tx 0.199404 2 1 3 13380 
Rx 0.199442 2 1 3 13380 237440
Tx 0.199504 2 1 3 13380 
Rx 0.199542 2 1 3 13380 237440
Tx 0.199604 2 1 3 2 
Rx 0.199642 2 1 3 13380 237440
Tx 0.199704 2 1 3 12461 
Rx 0.199742 2 1 3 13380 237440
Tx 0.199804 2 1 3 12461 
Rx 0.199837 2 1 3 2 0
Tx 0.199904 2 1 3 26715 
Rx 0.199937 2 1 3 12461 233280
Tx 0.200004 2 1 3 14308 
Rx 0.200037 2 1 3 12461 233280
Tx 0.200104 2 1 3 13380 
Rx 0.200171 2 1 3 26715 266560
Tx 0.200204 2 1 3 13380 
Rx 0.200271 2 1 3 14308 266560
Tx 0.200304 2 1 3 13380 
Rx 0.200383 2 1 3 13380 279040
Tx 0.200404 2 1 3 13380 
Rx 0.200442 2 1 3 13380 237440
Tx 0.200504 2 1 3 12424 
Rx 0.200542 2 1 3 13380 237440
Tx 0.200604 2 1 3 2 
Rx 0.200642 2 1 3 13380 237440
Tx 0.200704 2 1 3 12461 
Rx 0.200737 2 1 3 12424 233280
Tx 0.200804 2 1 3 14243 
Rx 0.200837 2 1 3 2 0
Tx 0.200904 2 1 3 26715 
Rx 0.200937 2 1 3 12461 233280
Tx 0.201004 2 1 3 13481 
Rx 0.201042 2 1 3 14243 237440
Tx 0.201104 2 1 3 13380 
Rx 0.201171 2 1 3 26715 266560
Tx 0.201204 2 1 3 13380 
Rx 0.201279 2 1 3 13481 274880
Tx 0.201304 2 1 3 13380 
Rx 0.201371 2 1 3 13380 266560
Tx 0.201404 2 1 3 12424 
Rx 0.201442 2 1 3 13380 237440
Tx 0.201504 2 1 3 12461 
Rx 0.201542 2 1 3 13380 237440
Tx 0.201604 2 1 3 2 
Rx 0.201637 2 1 3 12424 233280
Tx 0.201704 2 1 3 14243 
Rx 0.201737 2 1 3 12461 233280
Tx 0.201804 2 1 3 14243 
Rx 0.201837 2 1 3 2 0
Tx 0.201904 2 1 3 25954 
Rx 0.201942 2 1 3 14243 237440
Tx 0.202004 2 1 3 13380 
Rx 0.202042 2 1 3 14243 237440
Tx 0.202104 2 1 3 13380 
Rx 0.202183 2 1 3 25954 279040
Tx 0.202204 2 1 3 13380 
Rx 0.202267 2 1 3 13380 262400
Tx 0.202304 2 1 3 12424 
Rx 0.202371 2 1 3 13380 266560
Tx 0.202404 2 1 3 12461 
Rx 0.202442 2 1 3 13380 237440
Tx 0.202504 2 1 3 12461 
Rx 0.202537 2 1 3 12424 233280
Tx 0.202604 2 1 3 2 
Rx 0.202637 2 1 3 12461 233280
Tx 0.202704 2 1 3 14243 
Rx 0.202737 2 1 3 12461 233280
Tx 0.202804 2 1 3 17805 
Rx 0.202842 2 1 3 2 0
Tx 0.202904 2 1 3 23312 
Rx 0.202942 2 1 3 14243 237440
Tx 0.203004 2 1 3 13380 
Rx 0.20305 2 1 3 17805 245760
Tx 0.203104 2 1 3 13380 
Rx 0.203183 2 1 3 23312 279040
Tx 0.203204 2 1 3 12424 
Rx 0.203279 2 1 3 13380 274880
Tx 0.203304 2 1 3 12461 
Rx 0.203362 2 1 3 13380 258240
Tx 0.203404 2 1 3 12461 
Rx 0.203437 2 1 3 12424 233280
Tx 0.203504 2 1 3 14243 
Rx 0.203537 2 1 3 12461 233280
Tx 0.203604 2 1 3 2 
Rx 0.203637 2 1 3 12461 233280
Tx 0.203704 2 1 3 17805 
Rx 0.203742 2 1 3 14243 237440
Tx 0.203804 2 1 3 14243 
Rx 0.203842 2 1 3 2 0
Tx 0.203904 2 1 3 22451 
Rx 0.20395 2 1 3 17805 245760
Tx 0.204004 2 1 3 13380 
Rx 0.204042 2 1 3 14243 237440
Tx 0.204104 2 1 3 12424 
Rx 0.204183 2 1 3 22451 279040
