0.0005 2 1 27 500000 0
0.0021 2 1 27 500000 0
0.0037 2 1 27 500000 0
0.0053 2 1 27 500000 0
0.0069 2 1 27 500000 0
0.0085 2 1 27 500000 0
0.0101 2 1 27 500000 0
0.0117 2 1 27 500000 0
0.0133 2 1 27 500000 0
0.0149 2 1 27 500000 0
0.0165 2 1 27 500000 0
0.0181 2 1 27 500000 0
0.0197 2 1 27 500000 0
0.0213 2 1 27 500000 0
0.0229 2 1 27 500000 0
0.0245 2 1 27 500000 0
0.0261 2 1 27 500000 0
0.0277 2 1 27 500000 0
0.0293 2 1 27 500000 0
0.0309 2 1 27 500000 0
0.0325 2 1 27 500000 0
0.0341 2 1 27 500000 0
0.0357 2 1 27 500000 0
0.0373 2 1 27 500000 0
0.0389 2 1 27 500000 0
0.0405 2 1 27 500000 0
0.0421 2 1 27 500000 0
0.0437 2 1 27 500000 0
0.0453 2 1 27 500000 0
0.0469 2 1 27 500000 0
0.0485 2 1 27 500000 0
0.0501 2 1 27 500000 0
0.0517 2 1 27 500000 0
0.0533 2 1 27 500000 0
0.0549 2 1 27 500000 0
0.0564286 1 2 68 500000 0
0.0565 2 1 27 500000 0
0.0569286 2 1 15 500000 0
0.0581 2 1 27 500000 0
