0.103808	0	0.003
0.107708	0.003	0.003125
0.111608	0.003125	0.00323437
0.115508	0.00323437	0.00333008
0.119408	0.00333008	0.00391382
0.119408	0.00391382	0.00392459
0.123308	0.00392459	0.00393402
0.123308	0.00393402	0.00394226
0.123308	0.00394226	0.00394948
0.127208	0.00394948	0.00395579
0.127208	0.00395579	0.00396132
0.127208	0.00396132	0.00396615
0.127208	0.00396615	0.00397038
0.131108	0.00397038	0.00447409
0.131108	0.00447409	0.00441482
0.131108	0.00441482	0.00436297
0.131108	0.00436297	0.0043176
0.135008	0.0043176	0.0042779
0.135008	0.0042779	0.00424316
0.135008	0.00424316	0.00421277
0.135008	0.00421277	0.00418617
0.138908	0.00418617	0.0040379
0.138908	0.0040379	0.00390816
0.138908	0.00390816	0.00379464
0.138908	0.00379464	0.00369531
0.142808	0.00369531	0.0037334
0.142808	0.0037334	0.00376672
0.142808	0.00376672	0.00379588
0.142808	0.00379588	0.0038214
0.146708	0.0038214	0.00384372
0.146708	0.00384372	0.00386325
0.146708	0.00386325	0.00388035
0.146708	0.00388035	0.0038953
0.150608	0.0038953	0.00390839
0.150608	0.00390839	0.00391984
0.150608	0.00391984	0.00392986
0.150608	0.00392986	0.00393863
0.154508	0.00393863	0.0039463
0.154508	0.0039463	0.00395301
0.154508	0.00395301	0.00395888
0.154508	0.00395888	0.00396402
0.158408	0.00396402	0.00396852
0.158408	0.00396852	0.00397245
0.158408	0.00397245	0.0039759
0.158408	0.0039759	0.00397891
0.162308	0.00397891	0.00398155
0.162308	0.00398155	0.00398385
0.162308	0.00398385	0.00398587
0.162308	0.00398587	0.00398764
0.166208	0.00398764	0.00398918
0.166208	0.00398918	0.00399053
0.166208	0.00399053	0.00399172
0.166208	0.00399172	0.00399275
0.170108	0.00399275	0.00399366
0.170108	0.00399366	0.00399445
0.170108	0.00399445	0.00399514
0.170108	0.00399514	0.00399575
0.174008	0.00399575	0.00399628
0.174008	0.00399628	0.00399675
0.174008	0.00399675	0.00399715
0.174008	0.00399715	0.00399751
0.177908	0.00399751	0.00387282
0.177908	0.00387282	0.00376371
0.177908	0.00376371	0.00366825
0.177908	0.00366825	0.00358472
0.181808	0.00358472	0.00363663
0.181808	0.00363663	0.00368205
0.181808	0.00368205	0.00372179
0.181808	0.00372179	0.00375657
0.185708	0.00375657	0.003787
0.185708	0.003787	0.00381362
0.185708	0.00381362	0.00383692
0.185708	0.00383692	0.0038573
0.189608	0.0038573	0.00387514
0.189608	0.00387514	0.00389075
0.189608	0.00389075	0.0039044
0.189608	0.0039044	0.00391635
0.193508	0.00391635	0.00392681
0.193508	0.00392681	0.00393596
0.193508	0.00393596	0.00394396
0.193508	0.00394396	0.00395097
0.197408	0.00395097	0.00395709
0.197408	0.00395709	0.00396246
0.197408	0.00396246	0.00396715
0.197408	0.00396715	0.00397126
0.201308	0.00397126	0.00397485
0.201308	0.00397485	0.00397799
0.201308	0.00397799	0.00398074
0.201308	0.00398074	0.00398315
0.205208	0.00398315	0.00398526
0.205208	0.00398526	0.0039871
0.205208	0.0039871	0.00398871
0.205208	0.00398871	0.00399012
0.209108	0.00399012	0.00399136
0.209108	0.00399136	0.00399244
0.209108	0.00399244	0.00399338
0.209108	0.00399338	0.00399421
0.213008	0.00399421	0.00399493
0.213008	0.00399493	0.00399556
0.213008	0.00399556	0.00399612
0.213008	0.00399612	0.0039966
0.216908	0.0039966	0.00387203
0.216908	0.00387203	0.00376302
0.216908	0.00376302	0.00366765
0.216908	0.00366765	0.00358419
0.220808	0.00358419	0.00363617
0.220808	0.00363617	0.00368164
0.220808	0.00368164	0.00372144
0.220808	0.00372144	0.00375626
0.224708	0.00375626	0.00378673
0.224708	0.00378673	0.00381338
0.224708	0.00381338	0.00383671
0.224708	0.00383671	0.00385712
0.228608	0.00385712	0.00387498
0.228608	0.00387498	0.00389061
0.228608	0.00389061	0.00390428
0.228608	0.00390428	0.00391625
0.232508	0.00391625	0.00392671
0.232508	0.00392671	0.00393588
0.232508	0.00393588	0.00394389
0.232508	0.00394389	0.0039509
0.236408	0.0039509	0.00395704
0.236408	0.00395704	0.00396241
0.236408	0.00396241	0.00396711
0.236408	0.00396711	0.00397122
0.240308	0.00397122	0.00397482
0.240308	0.00397482	0.00397796
0.240308	0.00397796	0.00398072
0.240308	0.00398072	0.00398313
0.244208	0.00398313	0.00398524
0.244208	0.00398524	0.00398708
0.244208	0.00398708	0.0039887
0.244208	0.0039887	0.00399011
0.248108	0.00399011	0.00399135
0.248108	0.00399135	0.00399243
0.248108	0.00399243	0.00399337
0.248108	0.00399337	0.0039942
0.252008	0.0039942	0.00399492
0.252008	0.00399492	0.00399556
0.252008	0.00399556	0.00399611
0.252008	0.00399611	0.0039966
0.255908	0.0039966	0.00387202
0.255908	0.00387202	0.00376302
0.255908	0.00376302	0.00366764
0.255908	0.00366764	0.00358419
0.259808	0.00358419	0.00363616
0.259808	0.00363616	0.00368164
0.259808	0.00368164	0.00372144
0.259808	0.00372144	0.00375626
0.263708	0.00375626	0.00378672
0.263708	0.00378672	0.00381338
0.263708	0.00381338	0.00383671
0.263708	0.00383671	0.00385712
0.267608	0.00385712	0.00387498
0.267608	0.00387498	0.00389061
0.267608	0.00389061	0.00390428
0.267608	0.00390428	0.00391624
0.271508	0.00391624	0.00392671
0.271508	0.00392671	0.00393587
0.271508	0.00393587	0.00394389
0.271508	0.00394389	0.0039509
0.275408	0.0039509	0.00395704
0.275408	0.00395704	0.00396241
0.275408	0.00396241	0.00396711
0.275408	0.00396711	0.00397122
0.279308	0.00397122	0.00397481
0.279308	0.00397481	0.00397796
0.279308	0.00397796	0.00398072
0.279308	0.00398072	0.00398313
0.283208	0.00398313	0.00398524
0.283208	0.00398524	0.00398708
0.283208	0.00398708	0.00398869
0.283208	0.00398869	0.00399011
0.287108	0.00399011	0.00399134
0.287108	0.00399134	0.00399243
0.287108	0.00399243	0.00399337
0.287108	0.00399337	0.0039942
0.291008	0.0039942	0.00399492
0.291008	0.00399492	0.00399556
0.291008	0.00399556	0.00399611
0.291008	0.00399611	0.0039966
0.294908	0.0039966	0.00387202
0.294908	0.00387202	0.00376302
0.294908	0.00376302	0.00366764
0.294908	0.00366764	0.00358419
0.298808	0.00358419	0.00363616
0.298808	0.00363616	0.00368164
0.298808	0.00368164	0.00372144
0.298808	0.00372144	0.00375626
0.302708	0.00375626	0.00378672
0.302708	0.00378672	0.00381338
0.302708	0.00381338	0.00383671
0.302708	0.00383671	0.00385712
0.306608	0.00385712	0.00387498
0.306608	0.00387498	0.00389061
0.306608	0.00389061	0.00390428
0.306608	0.00390428	0.00391624
0.310508	0.00391624	0.00392671
0.310508	0.00392671	0.00393587
0.310508	0.00393587	0.00394389
0.310508	0.00394389	0.0039509
0.314408	0.0039509	0.00395704
0.314408	0.00395704	0.00396241
0.314408	0.00396241	0.00396711
0.314408	0.00396711	0.00397122
0.318308	0.00397122	0.00397481
0.318308	0.00397481	0.00397796
0.318308	0.00397796	0.00398072
0.318308	0.00398072	0.00398313
0.322208	0.00398313	0.00398524
0.322208	0.00398524	0.00398708
0.322208	0.00398708	0.00398869
0.322208	0.00398869	0.00399011
0.326108	0.00399011	0.00399134
0.326108	0.00399134	0.00399243
0.326108	0.00399243	0.00399337
0.326108	0.00399337	0.0039942
0.330008	0.0039942	0.00399492
0.330008	0.00399492	0.00399556
0.330008	0.00399556	0.00399611
0.330008	0.00399611	0.0039966
0.333908	0.0039966	0.00387202
0.333908	0.00387202	0.00376302
0.333908	0.00376302	0.00366764
0.333908	0.00366764	0.00358419
0.337808	0.00358419	0.00363616
0.337808	0.00363616	0.00368164
0.337808	0.00368164	0.00372144
0.337808	0.00372144	0.00375626
0.341708	0.00375626	0.00378672
0.341708	0.00378672	0.00381338
0.341708	0.00381338	0.00383671
0.341708	0.00383671	0.00385712
0.345608	0.00385712	0.00387498
0.345608	0.00387498	0.00389061
0.345608	0.00389061	0.00390428
0.345608	0.00390428	0.00391624
0.349508	0.00391624	0.00392671
0.349508	0.00392671	0.00393587
0.349508	0.00393587	0.00394389
0.349508	0.00394389	0.0039509
0.353408	0.0039509	0.00395704
0.353408	0.00395704	0.00396241
0.353408	0.00396241	0.00396711
0.353408	0.00396711	0.00397122
0.357308	0.00397122	0.00397481
0.357308	0.00397481	0.00397796
0.357308	0.00397796	0.00398072
0.357308	0.00398072	0.00398313
0.361208	0.00398313	0.00398524
0.361208	0.00398524	0.00398708
0.361208	0.00398708	0.00398869
0.361208	0.00398869	0.00399011
0.365108	0.00399011	0.00399134
0.365108	0.00399134	0.00399243
0.365108	0.00399243	0.00399337
0.365108	0.00399337	0.0039942
0.369008	0.0039942	0.00399492
0.369008	0.00399492	0.00399556
0.369008	0.00399556	0.00399611
0.369008	0.00399611	0.0039966
0.372908	0.0039966	0.00387202
0.372908	0.00387202	0.00376302
0.372908	0.00376302	0.00366764
0.372908	0.00366764	0.00358419
0.376808	0.00358419	0.00363616
0.376808	0.00363616	0.00368164
0.376808	0.00368164	0.00372144
0.376808	0.00372144	0.00375626
0.380708	0.00375626	0.00378672
0.380708	0.00378672	0.00381338
0.380708	0.00381338	0.00383671
0.380708	0.00383671	0.00385712
0.384608	0.00385712	0.00387498
0.384608	0.00387498	0.00389061
0.384608	0.00389061	0.00390428
0.384608	0.00390428	0.00391624
0.388508	0.00391624	0.00392671
0.388508	0.00392671	0.00393587
0.388508	0.00393587	0.00394389
0.388508	0.00394389	0.0039509
0.392408	0.0039509	0.00395704
0.392408	0.00395704	0.00396241
0.392408	0.00396241	0.00396711
0.392408	0.00396711	0.00397122
0.396308	0.00397122	0.00397481
0.396308	0.00397481	0.00397796
0.396308	0.00397796	0.00398072
0.396308	0.00398072	0.00398313
0.400208	0.00398313	0.00398524
0.400208	0.00398524	0.00398708
0.400208	0.00398708	0.00398869
0.400208	0.00398869	0.00399011
0.404108	0.00399011	0.00399134
0.404108	0.00399134	0.00399243
0.404108	0.00399243	0.00399337
0.404108	0.00399337	0.0039942
0.408008	0.0039942	0.00399492
0.408008	0.00399492	0.00399556
0.408008	0.00399556	0.00399611
0.408008	0.00399611	0.0039966
0.411908	0.0039966	0.00387202
0.411908	0.00387202	0.00376302
0.411908	0.00376302	0.00366764
0.411908	0.00366764	0.00358419
0.415808	0.00358419	0.00363616
0.415808	0.00363616	0.00368164
0.415808	0.00368164	0.00372144
0.415808	0.00372144	0.00375626
0.419708	0.00375626	0.00378672
0.419708	0.00378672	0.00381338
0.419708	0.00381338	0.00383671
0.419708	0.00383671	0.00385712
0.423608	0.00385712	0.00387498
0.423608	0.00387498	0.00389061
0.423608	0.00389061	0.00390428
0.423608	0.00390428	0.00391624
0.427508	0.00391624	0.00392671
0.427508	0.00392671	0.00393587
0.427508	0.00393587	0.00394389
0.427508	0.00394389	0.0039509
0.431408	0.0039509	0.00395704
0.431408	0.00395704	0.00396241
0.431408	0.00396241	0.00396711
0.431408	0.00396711	0.00397122
0.435308	0.00397122	0.00397481
0.435308	0.00397481	0.00397796
0.435308	0.00397796	0.00398072
0.435308	0.00398072	0.00398313
0.439208	0.00398313	0.00398524
0.439208	0.00398524	0.00398708
0.439208	0.00398708	0.00398869
0.439208	0.00398869	0.00399011
0.443108	0.00399011	0.00399134
0.443108	0.00399134	0.00399243
0.443108	0.00399243	0.00399337
0.443108	0.00399337	0.0039942
0.447008	0.0039942	0.00399492
0.447008	0.00399492	0.00399556
0.447008	0.00399556	0.00399611
0.447008	0.00399611	0.0039966
0.450908	0.0039966	0.00387202
0.450908	0.00387202	0.00376302
0.450908	0.00376302	0.00366764
0.450908	0.00366764	0.00358419
0.454808	0.00358419	0.00363616
0.454808	0.00363616	0.00368164
0.454808	0.00368164	0.00372144
0.454808	0.00372144	0.00375626
0.458708	0.00375626	0.00378672
0.458708	0.00378672	0.00381338
0.458708	0.00381338	0.00383671
0.458708	0.00383671	0.00385712
0.462608	0.00385712	0.00387498
0.462608	0.00387498	0.00389061
0.462608	0.00389061	0.00390428
0.462608	0.00390428	0.00391624
0.466508	0.00391624	0.00392671
0.466508	0.00392671	0.00393587
0.466508	0.00393587	0.00394389
0.466508	0.00394389	0.0039509
0.470408	0.0039509	0.00395704
0.470408	0.00395704	0.00396241
0.470408	0.00396241	0.00396711
0.470408	0.00396711	0.00397122
0.474308	0.00397122	0.00397481
0.474308	0.00397481	0.00397796
0.474308	0.00397796	0.00398072
0.474308	0.00398072	0.00398313
0.478208	0.00398313	0.00398524
0.478208	0.00398524	0.00398708
0.478208	0.00398708	0.00398869
0.478208	0.00398869	0.00399011
0.482108	0.00399011	0.00399134
0.482108	0.00399134	0.00399243
0.482108	0.00399243	0.00399337
0.482108	0.00399337	0.0039942
0.486008	0.0039942	0.00399492
0.486008	0.00399492	0.00399556
0.486008	0.00399556	0.00399611
0.486008	0.00399611	0.0039966
0.489908	0.0039966	0.00387202
0.489908	0.00387202	0.00376302
0.489908	0.00376302	0.00366764
0.489908	0.00366764	0.00358419
0.493808	0.00358419	0.00363616
0.493808	0.00363616	0.00368164
0.493808	0.00368164	0.00372144
0.493808	0.00372144	0.00375626
0.497708	0.00375626	0.00378672
0.497708	0.00378672	0.00381338
0.497708	0.00381338	0.00383671
0.497708	0.00383671	0.00385712
0.501608	0.00385712	0.00387498
0.501608	0.00387498	0.00389061
0.501608	0.00389061	0.00390428
0.501608	0.00390428	0.00391624
0.505508	0.00391624	0.00392671
0.505508	0.00392671	0.00393587
0.505508	0.00393587	0.00394389
0.505508	0.00394389	0.0039509
0.509408	0.0039509	0.00395704
0.509408	0.00395704	0.00396241
0.509408	0.00396241	0.00396711
0.509408	0.00396711	0.00397122
0.513308	0.00397122	0.00397481
0.513308	0.00397481	0.00397796
0.513308	0.00397796	0.00398072
0.513308	0.00398072	0.00398313
0.517208	0.00398313	0.00398524
0.517208	0.00398524	0.00398708
0.517208	0.00398708	0.00398869
0.517208	0.00398869	0.00399011
0.521108	0.00399011	0.00399134
0.521108	0.00399134	0.00399243
0.521108	0.00399243	0.00399337
0.521108	0.00399337	0.0039942
0.525008	0.0039942	0.00399492
0.525008	0.00399492	0.00399556
0.525008	0.00399556	0.00399611
0.525008	0.00399611	0.0039966
0.528908	0.0039966	0.00387202
0.528908	0.00387202	0.00376302
0.528908	0.00376302	0.00366764
0.528908	0.00366764	0.00358419
0.532808	0.00358419	0.00363616
0.532808	0.00363616	0.00368164
0.532808	0.00368164	0.00372144
0.532808	0.00372144	0.00375626
0.536708	0.00375626	0.00378672
0.536708	0.00378672	0.00381338
0.536708	0.00381338	0.00383671
0.536708	0.00383671	0.00385712
0.540608	0.00385712	0.00387498
0.540608	0.00387498	0.00389061
0.540608	0.00389061	0.00390428
0.540608	0.00390428	0.00391624
0.544508	0.00391624	0.00392671
0.544508	0.00392671	0.00393587
0.544508	0.00393587	0.00394389
0.544508	0.00394389	0.0039509
0.548408	0.0039509	0.00395704
0.548408	0.00395704	0.00396241
0.548408	0.00396241	0.00396711
0.548408	0.00396711	0.00397122
0.552308	0.00397122	0.00397481
0.552308	0.00397481	0.00397796
0.552308	0.00397796	0.00398072
0.552308	0.00398072	0.00398313
0.556208	0.00398313	0.00398524
0.556208	0.00398524	0.00398708
0.556208	0.00398708	0.00398869
0.556208	0.00398869	0.00399011
0.560108	0.00399011	0.00399134
0.560108	0.00399134	0.00399243
0.560108	0.00399243	0.00399337
0.560108	0.00399337	0.0039942
0.564008	0.0039942	0.00399492
0.564008	0.00399492	0.00399556
0.564008	0.00399556	0.00399611
0.564008	0.00399611	0.0039966
0.567908	0.0039966	0.00387202
0.567908	0.00387202	0.00376302
0.567908	0.00376302	0.00366764
0.567908	0.00366764	0.00358419
0.571808	0.00358419	0.00363616
0.571808	0.00363616	0.00368164
0.571808	0.00368164	0.00372144
0.571808	0.00372144	0.00375626
0.575708	0.00375626	0.00378672
0.575708	0.00378672	0.00381338
0.575708	0.00381338	0.00383671
0.575708	0.00383671	0.00385712
0.579608	0.00385712	0.00387498
0.579608	0.00387498	0.00389061
0.579608	0.00389061	0.00390428
0.579608	0.00390428	0.00391624
0.583508	0.00391624	0.00392671
0.583508	0.00392671	0.00393587
0.583508	0.00393587	0.00394389
0.583508	0.00394389	0.0039509
0.587408	0.0039509	0.00395704
0.587408	0.00395704	0.00396241
0.587408	0.00396241	0.00396711
0.587408	0.00396711	0.00397122
0.591308	0.00397122	0.00397481
0.591308	0.00397481	0.00397796
0.591308	0.00397796	0.00398072
0.591308	0.00398072	0.00398313
0.595208	0.00398313	0.00398524
0.595208	0.00398524	0.00398708
0.595208	0.00398708	0.00398869
0.595208	0.00398869	0.00399011
0.599108	0.00399011	0.00399134
0.599108	0.00399134	0.00399243
0.599108	0.00399243	0.00399337
0.599108	0.00399337	0.0039942
0.603008	0.0039942	0.00399492
0.603008	0.00399492	0.00399556
0.603008	0.00399556	0.00399611
0.603008	0.00399611	0.0039966
0.606908	0.0039966	0.00387202
0.606908	0.00387202	0.00376302
0.606908	0.00376302	0.00366764
0.606908	0.00366764	0.00358419
0.610808	0.00358419	0.00363616
0.610808	0.00363616	0.00368164
0.610808	0.00368164	0.00372144
0.610808	0.00372144	0.00375626
0.614708	0.00375626	0.00378672
0.614708	0.00378672	0.00381338
0.614708	0.00381338	0.00383671
0.614708	0.00383671	0.00385712
0.618608	0.00385712	0.00387498
0.618608	0.00387498	0.00389061
0.618608	0.00389061	0.00390428
0.618608	0.00390428	0.00391624
0.622508	0.00391624	0.00392671
0.622508	0.00392671	0.00393587
0.622508	0.00393587	0.00394389
0.622508	0.00394389	0.0039509
0.626408	0.0039509	0.00395704
0.626408	0.00395704	0.00396241
0.626408	0.00396241	0.00396711
0.626408	0.00396711	0.00397122
0.630308	0.00397122	0.00397481
0.630308	0.00397481	0.00397796
0.630308	0.00397796	0.00398072
0.630308	0.00398072	0.00398313
0.634208	0.00398313	0.00398524
0.634208	0.00398524	0.00398708
0.634208	0.00398708	0.00398869
0.634208	0.00398869	0.00399011
0.638108	0.00399011	0.00399134
0.638108	0.00399134	0.00399243
0.638108	0.00399243	0.00399337
0.638108	0.00399337	0.0039942
0.642008	0.0039942	0.00399492
0.642008	0.00399492	0.00399556
0.642008	0.00399556	0.00399611
0.642008	0.00399611	0.0039966
0.645908	0.0039966	0.00387202
0.645908	0.00387202	0.00376302
0.645908	0.00376302	0.00366764
0.645908	0.00366764	0.00358419
0.649808	0.00358419	0.00363616
0.649808	0.00363616	0.00368164
0.649808	0.00368164	0.00372144
0.649808	0.00372144	0.00375626
0.653708	0.00375626	0.00378672
0.653708	0.00378672	0.00381338
0.653708	0.00381338	0.00383671
0.653708	0.00383671	0.00385712
0.657608	0.00385712	0.00387498
0.657608	0.00387498	0.00389061
0.657608	0.00389061	0.00390428
0.657608	0.00390428	0.00391624
0.661508	0.00391624	0.00392671
0.661508	0.00392671	0.00393587
0.661508	0.00393587	0.00394389
0.661508	0.00394389	0.0039509
0.665408	0.0039509	0.00395704
0.665408	0.00395704	0.00396241
0.665408	0.00396241	0.00396711
0.665408	0.00396711	0.00397122
0.669308	0.00397122	0.00397481
0.669308	0.00397481	0.00397796
0.669308	0.00397796	0.00398072
0.669308	0.00398072	0.00398313
0.673208	0.00398313	0.00398524
0.673208	0.00398524	0.00398708
0.673208	0.00398708	0.00398869
0.673208	0.00398869	0.00399011
0.677108	0.00399011	0.00399134
0.677108	0.00399134	0.00399243
0.677108	0.00399243	0.00399337
0.677108	0.00399337	0.0039942
0.681008	0.0039942	0.00399492
0.681008	0.00399492	0.00399556
0.681008	0.00399556	0.00399611
0.681008	0.00399611	0.0039966
0.684908	0.0039966	0.00387202
0.684908	0.00387202	0.00376302
0.684908	0.00376302	0.00366764
0.684908	0.00366764	0.00358419
0.688808	0.00358419	0.00363616
0.688808	0.00363616	0.00368164
0.688808	0.00368164	0.00372144
0.688808	0.00372144	0.00375626
0.692708	0.00375626	0.00378672
0.692708	0.00378672	0.00381338
0.692708	0.00381338	0.00383671
0.692708	0.00383671	0.00385712
0.696608	0.00385712	0.00387498
0.696608	0.00387498	0.00389061
0.696608	0.00389061	0.00390428
0.696608	0.00390428	0.00391624
0.700508	0.00391624	0.00392671
0.700508	0.00392671	0.00393587
0.700508	0.00393587	0.00394389
0.700508	0.00394389	0.0039509
0.704408	0.0039509	0.00395704
0.704408	0.00395704	0.00396241
0.704408	0.00396241	0.00396711
0.704408	0.00396711	0.00397122
0.708308	0.00397122	0.00397481
0.708308	0.00397481	0.00397796
0.708308	0.00397796	0.00398072
0.708308	0.00398072	0.00398313
0.712208	0.00398313	0.00398524
0.712208	0.00398524	0.00398708
0.712208	0.00398708	0.00398869
0.712208	0.00398869	0.00399011
0.716108	0.00399011	0.00399134
0.716108	0.00399134	0.00399243
0.716108	0.00399243	0.00399337
0.716108	0.00399337	0.0039942
0.720008	0.0039942	0.00399492
0.720008	0.00399492	0.00399556
0.720008	0.00399556	0.00399611
0.720008	0.00399611	0.0039966
0.723908	0.0039966	0.00387202
0.723908	0.00387202	0.00376302
0.723908	0.00376302	0.00366764
0.723908	0.00366764	0.00358419
0.727808	0.00358419	0.00363616
0.727808	0.00363616	0.00368164
0.727808	0.00368164	0.00372144
0.727808	0.00372144	0.00375626
0.731708	0.00375626	0.00378672
0.731708	0.00378672	0.00381338
0.731708	0.00381338	0.00383671
0.731708	0.00383671	0.00385712
0.735608	0.00385712	0.00387498
0.735608	0.00387498	0.00389061
0.735608	0.00389061	0.00390428
0.735608	0.00390428	0.00391624
0.739508	0.00391624	0.00392671
0.739508	0.00392671	0.00393587
0.739508	0.00393587	0.00394389
0.739508	0.00394389	0.0039509
0.743408	0.0039509	0.00395704
0.743408	0.00395704	0.00396241
0.743408	0.00396241	0.00396711
0.743408	0.00396711	0.00397122
0.747308	0.00397122	0.00397481
0.747308	0.00397481	0.00397796
0.747308	0.00397796	0.00398072
0.747308	0.00398072	0.00398313
0.751208	0.00398313	0.00398524
0.751208	0.00398524	0.00398708
0.751208	0.00398708	0.00398869
0.751208	0.00398869	0.00399011
0.755108	0.00399011	0.00399134
0.755108	0.00399134	0.00399243
0.755108	0.00399243	0.00399337
0.755108	0.00399337	0.0039942
0.759008	0.0039942	0.00399492
0.759008	0.00399492	0.00399556
0.759008	0.00399556	0.00399611
0.759008	0.00399611	0.0039966
0.762908	0.0039966	0.00387202
0.762908	0.00387202	0.00376302
0.762908	0.00376302	0.00366764
0.762908	0.00366764	0.00358419
0.766808	0.00358419	0.00363616
0.766808	0.00363616	0.00368164
0.766808	0.00368164	0.00372144
0.766808	0.00372144	0.00375626
0.770708	0.00375626	0.00378672
0.770708	0.00378672	0.00381338
0.770708	0.00381338	0.00383671
0.770708	0.00383671	0.00385712
0.774608	0.00385712	0.00387498
0.774608	0.00387498	0.00389061
0.774608	0.00389061	0.00390428
0.774608	0.00390428	0.00391624
0.778508	0.00391624	0.00392671
0.778508	0.00392671	0.00393587
0.778508	0.00393587	0.00394389
0.778508	0.00394389	0.0039509
0.782408	0.0039509	0.00395704
0.782408	0.00395704	0.00396241
0.782408	0.00396241	0.00396711
0.782408	0.00396711	0.00397122
0.786308	0.00397122	0.00397481
0.786308	0.00397481	0.00397796
0.786308	0.00397796	0.00398072
0.786308	0.00398072	0.00398313
0.790208	0.00398313	0.00398524
0.790208	0.00398524	0.00398708
0.790208	0.00398708	0.00398869
0.790208	0.00398869	0.00399011
0.794108	0.00399011	0.00399134
0.794108	0.00399134	0.00399243
0.794108	0.00399243	0.00399337
0.794108	0.00399337	0.0039942
0.798008	0.0039942	0.00399492
0.798008	0.00399492	0.00399556
0.798008	0.00399556	0.00399611
0.798008	0.00399611	0.0039966
0.801908	0.0039966	0.00387202
0.801908	0.00387202	0.00376302
0.801908	0.00376302	0.00366764
0.801908	0.00366764	0.00358419
0.805808	0.00358419	0.00363616
0.805808	0.00363616	0.00368164
0.805808	0.00368164	0.00372144
0.805808	0.00372144	0.00375626
0.809708	0.00375626	0.00378672
0.809708	0.00378672	0.00381338
0.809708	0.00381338	0.00383671
0.809708	0.00383671	0.00385712
0.813608	0.00385712	0.00387498
0.813608	0.00387498	0.00389061
0.813608	0.00389061	0.00390428
0.813608	0.00390428	0.00391624
0.817508	0.00391624	0.00392671
0.817508	0.00392671	0.00393587
0.817508	0.00393587	0.00394389
0.817508	0.00394389	0.0039509
0.821408	0.0039509	0.00395704
0.821408	0.00395704	0.00396241
0.821408	0.00396241	0.00396711
0.821408	0.00396711	0.00397122
0.825308	0.00397122	0.00397481
0.825308	0.00397481	0.00397796
0.825308	0.00397796	0.00398072
0.825308	0.00398072	0.00398313
0.829208	0.00398313	0.00398524
0.829208	0.00398524	0.00398708
0.829208	0.00398708	0.00398869
0.829208	0.00398869	0.00399011
0.833108	0.00399011	0.00399134
0.833108	0.00399134	0.00399243
0.833108	0.00399243	0.00399337
0.833108	0.00399337	0.0039942
0.837008	0.0039942	0.00399492
0.837008	0.00399492	0.00399556
0.837008	0.00399556	0.00399611
0.837008	0.00399611	0.0039966
0.840908	0.0039966	0.00387202
0.840908	0.00387202	0.00376302
0.840908	0.00376302	0.00366764
0.840908	0.00366764	0.00358419
0.844808	0.00358419	0.00363616
0.844808	0.00363616	0.00368164
0.844808	0.00368164	0.00372144
0.844808	0.00372144	0.00375626
0.848708	0.00375626	0.00378672
0.848708	0.00378672	0.00381338
0.848708	0.00381338	0.00383671
0.848708	0.00383671	0.00385712
0.852608	0.00385712	0.00387498
0.852608	0.00387498	0.00389061
0.852608	0.00389061	0.00390428
0.852608	0.00390428	0.00391624
0.856508	0.00391624	0.00392671
0.856508	0.00392671	0.00393587
0.856508	0.00393587	0.00394389
0.856508	0.00394389	0.0039509
0.860408	0.0039509	0.00395704
0.860408	0.00395704	0.00396241
0.860408	0.00396241	0.00396711
0.860408	0.00396711	0.00397122
0.864308	0.00397122	0.00397481
0.864308	0.00397481	0.00397796
0.864308	0.00397796	0.00398072
0.864308	0.00398072	0.00398313
0.868208	0.00398313	0.00398524
0.868208	0.00398524	0.00398708
0.868208	0.00398708	0.00398869
0.868208	0.00398869	0.00399011
0.872108	0.00399011	0.00399134
0.872108	0.00399134	0.00399243
0.872108	0.00399243	0.00399337
0.872108	0.00399337	0.0039942
0.876008	0.0039942	0.00399492
0.876008	0.00399492	0.00399556
0.876008	0.00399556	0.00399611
0.876008	0.00399611	0.0039966
0.879908	0.0039966	0.00387202
0.879908	0.00387202	0.00376302
0.879908	0.00376302	0.00366764
0.879908	0.00366764	0.00358419
0.883808	0.00358419	0.00363616
0.883808	0.00363616	0.00368164
0.883808	0.00368164	0.00372144
0.883808	0.00372144	0.00375626
0.887708	0.00375626	0.00378672
0.887708	0.00378672	0.00381338
0.887708	0.00381338	0.00383671
0.887708	0.00383671	0.00385712
0.891608	0.00385712	0.00387498
0.891608	0.00387498	0.00389061
0.891608	0.00389061	0.00390428
0.891608	0.00390428	0.00391624
0.895508	0.00391624	0.00392671
0.895508	0.00392671	0.00393587
0.895508	0.00393587	0.00394389
0.895508	0.00394389	0.0039509
0.899408	0.0039509	0.00395704
0.899408	0.00395704	0.00396241
0.899408	0.00396241	0.00396711
0.899408	0.00396711	0.00397122
0.903308	0.00397122	0.00397481
0.903308	0.00397481	0.00397796
0.903308	0.00397796	0.00398072
0.903308	0.00398072	0.00398313
0.907208	0.00398313	0.00398524
0.907208	0.00398524	0.00398708
0.907208	0.00398708	0.00398869
0.907208	0.00398869	0.00399011
0.911108	0.00399011	0.00399134
0.911108	0.00399134	0.00399243
0.911108	0.00399243	0.00399337
0.911108	0.00399337	0.0039942
0.915008	0.0039942	0.00399492
0.915008	0.00399492	0.00399556
0.915008	0.00399556	0.00399611
0.915008	0.00399611	0.0039966
0.918908	0.0039966	0.00387202
0.918908	0.00387202	0.00376302
0.918908	0.00376302	0.00366764
0.918908	0.00366764	0.00358419
0.922808	0.00358419	0.00363616
0.922808	0.00363616	0.00368164
0.922808	0.00368164	0.00372144
0.922808	0.00372144	0.00375626
0.926708	0.00375626	0.00378672
0.926708	0.00378672	0.00381338
0.926708	0.00381338	0.00383671
0.926708	0.00383671	0.00385712
0.930608	0.00385712	0.00387498
0.930608	0.00387498	0.00389061
0.930608	0.00389061	0.00390428
0.930608	0.00390428	0.00391624
0.934508	0.00391624	0.00392671
0.934508	0.00392671	0.00393587
0.934508	0.00393587	0.00394389
0.934508	0.00394389	0.0039509
0.938408	0.0039509	0.00395704
0.938408	0.00395704	0.00396241
0.938408	0.00396241	0.00396711
0.938408	0.00396711	0.00397122
0.942308	0.00397122	0.00397481
0.942308	0.00397481	0.00397796
0.942308	0.00397796	0.00398072
0.942308	0.00398072	0.00398313
0.946208	0.00398313	0.00398524
0.946208	0.00398524	0.00398708
0.946208	0.00398708	0.00398869
0.946208	0.00398869	0.00399011
0.950108	0.00399011	0.00399134
0.950108	0.00399134	0.00399243
0.950108	0.00399243	0.00399337
0.950108	0.00399337	0.0039942
0.954008	0.0039942	0.00399492
0.954008	0.00399492	0.00399556
0.954008	0.00399556	0.00399611
0.954008	0.00399611	0.0039966
0.957908	0.0039966	0.00387202
0.957908	0.00387202	0.00376302
0.957908	0.00376302	0.00366764
0.957908	0.00366764	0.00358419
0.961808	0.00358419	0.00363616
0.961808	0.00363616	0.00368164
0.961808	0.00368164	0.00372144
0.961808	0.00372144	0.00375626
0.965708	0.00375626	0.00378672
0.965708	0.00378672	0.00381338
0.965708	0.00381338	0.00383671
0.965708	0.00383671	0.00385712
0.969608	0.00385712	0.00387498
0.969608	0.00387498	0.00389061
0.969608	0.00389061	0.00390428
0.969608	0.00390428	0.00391624
0.973508	0.00391624	0.00392671
0.973508	0.00392671	0.00393587
0.973508	0.00393587	0.00394389
0.973508	0.00394389	0.0039509
0.977408	0.0039509	0.00395704
0.977408	0.00395704	0.00396241
0.977408	0.00396241	0.00396711
0.977408	0.00396711	0.00397122
0.981308	0.00397122	0.00397481
0.981308	0.00397481	0.00397796
0.981308	0.00397796	0.00398072
0.981308	0.00398072	0.00398313
0.985208	0.00398313	0.00398524
0.985208	0.00398524	0.00398708
0.985208	0.00398708	0.00398869
0.985208	0.00398869	0.00399011
0.989108	0.00399011	0.00399134
0.989108	0.00399134	0.00399243
0.989108	0.00399243	0.00399337
0.989108	0.00399337	0.0039942
0.993008	0.0039942	0.00399492
0.993008	0.00399492	0.00399556
0.993008	0.00399556	0.00399611
0.993008	0.00399611	0.0039966
0.996908	0.0039966	0.00387202
0.996908	0.00387202	0.00376302
0.996908	0.00376302	0.00366764
0.996908	0.00366764	0.00358419
1.00081	0.00358419	0.00363616
1.00081	0.00363616	0.00368164
1.00081	0.00368164	0.00372144
1.00081	0.00372144	0.00375626
1.00471	0.00375626	0.00378672
1.00471	0.00378672	0.00381338
1.00471	0.00381338	0.00383671
1.00471	0.00383671	0.00385712
1.00861	0.00385712	0.00387498
1.00861	0.00387498	0.00389061
1.00861	0.00389061	0.00390428
1.00861	0.00390428	0.00391624
1.01251	0.00391624	0.00392671
1.01251	0.00392671	0.00393587
1.01251	0.00393587	0.00394389
1.01251	0.00394389	0.0039509
1.01641	0.0039509	0.00395704
1.01641	0.00395704	0.00396241
1.01641	0.00396241	0.00396711
1.01641	0.00396711	0.00397122
1.02031	0.00397122	0.00397481
1.02031	0.00397481	0.00397796
1.02031	0.00397796	0.00398072
1.02031	0.00398072	0.00398313
1.02421	0.00398313	0.00398524
1.02421	0.00398524	0.00398708
1.02421	0.00398708	0.00398869
1.02421	0.00398869	0.00399011
1.02811	0.00399011	0.00399134
1.02811	0.00399134	0.00399243
1.02811	0.00399243	0.00399337
1.02811	0.00399337	0.0039942
1.03201	0.0039942	0.00399492
1.03201	0.00399492	0.00399556
1.03201	0.00399556	0.00399611
1.03201	0.00399611	0.0039966
1.03591	0.0039966	0.00387202
1.03591	0.00387202	0.00376302
1.03591	0.00376302	0.00366764
1.03591	0.00366764	0.00358419
1.03981	0.00358419	0.00363616
1.03981	0.00363616	0.00368164
1.03981	0.00368164	0.00372144
1.03981	0.00372144	0.00375626
1.04371	0.00375626	0.00378672
1.04371	0.00378672	0.00381338
1.04371	0.00381338	0.00383671
1.04371	0.00383671	0.00385712
1.04761	0.00385712	0.00387498
1.04761	0.00387498	0.00389061
1.04761	0.00389061	0.00390428
1.04761	0.00390428	0.00391624
1.05151	0.00391624	0.00392671
1.05151	0.00392671	0.00393587
1.05151	0.00393587	0.00394389
1.05151	0.00394389	0.0039509
1.05541	0.0039509	0.00395704
1.05541	0.00395704	0.00396241
1.05541	0.00396241	0.00396711
1.05541	0.00396711	0.00397122
1.05931	0.00397122	0.00397481
1.05931	0.00397481	0.00397796
1.05931	0.00397796	0.00398072
1.05931	0.00398072	0.00398313
1.06321	0.00398313	0.00398524
1.06321	0.00398524	0.00398708
1.06321	0.00398708	0.00398869
1.06321	0.00398869	0.00399011
1.07333	0.00399011	0.00474134
1.07333	0.00474134	0.00539868
1.07333	0.00539868	0.00597384
1.07333	0.00597384	0.00647711
1.08011	0.00647711	0.00654247
1.08021	0.00654247	0.00659966
1.08031	0.00659966	0.0066497
1.08041	0.0066497	0.00669349
1.08401	0.00669349	0.0063568
1.08411	0.0063568	0.0060622
1.08421	0.0060622	0.00580443
1.08791	0.00580443	0.00595387
1.08801	0.00595387	0.00570964
1.08811	0.00570964	0.00549593
1.09181	0.00549593	0.00568394
1.09221	0.00568394	0.00559845
1.09221	0.00559845	0.00539864
1.09611	0.00539864	0.00572381
1.09611	0.00572381	0.00563333
1.09621	0.00563333	0.00542917
1.10071	0.00542917	0.00575052
1.10071	0.00575052	0.0055317
1.10081	0.0055317	0.00534024
1.10441	0.00534024	0.00567271
1.10491	0.00567271	0.00546362
1.10501	0.00546362	0.00540567
1.10831	0.00540567	0.00572996
1.10881	0.00572996	0.00551371
1.10891	0.00551371	0.0053245
1.11221	0.0053245	0.00553394
1.11271	0.00553394	0.00534219
1.11321	0.00534219	0.00529942
1.11641	0.00529942	0.00563699
1.11731	0.00563699	0.00555737
1.12061	0.00555737	0.0058627
1.12061	0.0058627	0.00600486
1.12121	0.00600486	0.00587925
1.12481	0.00587925	0.00601934
1.12491	0.00601934	0.00576693
1.12511	0.00576693	0.00567106
1.12871	0.00567106	0.00583718
1.12881	0.00583718	0.00560753
1.12891	0.00560753	0.00540659
1.13291	0.00540659	0.00560576
1.13301	0.00560576	0.00553004
1.13311	0.00553004	0.00546379
1.13681	0.00546379	0.00578081
1.13701	0.00578081	0.00568321
1.13711	0.00568321	0.00547281
1.14071	0.00547281	0.00566371
1.14091	0.00566371	0.00545574
1.14101	0.00545574	0.00527377
1.14491	0.00527377	0.00548955
1.14541	0.00548955	0.00542836
1.14541	0.00542836	0.00537481
1.151	0.00537481	0.00582796
1.16362	0.00582796	0.00747446
1.16362	0.00747446	0.00879016
1.16362	0.00879016	0.00994139
1.16371	0.00994139	0.0103237
1.17042	0.0103237	0.00990825
1.17051	0.00990825	0.00954472
1.17081	0.00954472	0.00922663
1.179	0.00922663	0.0099483
1.18581	0.0099483	0.0105798
1.18581	0.0105798	0.0111323
1.18681	0.0111323	0.0117408
2.40251	0.0117408	0.0112732
2.40251	0.0112732	0.010364
2.40641	0.010364	0.00956851
2.40641	0.00956851	0.00887245
2.41061	0.00887245	0.00876339
2.41061	0.00876339	0.00816797
2.41451	0.00816797	0.00814697
2.41451	0.00814697	0.0076286
2.41841	0.0076286	0.00767502
2.41841	0.00767502	0.00721565
2.42231	0.00721565	0.00731369
2.42231	0.00731369	0.00689948
2.42621	0.00689948	0.00703704
2.42621	0.00703704	0.00665741
2.42621	0.00665741	0.00632524
2.43011	0.00632524	0.00603458
2.43011	0.00603458	0.00578026
2.43011	0.00578026	0.00555772
2.43401	0.00555772	0.00536301
2.43401	0.00536301	0.00519263
2.43401	0.00519263	0.00504355
2.43791	0.00504355	0.00478811
2.43791	0.00478811	0.00456459
2.43791	0.00456459	0.00436902
2.44221	0.00436902	0.00444789
2.44221	0.00444789	0.0045169
2.44221	0.0045169	0.00457729
2.44641	0.00457729	0.00513013
2.44641	0.00513013	0.00498886
2.44641	0.00498886	0.00486525
2.45071	0.00486525	0.0052571
2.45071	0.0052571	0.00509996
2.45071	0.00509996	0.00496246
2.45491	0.00496246	0.00534216
2.45491	0.00534216	0.00517439
2.45491	0.00517439	0.00502759
2.45951	0.00502759	0.00552414
2.45951	0.00552414	0.00545862
2.45951	0.00545862	0.00540129
2.46411	0.00540129	0.00597613
2.46411	0.00597613	0.00585411
2.46411	0.00585411	0.00574735
2.46831	0.00574735	0.00615393
2.46831	0.00615393	0.00588469
2.46831	0.00588469	0.0056491
2.47291	0.0056491	0.00594296
2.47291	0.00594296	0.00570009
2.47291	0.00570009	0.00548758
2.47751	0.00548758	0.00592663
2.47761	0.00592663	0.0058108
2.47761	0.0058108	0.00570945
2.487	0.00570945	0.00674577
2.487	0.00674577	0.00702755
2.487	0.00702755	0.0072741
2.50213	0.0072741	0.00948984
2.50213	0.00948984	0.0103036
2.50213	0.0103036	0.0110157
2.50581	0.0110157	0.0120137
2.50881	0.0120137	0.011262
2.50891	0.011262	0.0106042
2.50891	0.0106042	0.0100287
2.51281	0.0100287	0.00965012
2.51281	0.00965012	0.00894385
2.51281	0.00894385	0.00832587
2.51671	0.00832587	0.00828514
2.51671	0.00828514	0.0077495
2.52061	0.0077495	0.00778081
2.52061	0.00778081	0.00730821
2.52451	0.00730821	0.00739468
2.52451	0.00739468	0.00697035
2.52841	0.00697035	0.00709905
2.52841	0.00709905	0.00671167
2.53231	0.00671167	0.00687271
2.53231	0.00687271	0.00651362
2.53621	0.00651362	0.00669942
2.53621	0.00669942	0.00636199
2.54011	0.00636199	0.00656674
2.54011	0.00656674	0.0062459
2.54401	0.0062459	0.00646516
2.54401	0.00646516	0.00615702
2.54401	0.00615702	0.00588739
2.54791	0.00588739	0.00552646
2.54791	0.00552646	0.00521066
2.54791	0.00521066	0.00493432
2.55181	0.00493432	0.00481753
2.55181	0.00481753	0.00471534
2.55181	0.00471534	0.00462592
2.55571	0.00462592	0.00454768
2.55571	0.00454768	0.00447922
2.55571	0.00447922	0.00441932
2.55961	0.00441932	0.0043669
2.55961	0.0043669	0.00432104
2.55961	0.00432104	0.00428091
2.56351	0.00428091	0.0047458
2.56351	0.0047458	0.00465257
2.56351	0.00465257	0.004571
2.56741	0.004571	0.00499962
2.56741	0.00499962	0.00487467
2.56741	0.00487467	0.00476534
2.57131	0.00476534	0.00516967
2.57131	0.00516967	0.00502346
2.57131	0.00502346	0.00489553
2.57521	0.00489553	0.00528359
2.57521	0.00528359	0.00512314
2.57521	0.00512314	0.00498274
2.57911	0.00498274	0.0053599
2.57911	0.0053599	0.00518991
2.57911	0.00518991	0.00504117
2.58301	0.00504117	0.00541103
2.58301	0.00541103	0.00523465
2.58301	0.00523465	0.00508032
2.58691	0.00508032	0.00532028
2.58691	0.00532028	0.00503024
2.58691	0.00503024	0.00477646
2.59081	0.00477646	0.0050544
2.59081	0.0050544	0.0049226
2.59081	0.0049226	0.00480727
2.59471	0.00480727	0.00520637
2.59471	0.00520637	0.00505557
2.59471	0.00505557	0.00492362
2.59861	0.00492362	0.00530817
2.59861	0.00530817	0.00514465
2.59861	0.00514465	0.00500157
2.60251	0.00500157	0.00537637
2.60251	0.00537637	0.00520432
2.60251	0.00520432	0.00505378
2.60641	0.00505378	0.00542206
2.60641	0.00542206	0.0052443
2.60641	0.0052443	0.00508876
2.61031	0.00508876	0.00545267
2.61031	0.00545267	0.00527108
2.61031	0.00527108	0.0051122
2.61421	0.0051122	0.00547317
2.61421	0.00547317	0.00528903
2.61421	0.00528903	0.0051279
2.61811	0.0051279	0.00548691
2.61811	0.00548691	0.00530104
2.61811	0.00530104	0.00513841
2.62201	0.00513841	0.00549611
2.62201	0.00549611	0.0053091
2.62201	0.0053091	0.00514546
2.62591	0.00514546	0.00537728
2.62591	0.00537728	0.00508012
2.62591	0.00508012	0.0048201
2.63021	0.0048201	0.00521759
2.63021	0.00521759	0.00519039
2.63021	0.00519039	0.00516659
2.63411	0.00516659	0.00564577
2.63411	0.00564577	0.00544005
2.63411	0.00544005	0.00526004
2.63801	0.00526004	0.00560253
2.63801	0.00560253	0.00540222
2.63801	0.00540222	0.00522694
2.64191	0.00522694	0.00544857
2.64191	0.00544857	0.0051425
2.64191	0.0051425	0.00487469
2.64581	0.00487469	0.00514035
2.64581	0.00514035	0.00499781
2.64581	0.00499781	0.00487308
2.64971	0.00487308	0.00526394
2.64971	0.00526394	0.00510595
2.64971	0.00510595	0.00496771
2.65361	0.00496771	0.00534674
2.65361	0.00534674	0.0051784
2.65361	0.0051784	0.0050311
2.65751	0.0050311	0.00540221
2.65751	0.00540221	0.00522694
2.65751	0.00522694	0.00507357
2.66141	0.00507357	0.00543937
2.66141	0.00543937	0.00525945
2.66141	0.00525945	0.00510202
2.66531	0.00510202	0.00546427
2.66531	0.00546427	0.00528123
2.66531	0.00528123	0.00512108
2.66921	0.00512108	0.00548094
2.66921	0.00548094	0.00529582
2.66921	0.00529582	0.00513385
2.67311	0.00513385	0.00549211
2.67311	0.00549211	0.0053056
2.67311	0.0053056	0.0051424
2.67701	0.0051424	0.0054996
2.67701	0.0054996	0.00531215
2.67701	0.00531215	0.00514813
2.68091	0.00514813	0.00537961
2.68091	0.00537961	0.00508216
2.68091	0.00508216	0.00482189
2.68481	0.00482189	0.00509415
2.68481	0.00509415	0.00495738
2.68481	0.00495738	0.00483771
2.68871	0.00483771	0.005233
2.68871	0.005233	0.00507887
2.68871	0.00507887	0.00494401
2.69261	0.00494401	0.00532601
2.69261	0.00532601	0.00516026
2.69261	0.00516026	0.00501523
2.69651	0.00501523	0.00538832
2.69651	0.00538832	0.00521478
2.69651	0.00521478	0.00506293
2.70041	0.00506293	0.00543007
2.70041	0.00543007	0.00525131
2.70041	0.00525131	0.00509489
2.70431	0.00509489	0.00545803
2.70431	0.00545803	0.00527578
2.70431	0.00527578	0.0051163
2.70821	0.0051163	0.00547677
2.70821	0.00547677	0.00529217
2.70821	0.00529217	0.00513065
2.71211	0.00513065	0.00548932
2.71211	0.00548932	0.00530315
2.71211	0.00530315	0.00514026
2.71601	0.00514026	0.00549773
2.71601	0.00549773	0.00531051
2.71601	0.00531051	0.00514669
2.71991	0.00514669	0.00537836
2.71991	0.00537836	0.00508106
2.71991	0.00508106	0.00482093
2.72381	0.00482093	0.00509331
2.72381	0.00509331	0.00495665
2.72381	0.00495665	0.00483707
2.72771	0.00483707	0.00523243
2.72771	0.00523243	0.00507838
2.72771	0.00507838	0.00494358
2.73161	0.00494358	0.00532563
2.73161	0.00532563	0.00515993
2.73161	0.00515993	0.00501494
2.73551	0.00501494	0.00538807
2.73551	0.00538807	0.00521456
2.73551	0.00521456	0.00506274
2.73941	0.00506274	0.0054299
2.73941	0.0054299	0.00525116
2.73941	0.00525116	0.00509476
2.74331	0.00509476	0.00545792
2.74331	0.00545792	0.00527568
2.74331	0.00527568	0.00511622
2.74721	0.00511622	0.00547669
2.74721	0.00547669	0.0052921
2.74721	0.0052921	0.00513059
2.75111	0.00513059	0.00548927
2.75111	0.00548927	0.00530311
2.75111	0.00530311	0.00514022
2.75501	0.00514022	0.00549769
2.75501	0.00549769	0.00531048
2.75501	0.00531048	0.00514667
2.75891	0.00514667	0.00537833
2.75891	0.00537833	0.00508104
2.75891	0.00508104	0.00482091
2.76281	0.00482091	0.0050933
2.76281	0.0050933	0.00495663
2.76281	0.00495663	0.00483705
2.76671	0.00483705	0.00523242
2.76671	0.00523242	0.00507837
2.76671	0.00507837	0.00494357
2.77061	0.00494357	0.00532562
2.77061	0.00532562	0.00515992
2.77061	0.00515992	0.00501493
2.77451	0.00501493	0.00538806
2.77451	0.00538806	0.00521456
2.77451	0.00521456	0.00506273
2.77841	0.00506273	0.00542989
2.77841	0.00542989	0.00525116
2.77841	0.00525116	0.00509476
2.78231	0.00509476	0.00545791
2.78231	0.00545791	0.00527567
2.78231	0.00527567	0.00511622
2.78621	0.00511622	0.00547669
2.78621	0.00547669	0.0052921
2.78621	0.0052921	0.00513059
2.79011	0.00513059	0.00548927
2.79011	0.00548927	0.00530311
2.79011	0.00530311	0.00514022
2.79401	0.00514022	0.00549769
2.79401	0.00549769	0.00531048
2.79401	0.00531048	0.00514667
2.79791	0.00514667	0.00537833
2.79791	0.00537833	0.00508104
2.79791	0.00508104	0.00482091
2.80181	0.00482091	0.0050933
2.80181	0.0050933	0.00495663
2.80181	0.00495663	0.00483705
2.80571	0.00483705	0.00523242
2.80571	0.00523242	0.00507837
2.80571	0.00507837	0.00494357
2.80961	0.00494357	0.00532562
2.80961	0.00532562	0.00515992
2.80961	0.00515992	0.00501493
2.81351	0.00501493	0.00538806
2.81351	0.00538806	0.00521456
2.81351	0.00521456	0.00506273
2.81741	0.00506273	0.00542989
2.81741	0.00542989	0.00525116
2.81741	0.00525116	0.00509476
2.82131	0.00509476	0.00545791
2.82131	0.00545791	0.00527567
2.82131	0.00527567	0.00511622
2.82521	0.00511622	0.00547669
2.82521	0.00547669	0.0052921
2.82521	0.0052921	0.00513059
2.82911	0.00513059	0.00548927
2.82911	0.00548927	0.00530311
2.82911	0.00530311	0.00514022
2.83301	0.00514022	0.00549769
2.83301	0.00549769	0.00531048
2.83301	0.00531048	0.00514667
2.83691	0.00514667	0.00537833
2.83691	0.00537833	0.00508104
2.83691	0.00508104	0.00482091
2.84081	0.00482091	0.0050933
2.84081	0.0050933	0.00495663
2.84081	0.00495663	0.00483705
2.84471	0.00483705	0.00523242
2.84471	0.00523242	0.00507837
2.84471	0.00507837	0.00494357
2.84861	0.00494357	0.00532562
2.84861	0.00532562	0.00515992
2.84861	0.00515992	0.00501493
2.85251	0.00501493	0.00538806
2.85251	0.00538806	0.00521456
2.85251	0.00521456	0.00506273
2.85641	0.00506273	0.00542989
2.85641	0.00542989	0.00525116
2.85641	0.00525116	0.00509476
2.86031	0.00509476	0.00545791
2.86031	0.00545791	0.00527567
2.86031	0.00527567	0.00511622
2.86421	0.00511622	0.00547669
2.86421	0.00547669	0.0052921
2.86421	0.0052921	0.00513059
2.86811	0.00513059	0.00548927
2.86811	0.00548927	0.00530311
2.86811	0.00530311	0.00514022
2.87201	0.00514022	0.00549769
2.87201	0.00549769	0.00531048
2.87201	0.00531048	0.00514667
2.87591	0.00514667	0.00537833
2.87591	0.00537833	0.00508104
2.87591	0.00508104	0.00482091
2.87981	0.00482091	0.0050933
2.87981	0.0050933	0.00495663
2.87981	0.00495663	0.00483705
2.88371	0.00483705	0.00523242
2.88371	0.00523242	0.00507837
2.88371	0.00507837	0.00494357
2.88761	0.00494357	0.00532562
2.88761	0.00532562	0.00515992
2.88761	0.00515992	0.00501493
2.89151	0.00501493	0.00538806
2.89151	0.00538806	0.00521456
2.89151	0.00521456	0.00506273
2.89541	0.00506273	0.00542989
2.89541	0.00542989	0.00525116
2.89541	0.00525116	0.00509476
2.89931	0.00509476	0.00545791
2.89931	0.00545791	0.00527567
2.89931	0.00527567	0.00511622
2.90321	0.00511622	0.00547669
2.90321	0.00547669	0.0052921
2.90321	0.0052921	0.00513059
2.90711	0.00513059	0.00548927
2.90711	0.00548927	0.00530311
2.90711	0.00530311	0.00514022
2.91101	0.00514022	0.00549769
2.91101	0.00549769	0.00531048
2.91101	0.00531048	0.00514667
2.91491	0.00514667	0.00537833
2.91491	0.00537833	0.00508104
2.91491	0.00508104	0.00482091
2.91881	0.00482091	0.0050933
2.91881	0.0050933	0.00495663
2.91881	0.00495663	0.00483705
2.92271	0.00483705	0.00523242
2.92271	0.00523242	0.00507837
2.92271	0.00507837	0.00494357
2.92661	0.00494357	0.00532562
2.92661	0.00532562	0.00515992
2.92661	0.00515992	0.00501493
2.93051	0.00501493	0.00538806
2.93051	0.00538806	0.00521456
2.93051	0.00521456	0.00506273
2.93441	0.00506273	0.00542989
2.93441	0.00542989	0.00525116
2.93441	0.00525116	0.00509476
2.93831	0.00509476	0.00545791
2.93831	0.00545791	0.00527567
2.93831	0.00527567	0.00511622
2.94221	0.00511622	0.00547669
2.94221	0.00547669	0.0052921
2.94221	0.0052921	0.00513059
2.94611	0.00513059	0.00548927
2.94611	0.00548927	0.00530311
2.94611	0.00530311	0.00514022
2.95001	0.00514022	0.00549769
2.95001	0.00549769	0.00531048
2.95001	0.00531048	0.00514667
2.95391	0.00514667	0.00537833
2.95391	0.00537833	0.00508104
2.95391	0.00508104	0.00482091
2.95781	0.00482091	0.0050933
2.95781	0.0050933	0.00495663
2.95781	0.00495663	0.00483705
2.96171	0.00483705	0.00523242
2.96171	0.00523242	0.00507837
2.96171	0.00507837	0.00494357
2.96561	0.00494357	0.00532562
2.96561	0.00532562	0.00515992
2.96561	0.00515992	0.00501493
2.96951	0.00501493	0.00538806
2.96951	0.00538806	0.00521456
2.96951	0.00521456	0.00506273
2.97341	0.00506273	0.00542989
2.97341	0.00542989	0.00525116
2.97341	0.00525116	0.00509476
2.97731	0.00509476	0.00545791
2.97731	0.00545791	0.00527567
2.97731	0.00527567	0.00511622
2.98121	0.00511622	0.00547669
2.98121	0.00547669	0.0052921
2.98121	0.0052921	0.00513059
2.98511	0.00513059	0.00548927
2.98511	0.00548927	0.00530311
2.98511	0.00530311	0.00514022
2.98901	0.00514022	0.00549769
2.98901	0.00549769	0.00531048
2.98901	0.00531048	0.00514667
2.99291	0.00514667	0.00537833
2.99291	0.00537833	0.00508104
2.99291	0.00508104	0.00482091
2.99681	0.00482091	0.0050933
2.99681	0.0050933	0.00495663
2.99681	0.00495663	0.00483705
3.00071	0.00483705	0.00523242
3.00071	0.00523242	0.00507837
3.00071	0.00507837	0.00494357
3.00461	0.00494357	0.00532562
3.00461	0.00532562	0.00515992
3.00461	0.00515992	0.00501493
3.00851	0.00501493	0.00538806
3.00851	0.00538806	0.00521456
3.00851	0.00521456	0.00506273
3.01241	0.00506273	0.00542989
3.01241	0.00542989	0.00525116
3.01241	0.00525116	0.00509476
3.01631	0.00509476	0.00545791
3.01631	0.00545791	0.00527567
3.01631	0.00527567	0.00511622
3.02021	0.00511622	0.00547669
3.02021	0.00547669	0.0052921
3.02021	0.0052921	0.00513059
3.02411	0.00513059	0.00548927
3.02411	0.00548927	0.00530311
3.02411	0.00530311	0.00514022
3.02801	0.00514022	0.00549769
3.02801	0.00549769	0.00531048
3.02801	0.00531048	0.00514667
3.03191	0.00514667	0.00537833
3.03191	0.00537833	0.00508104
3.03191	0.00508104	0.00482091
3.03581	0.00482091	0.0050933
3.03581	0.0050933	0.00495663
3.03581	0.00495663	0.00483705
3.03971	0.00483705	0.00523242
3.03971	0.00523242	0.00507837
3.03971	0.00507837	0.00494357
3.04361	0.00494357	0.00532562
3.04361	0.00532562	0.00515992
3.04361	0.00515992	0.00501493
3.04751	0.00501493	0.00538806
3.04751	0.00538806	0.00521456
3.04751	0.00521456	0.00506273
3.05141	0.00506273	0.00542989
3.05141	0.00542989	0.00525116
3.05141	0.00525116	0.00509476
3.05531	0.00509476	0.00545791
3.05531	0.00545791	0.00527567
3.05531	0.00527567	0.00511622
3.05921	0.00511622	0.00547669
3.05921	0.00547669	0.0052921
3.05921	0.0052921	0.00513059
3.06311	0.00513059	0.00548927
3.06311	0.00548927	0.00530311
3.06311	0.00530311	0.00514022
3.06701	0.00514022	0.00549769
3.06701	0.00549769	0.00531048
3.06701	0.00531048	0.00514667
3.07091	0.00514667	0.00537833
3.07091	0.00537833	0.00508104
3.07091	0.00508104	0.00482091
3.07481	0.00482091	0.0050933
3.07481	0.0050933	0.00495663
3.07481	0.00495663	0.00483705
3.07871	0.00483705	0.00523242
3.07871	0.00523242	0.00507837
3.07871	0.00507837	0.00494357
3.08261	0.00494357	0.00532562
3.08261	0.00532562	0.00515992
3.08261	0.00515992	0.00501493
3.08651	0.00501493	0.00538806
3.08651	0.00538806	0.00521456
3.08651	0.00521456	0.00506273
3.09041	0.00506273	0.00542989
3.09041	0.00542989	0.00525116
3.09041	0.00525116	0.00509476
3.09431	0.00509476	0.00545791
3.09431	0.00545791	0.00527567
3.09431	0.00527567	0.00511622
3.09821	0.00511622	0.00547669
3.09821	0.00547669	0.0052921
3.09821	0.0052921	0.00513059
3.10211	0.00513059	0.00548927
3.10211	0.00548927	0.00530311
3.10211	0.00530311	0.00514022
3.10601	0.00514022	0.00549769
3.10601	0.00549769	0.00531048
3.10601	0.00531048	0.00514667
3.10991	0.00514667	0.00537833
3.10991	0.00537833	0.00508104
3.10991	0.00508104	0.00482091
3.11381	0.00482091	0.0050933
3.11381	0.0050933	0.00495663
3.11381	0.00495663	0.00483705
3.11771	0.00483705	0.00523242
3.11771	0.00523242	0.00507837
3.11771	0.00507837	0.00494357
3.12161	0.00494357	0.00532562
3.12161	0.00532562	0.00515992
3.12161	0.00515992	0.00501493
3.12551	0.00501493	0.00538806
3.12551	0.00538806	0.00521456
3.12551	0.00521456	0.00506273
3.12941	0.00506273	0.00542989
3.12941	0.00542989	0.00525116
3.12941	0.00525116	0.00509476
3.13331	0.00509476	0.00545791
3.13331	0.00545791	0.00527567
3.13331	0.00527567	0.00511622
3.13721	0.00511622	0.00547669
3.13721	0.00547669	0.0052921
3.13721	0.0052921	0.00513059
3.14111	0.00513059	0.00548927
3.14111	0.00548927	0.00530311
3.14111	0.00530311	0.00514022
3.14501	0.00514022	0.00549769
3.14501	0.00549769	0.00531048
3.14501	0.00531048	0.00514667
3.14891	0.00514667	0.00537833
3.14891	0.00537833	0.00508104
3.14891	0.00508104	0.00482091
3.15281	0.00482091	0.0050933
3.15281	0.0050933	0.00495663
3.15281	0.00495663	0.00483705
3.15671	0.00483705	0.00523242
3.15671	0.00523242	0.00507837
3.15671	0.00507837	0.00494357
3.16061	0.00494357	0.00532562
3.16061	0.00532562	0.00515992
3.16061	0.00515992	0.00501493
3.16451	0.00501493	0.00538806
3.16451	0.00538806	0.00521456
3.16451	0.00521456	0.00506273
3.16841	0.00506273	0.00542989
3.16841	0.00542989	0.00525116
3.16841	0.00525116	0.00509476
3.17231	0.00509476	0.00545791
3.17231	0.00545791	0.00527567
3.17231	0.00527567	0.00511622
3.17621	0.00511622	0.00547669
3.17621	0.00547669	0.0052921
3.17621	0.0052921	0.00513059
3.18011	0.00513059	0.00548927
3.18011	0.00548927	0.00530311
3.18011	0.00530311	0.00514022
3.18401	0.00514022	0.00549769
3.18401	0.00549769	0.00531048
3.18401	0.00531048	0.00514667
3.18791	0.00514667	0.00537833
3.18791	0.00537833	0.00508104
3.18791	0.00508104	0.00482091
3.19181	0.00482091	0.0050933
3.19181	0.0050933	0.00495663
3.19181	0.00495663	0.00483705
3.19571	0.00483705	0.00523242
3.19571	0.00523242	0.00507837
3.19571	0.00507837	0.00494357
3.19961	0.00494357	0.00532562
3.19961	0.00532562	0.00515992
3.19961	0.00515992	0.00501493
3.20351	0.00501493	0.00538806
3.20351	0.00538806	0.00521456
3.20351	0.00521456	0.00506273
3.20741	0.00506273	0.00542989
3.20741	0.00542989	0.00525116
3.20741	0.00525116	0.00509476
3.21131	0.00509476	0.00545791
3.21131	0.00545791	0.00527567
3.21131	0.00527567	0.00511622
3.21521	0.00511622	0.00547669
3.21521	0.00547669	0.0052921
3.21521	0.0052921	0.00513059
3.21911	0.00513059	0.00548927
3.21911	0.00548927	0.00530311
3.21911	0.00530311	0.00514022
3.22301	0.00514022	0.00549769
3.22301	0.00549769	0.00531048
3.22301	0.00531048	0.00514667
3.22691	0.00514667	0.00537833
3.22691	0.00537833	0.00508104
3.22691	0.00508104	0.00482091
3.23081	0.00482091	0.0050933
3.23081	0.0050933	0.00495663
3.23081	0.00495663	0.00483705
3.23471	0.00483705	0.00523242
3.23471	0.00523242	0.00507837
3.23471	0.00507837	0.00494357
3.23861	0.00494357	0.00532562
3.23861	0.00532562	0.00515992
3.23861	0.00515992	0.00501493
3.24251	0.00501493	0.00538806
3.24251	0.00538806	0.00521456
3.24251	0.00521456	0.00506273
3.24641	0.00506273	0.00542989
3.24641	0.00542989	0.00525116
3.24641	0.00525116	0.00509476
3.25031	0.00509476	0.00545791
3.25031	0.00545791	0.00527567
3.25031	0.00527567	0.00511622
3.25421	0.00511622	0.00547669
3.25421	0.00547669	0.0052921
3.25421	0.0052921	0.00513059
3.25811	0.00513059	0.00548927
3.25811	0.00548927	0.00530311
3.25811	0.00530311	0.00514022
3.26201	0.00514022	0.00549769
3.26201	0.00549769	0.00531048
3.26201	0.00531048	0.00514667
3.26591	0.00514667	0.00537833
3.26591	0.00537833	0.00508104
3.26591	0.00508104	0.00482091
3.26981	0.00482091	0.0050933
3.26981	0.0050933	0.00495663
3.26981	0.00495663	0.00483705
3.27371	0.00483705	0.00523242
3.27371	0.00523242	0.00507837
3.27371	0.00507837	0.00494357
3.27761	0.00494357	0.00532562
3.27761	0.00532562	0.00515992
3.27761	0.00515992	0.00501493
3.28151	0.00501493	0.00538806
3.28151	0.00538806	0.00521456
3.28151	0.00521456	0.00506273
3.28541	0.00506273	0.00542989
3.28541	0.00542989	0.00525116
3.28541	0.00525116	0.00509476
3.28931	0.00509476	0.00545791
3.28931	0.00545791	0.00527567
3.28931	0.00527567	0.00511622
3.29321	0.00511622	0.00547669
3.29321	0.00547669	0.0052921
3.29321	0.0052921	0.00513059
3.29711	0.00513059	0.00548927
3.29711	0.00548927	0.00530311
3.29711	0.00530311	0.00514022
3.30101	0.00514022	0.00549769
3.30101	0.00549769	0.00531048
3.30101	0.00531048	0.00514667
3.30491	0.00514667	0.00537833
3.30491	0.00537833	0.00508104
3.30491	0.00508104	0.00482091
3.30881	0.00482091	0.0050933
3.30881	0.0050933	0.00495663
3.30881	0.00495663	0.00483705
3.31271	0.00483705	0.00523242
3.31271	0.00523242	0.00507837
3.31271	0.00507837	0.00494357
3.31661	0.00494357	0.00532562
3.31661	0.00532562	0.00515992
3.31661	0.00515992	0.00501493
3.32051	0.00501493	0.00538806
3.32051	0.00538806	0.00521456
3.32051	0.00521456	0.00506273
3.32441	0.00506273	0.00542989
3.32441	0.00542989	0.00525116
3.32441	0.00525116	0.00509476
3.32831	0.00509476	0.00545791
3.32831	0.00545791	0.00527567
3.32831	0.00527567	0.00511622
3.33221	0.00511622	0.00547669
3.33221	0.00547669	0.0052921
3.33221	0.0052921	0.00513059
3.33611	0.00513059	0.00548927
3.33611	0.00548927	0.00530311
3.33611	0.00530311	0.00514022
3.34001	0.00514022	0.00549769
3.34001	0.00549769	0.00531048
3.34001	0.00531048	0.00514667
3.34391	0.00514667	0.00537833
3.34391	0.00537833	0.00508104
3.34391	0.00508104	0.00482091
3.34781	0.00482091	0.0050933
3.34781	0.0050933	0.00495663
3.34781	0.00495663	0.00483705
3.35171	0.00483705	0.00523242
3.35171	0.00523242	0.00507837
3.35171	0.00507837	0.00494357
3.35561	0.00494357	0.00532562
3.35561	0.00532562	0.00515992
3.35561	0.00515992	0.00501493
3.35951	0.00501493	0.00538806
3.35951	0.00538806	0.00521456
3.35951	0.00521456	0.00506273
3.36341	0.00506273	0.00542989
3.36341	0.00542989	0.00525116
3.36341	0.00525116	0.00509476
3.36731	0.00509476	0.00545791
3.36731	0.00545791	0.00527567
3.36731	0.00527567	0.00511622
3.37121	0.00511622	0.00547669
3.37121	0.00547669	0.0052921
3.37121	0.0052921	0.00513059
3.37511	0.00513059	0.00548927
3.37511	0.00548927	0.00530311
3.37511	0.00530311	0.00514022
3.37901	0.00514022	0.00549769
3.37901	0.00549769	0.00531048
3.37901	0.00531048	0.00514667
3.38291	0.00514667	0.00537833
3.38291	0.00537833	0.00508104
3.38291	0.00508104	0.00482091
3.38681	0.00482091	0.0050933
3.38681	0.0050933	0.00495663
3.38681	0.00495663	0.00483705
3.39071	0.00483705	0.00523242
3.39071	0.00523242	0.00507837
3.39071	0.00507837	0.00494357
3.39461	0.00494357	0.00532562
3.39461	0.00532562	0.00515992
3.39461	0.00515992	0.00501493
3.39851	0.00501493	0.00538806
3.39851	0.00538806	0.00521456
3.39851	0.00521456	0.00506273
3.40241	0.00506273	0.00542989
3.40241	0.00542989	0.00525116
3.40241	0.00525116	0.00509476
3.40631	0.00509476	0.00545791
3.40631	0.00545791	0.00527567
3.40631	0.00527567	0.00511622
3.41021	0.00511622	0.00547669
3.41021	0.00547669	0.0052921
3.41021	0.0052921	0.00513059
3.41411	0.00513059	0.00548927
3.41411	0.00548927	0.00530311
3.41411	0.00530311	0.00514022
3.41801	0.00514022	0.00549769
3.41801	0.00549769	0.00531048
3.41801	0.00531048	0.00514667
3.42191	0.00514667	0.00537833
3.42191	0.00537833	0.00508104
3.42191	0.00508104	0.00482091
3.42581	0.00482091	0.0050933
3.42581	0.0050933	0.00495663
3.42581	0.00495663	0.00483705
3.42971	0.00483705	0.00523242
3.42971	0.00523242	0.00507837
3.42971	0.00507837	0.00494357
3.43361	0.00494357	0.00532562
3.43361	0.00532562	0.00515992
3.43361	0.00515992	0.00501493
3.43751	0.00501493	0.00538806
3.43751	0.00538806	0.00521456
3.43751	0.00521456	0.00506273
3.44141	0.00506273	0.00542989
3.44141	0.00542989	0.00525116
3.44141	0.00525116	0.00509476
3.44531	0.00509476	0.00545791
3.44531	0.00545791	0.00527567
3.44531	0.00527567	0.00511622
3.44921	0.00511622	0.00547669
3.44921	0.00547669	0.0052921
3.44921	0.0052921	0.00513059
3.45311	0.00513059	0.00548927
3.45311	0.00548927	0.00530311
3.45311	0.00530311	0.00514022
3.45701	0.00514022	0.00549769
3.45701	0.00549769	0.00531048
3.45701	0.00531048	0.00514667
3.46091	0.00514667	0.00537833
3.46091	0.00537833	0.00508104
3.46091	0.00508104	0.00482091
3.46481	0.00482091	0.0050933
3.46481	0.0050933	0.00495663
3.46481	0.00495663	0.00483705
3.46871	0.00483705	0.00523242
3.46871	0.00523242	0.00507837
3.46871	0.00507837	0.00494357
3.47261	0.00494357	0.00532562
3.47261	0.00532562	0.00515992
3.47261	0.00515992	0.00501493
3.47651	0.00501493	0.00538806
3.47651	0.00538806	0.00521456
3.47651	0.00521456	0.00506273
3.48041	0.00506273	0.00542989
3.48041	0.00542989	0.00525116
3.48041	0.00525116	0.00509476
3.48431	0.00509476	0.00545791
3.48431	0.00545791	0.00527567
3.48431	0.00527567	0.00511622
3.48821	0.00511622	0.00547669
3.48821	0.00547669	0.0052921
3.48821	0.0052921	0.00513059
3.49211	0.00513059	0.00548927
3.49211	0.00548927	0.00530311
3.49211	0.00530311	0.00514022
3.49601	0.00514022	0.00549769
3.49601	0.00549769	0.00531048
3.49601	0.00531048	0.00514667
3.49991	0.00514667	0.00537833
3.49991	0.00537833	0.00508104
3.49991	0.00508104	0.00482091
3.50381	0.00482091	0.0050933
3.50381	0.0050933	0.00495663
3.50381	0.00495663	0.00483705
3.50771	0.00483705	0.00523242
3.50771	0.00523242	0.00507837
3.50771	0.00507837	0.00494357
3.51161	0.00494357	0.00532562
3.51161	0.00532562	0.00515992
3.51161	0.00515992	0.00501493
3.51551	0.00501493	0.00538806
3.51551	0.00538806	0.00521456
3.51551	0.00521456	0.00506273
3.51941	0.00506273	0.00542989
3.51941	0.00542989	0.00525116
3.51941	0.00525116	0.00509476
3.52331	0.00509476	0.00545791
3.52331	0.00545791	0.00527567
3.52331	0.00527567	0.00511622
3.52721	0.00511622	0.00547669
3.52721	0.00547669	0.0052921
3.52721	0.0052921	0.00513059
3.53111	0.00513059	0.00548927
3.53111	0.00548927	0.00530311
3.53111	0.00530311	0.00514022
3.53501	0.00514022	0.00549769
3.53501	0.00549769	0.00531048
3.53501	0.00531048	0.00514667
3.53891	0.00514667	0.00537833
3.53891	0.00537833	0.00508104
3.53891	0.00508104	0.00482091
3.54281	0.00482091	0.0050933
3.54281	0.0050933	0.00495663
3.54281	0.00495663	0.00483705
3.54671	0.00483705	0.00523242
3.54671	0.00523242	0.00507837
3.54671	0.00507837	0.00494357
3.55061	0.00494357	0.00532562
3.55061	0.00532562	0.00515992
3.55061	0.00515992	0.00501493
3.55451	0.00501493	0.00538806
3.55451	0.00538806	0.00521456
3.55451	0.00521456	0.00506273
3.55841	0.00506273	0.00542989
3.55841	0.00542989	0.00525116
3.55841	0.00525116	0.00509476
3.56231	0.00509476	0.00545791
3.56231	0.00545791	0.00527567
3.56231	0.00527567	0.00511622
3.56621	0.00511622	0.00547669
3.56621	0.00547669	0.0052921
3.56621	0.0052921	0.00513059
3.57011	0.00513059	0.00548927
3.57011	0.00548927	0.00530311
3.57011	0.00530311	0.00514022
3.57401	0.00514022	0.00549769
3.57401	0.00549769	0.00531048
3.57401	0.00531048	0.00514667
3.57791	0.00514667	0.00537833
3.57791	0.00537833	0.00508104
3.57791	0.00508104	0.00482091
3.58181	0.00482091	0.0050933
3.58181	0.0050933	0.00495663
3.58181	0.00495663	0.00483705
3.58571	0.00483705	0.00523242
3.58571	0.00523242	0.00507837
3.58571	0.00507837	0.00494357
3.58961	0.00494357	0.00532562
3.58961	0.00532562	0.00515992
3.58961	0.00515992	0.00501493
3.59351	0.00501493	0.00538806
3.59351	0.00538806	0.00521456
3.59351	0.00521456	0.00506273
3.59741	0.00506273	0.00542989
3.59741	0.00542989	0.00525116
3.59741	0.00525116	0.00509476
3.60131	0.00509476	0.00545791
3.60131	0.00545791	0.00527567
3.60131	0.00527567	0.00511622
3.60521	0.00511622	0.00547669
3.60521	0.00547669	0.0052921
3.60521	0.0052921	0.00513059
3.60911	0.00513059	0.00548927
3.60911	0.00548927	0.00530311
3.60911	0.00530311	0.00514022
3.61301	0.00514022	0.00549769
3.61301	0.00549769	0.00531048
3.61301	0.00531048	0.00514667
3.61691	0.00514667	0.00537833
3.61691	0.00537833	0.00508104
3.61691	0.00508104	0.00482091
3.62081	0.00482091	0.0050933
3.62081	0.0050933	0.00495663
3.62081	0.00495663	0.00483705
3.62471	0.00483705	0.00523242
3.62471	0.00523242	0.00507837
3.62471	0.00507837	0.00494357
3.62861	0.00494357	0.00532562
3.62861	0.00532562	0.00515992
3.62861	0.00515992	0.00501493
3.63251	0.00501493	0.00538806
3.63251	0.00538806	0.00521456
3.63251	0.00521456	0.00506273
3.63641	0.00506273	0.00542989
3.63641	0.00542989	0.00525116
3.63641	0.00525116	0.00509476
3.64031	0.00509476	0.00545791
3.64031	0.00545791	0.00527567
3.64031	0.00527567	0.00511622
3.64421	0.00511622	0.00547669
3.64421	0.00547669	0.0052921
3.64421	0.0052921	0.00513059
3.64811	0.00513059	0.00548927
3.64811	0.00548927	0.00530311
3.64811	0.00530311	0.00514022
3.65201	0.00514022	0.00549769
3.65201	0.00549769	0.00531048
3.65201	0.00531048	0.00514667
3.65591	0.00514667	0.00537833
3.65591	0.00537833	0.00508104
3.65591	0.00508104	0.00482091
3.65981	0.00482091	0.0050933
3.65981	0.0050933	0.00495663
3.65981	0.00495663	0.00483705
3.66371	0.00483705	0.00523242
3.66371	0.00523242	0.00507837
3.66371	0.00507837	0.00494357
3.66761	0.00494357	0.00532562
3.66761	0.00532562	0.00515992
3.66761	0.00515992	0.00501493
3.67151	0.00501493	0.00538806
3.67151	0.00538806	0.00521456
3.67151	0.00521456	0.00506273
3.67541	0.00506273	0.00542989
3.67541	0.00542989	0.00525116
3.67541	0.00525116	0.00509476
3.67931	0.00509476	0.00545791
3.67931	0.00545791	0.00527567
3.67931	0.00527567	0.00511622
3.68321	0.00511622	0.00547669
3.68321	0.00547669	0.0052921
3.68321	0.0052921	0.00513059
3.68711	0.00513059	0.00548927
3.68711	0.00548927	0.00530311
3.68711	0.00530311	0.00514022
3.69101	0.00514022	0.00549769
3.69101	0.00549769	0.00531048
3.69101	0.00531048	0.00514667
3.69491	0.00514667	0.00537833
3.69491	0.00537833	0.00508104
3.69491	0.00508104	0.00482091
3.69881	0.00482091	0.0050933
3.69881	0.0050933	0.00495663
3.69881	0.00495663	0.00483705
3.70271	0.00483705	0.00523242
3.70271	0.00523242	0.00507837
3.70271	0.00507837	0.00494357
3.70661	0.00494357	0.00532562
3.70661	0.00532562	0.00515992
3.70661	0.00515992	0.00501493
3.71051	0.00501493	0.00538806
3.71051	0.00538806	0.00521456
3.71051	0.00521456	0.00506273
3.71441	0.00506273	0.00542989
3.71441	0.00542989	0.00525116
3.71441	0.00525116	0.00509476
3.71831	0.00509476	0.00545791
3.71831	0.00545791	0.00527567
3.71831	0.00527567	0.00511622
3.72221	0.00511622	0.00547669
3.72221	0.00547669	0.0052921
3.72221	0.0052921	0.00513059
3.72611	0.00513059	0.00548927
3.72611	0.00548927	0.00530311
3.72611	0.00530311	0.00514022
3.73001	0.00514022	0.00549769
3.73001	0.00549769	0.00531048
3.73001	0.00531048	0.00514667
3.73391	0.00514667	0.00537833
3.73391	0.00537833	0.00508104
3.73391	0.00508104	0.00482091
3.73781	0.00482091	0.0050933
3.73781	0.0050933	0.00495663
3.73781	0.00495663	0.00483705
3.74171	0.00483705	0.00523242
3.74171	0.00523242	0.00507837
3.74171	0.00507837	0.00494357
3.74561	0.00494357	0.00532562
3.74561	0.00532562	0.00515992
3.74561	0.00515992	0.00501493
3.74951	0.00501493	0.00538806
3.74951	0.00538806	0.00521456
3.74951	0.00521456	0.00506273
3.75341	0.00506273	0.00542989
3.75341	0.00542989	0.00525116
3.75341	0.00525116	0.00509476
3.75731	0.00509476	0.00545791
3.75731	0.00545791	0.00527567
3.75731	0.00527567	0.00511622
3.76121	0.00511622	0.00547669
3.76121	0.00547669	0.0052921
3.76121	0.0052921	0.00513059
3.76511	0.00513059	0.00548927
3.76511	0.00548927	0.00530311
3.76511	0.00530311	0.00514022
3.76901	0.00514022	0.00549769
3.76901	0.00549769	0.00531048
3.76901	0.00531048	0.00514667
3.77291	0.00514667	0.00537833
3.77291	0.00537833	0.00508104
3.77291	0.00508104	0.00482091
3.77681	0.00482091	0.0050933
3.77681	0.0050933	0.00495663
3.77681	0.00495663	0.00483705
3.78071	0.00483705	0.00523242
3.78071	0.00523242	0.00507837
3.78071	0.00507837	0.00494357
3.78461	0.00494357	0.00532562
3.78461	0.00532562	0.00515992
3.78461	0.00515992	0.00501493
3.78851	0.00501493	0.00538806
3.78851	0.00538806	0.00521456
3.78851	0.00521456	0.00506273
3.79241	0.00506273	0.00542989
3.79241	0.00542989	0.00525116
3.79241	0.00525116	0.00509476
3.79631	0.00509476	0.00545791
3.79631	0.00545791	0.00527567
3.79631	0.00527567	0.00511622
3.80021	0.00511622	0.00547669
3.80021	0.00547669	0.0052921
3.80021	0.0052921	0.00513059
3.80411	0.00513059	0.00548927
3.80411	0.00548927	0.00530311
3.80411	0.00530311	0.00514022
3.80801	0.00514022	0.00549769
3.80801	0.00549769	0.00531048
3.80801	0.00531048	0.00514667
3.81191	0.00514667	0.00537833
3.81191	0.00537833	0.00508104
3.81191	0.00508104	0.00482091
3.81581	0.00482091	0.0050933
3.81581	0.0050933	0.00495663
3.81581	0.00495663	0.00483705
3.81971	0.00483705	0.00523242
3.81971	0.00523242	0.00507837
3.81971	0.00507837	0.00494357
3.82361	0.00494357	0.00532562
3.82361	0.00532562	0.00515992
3.82361	0.00515992	0.00501493
3.82751	0.00501493	0.00538806
3.82751	0.00538806	0.00521456
3.82751	0.00521456	0.00506273
3.83141	0.00506273	0.00542989
3.83141	0.00542989	0.00525116
3.83141	0.00525116	0.00509476
3.83531	0.00509476	0.00545791
3.83531	0.00545791	0.00527567
3.83531	0.00527567	0.00511622
3.83921	0.00511622	0.00547669
3.83921	0.00547669	0.0052921
3.83921	0.0052921	0.00513059
3.84311	0.00513059	0.00548927
3.84311	0.00548927	0.00530311
3.84311	0.00530311	0.00514022
3.84701	0.00514022	0.00549769
3.84701	0.00549769	0.00531048
3.84701	0.00531048	0.00514667
3.85091	0.00514667	0.00537833
3.85091	0.00537833	0.00508104
3.85091	0.00508104	0.00482091
3.85481	0.00482091	0.0050933
3.85481	0.0050933	0.00495663
3.85481	0.00495663	0.00483705
3.85871	0.00483705	0.00523242
3.85871	0.00523242	0.00507837
3.85871	0.00507837	0.00494357
3.86261	0.00494357	0.00532562
3.86261	0.00532562	0.00515992
3.86261	0.00515992	0.00501493
3.86651	0.00501493	0.00538806
3.86651	0.00538806	0.00521456
3.86651	0.00521456	0.00506273
3.87041	0.00506273	0.00542989
3.87041	0.00542989	0.00525116
3.87041	0.00525116	0.00509476
3.87431	0.00509476	0.00545791
3.87431	0.00545791	0.00527567
3.87431	0.00527567	0.00511622
3.87821	0.00511622	0.00547669
3.87821	0.00547669	0.0052921
3.87821	0.0052921	0.00513059
3.88211	0.00513059	0.00548927
3.88211	0.00548927	0.00530311
3.88211	0.00530311	0.00514022
3.88601	0.00514022	0.00549769
3.88601	0.00549769	0.00531048
3.88601	0.00531048	0.00514667
3.88991	0.00514667	0.00537833
3.88991	0.00537833	0.00508104
3.88991	0.00508104	0.00482091
3.89381	0.00482091	0.0050933
3.89381	0.0050933	0.00495663
3.89381	0.00495663	0.00483705
3.89771	0.00483705	0.00523242
3.89771	0.00523242	0.00507837
3.89771	0.00507837	0.00494357
3.90161	0.00494357	0.00532562
3.90161	0.00532562	0.00515992
3.90161	0.00515992	0.00501493
3.90551	0.00501493	0.00538806
3.90551	0.00538806	0.00521456
3.90551	0.00521456	0.00506273
3.90941	0.00506273	0.00542989
3.90941	0.00542989	0.00525116
3.90941	0.00525116	0.00509476
3.91331	0.00509476	0.00545791
3.91331	0.00545791	0.00527567
3.91331	0.00527567	0.00511622
3.91721	0.00511622	0.00547669
3.91721	0.00547669	0.0052921
3.91721	0.0052921	0.00513059
3.92111	0.00513059	0.00548927
3.92111	0.00548927	0.00530311
3.92111	0.00530311	0.00514022
3.92501	0.00514022	0.00549769
3.92501	0.00549769	0.00531048
3.92501	0.00531048	0.00514667
3.92891	0.00514667	0.00537833
3.92891	0.00537833	0.00508104
3.92891	0.00508104	0.00482091
3.93281	0.00482091	0.0050933
3.93281	0.0050933	0.00495663
3.93281	0.00495663	0.00483705
3.93671	0.00483705	0.00523242
3.93671	0.00523242	0.00507837
3.93671	0.00507837	0.00494357
3.94061	0.00494357	0.00532562
3.94061	0.00532562	0.00515992
3.94061	0.00515992	0.00501493
3.94451	0.00501493	0.00538806
3.94451	0.00538806	0.00521456
3.94451	0.00521456	0.00506273
3.94841	0.00506273	0.00542989
3.94841	0.00542989	0.00525116
3.94841	0.00525116	0.00509476
3.95231	0.00509476	0.00545791
3.95231	0.00545791	0.00527567
3.95231	0.00527567	0.00511622
3.95621	0.00511622	0.00547669
3.95621	0.00547669	0.0052921
3.95621	0.0052921	0.00513059
3.96011	0.00513059	0.00548927
3.96011	0.00548927	0.00530311
3.96011	0.00530311	0.00514022
3.96401	0.00514022	0.00549769
3.96401	0.00549769	0.00531048
3.96401	0.00531048	0.00514667
3.96791	0.00514667	0.00537833
3.96791	0.00537833	0.00508104
3.96791	0.00508104	0.00482091
3.97181	0.00482091	0.0050933
3.97181	0.0050933	0.00495663
3.97181	0.00495663	0.00483705
3.97571	0.00483705	0.00523242
3.97571	0.00523242	0.00507837
3.97571	0.00507837	0.00494357
3.97961	0.00494357	0.00532562
3.97961	0.00532562	0.00515992
3.97961	0.00515992	0.00501493
3.98351	0.00501493	0.00538806
3.98351	0.00538806	0.00521456
3.98351	0.00521456	0.00506273
3.98741	0.00506273	0.00542989
3.98741	0.00542989	0.00525116
3.98741	0.00525116	0.00509476
3.99131	0.00509476	0.00545791
3.99131	0.00545791	0.00527567
3.99131	0.00527567	0.00511622
3.99521	0.00511622	0.00547669
3.99521	0.00547669	0.0052921
3.99521	0.0052921	0.00513059
3.99911	0.00513059	0.00548927
3.99911	0.00548927	0.00530311
3.99911	0.00530311	0.00514022
4.00301	0.00514022	0.00549769
4.00301	0.00549769	0.00531048
4.00301	0.00531048	0.00514667
4.00691	0.00514667	0.00537833
4.00691	0.00537833	0.00508104
4.00691	0.00508104	0.00482091
4.01081	0.00482091	0.0050933
4.01081	0.0050933	0.00495663
4.01081	0.00495663	0.00483705
4.01471	0.00483705	0.00523242
4.01471	0.00523242	0.00507837
4.01471	0.00507837	0.00494357
4.01861	0.00494357	0.00532562
4.01861	0.00532562	0.00515992
4.01861	0.00515992	0.00501493
4.02251	0.00501493	0.00538806
4.02251	0.00538806	0.00521456
4.02251	0.00521456	0.00506273
4.02641	0.00506273	0.00542989
4.02641	0.00542989	0.00525116
4.02641	0.00525116	0.00509476
4.03031	0.00509476	0.00545791
4.03031	0.00545791	0.00527567
4.03031	0.00527567	0.00511622
4.03421	0.00511622	0.00547669
4.03421	0.00547669	0.0052921
4.03421	0.0052921	0.00513059
4.03811	0.00513059	0.00548927
4.03811	0.00548927	0.00530311
4.03811	0.00530311	0.00514022
4.04201	0.00514022	0.00549769
4.04201	0.00549769	0.00531048
4.04201	0.00531048	0.00514667
4.04591	0.00514667	0.00537833
4.04591	0.00537833	0.00508104
4.04591	0.00508104	0.00482091
4.04981	0.00482091	0.0050933
4.04981	0.0050933	0.00495663
4.04981	0.00495663	0.00483705
4.05371	0.00483705	0.00523242
4.05371	0.00523242	0.00507837
4.05371	0.00507837	0.00494357
4.05761	0.00494357	0.00532562
4.05761	0.00532562	0.00515992
4.05761	0.00515992	0.00501493
4.06151	0.00501493	0.00538806
4.06151	0.00538806	0.00521456
4.06151	0.00521456	0.00506273
4.06541	0.00506273	0.00542989
4.06541	0.00542989	0.00525116
4.06541	0.00525116	0.00509476
4.06931	0.00509476	0.00545791
4.06931	0.00545791	0.00527567
4.06931	0.00527567	0.00511622
4.07321	0.00511622	0.00547669
4.07321	0.00547669	0.0052921
4.07321	0.0052921	0.00513059
4.07711	0.00513059	0.00548927
4.07711	0.00548927	0.00530311
4.07711	0.00530311	0.00514022
4.08101	0.00514022	0.00549769
4.08101	0.00549769	0.00531048
4.08101	0.00531048	0.00514667
4.08491	0.00514667	0.00537833
4.08491	0.00537833	0.00508104
4.08491	0.00508104	0.00482091
4.08881	0.00482091	0.0050933
4.08881	0.0050933	0.00495663
4.08881	0.00495663	0.00483705
4.09271	0.00483705	0.00523242
4.09271	0.00523242	0.00507837
4.09271	0.00507837	0.00494357
4.09661	0.00494357	0.00532562
4.09661	0.00532562	0.00515992
4.09661	0.00515992	0.00501493
4.10051	0.00501493	0.00538806
4.10051	0.00538806	0.00521456
4.10051	0.00521456	0.00506273
4.10441	0.00506273	0.00542989
4.10441	0.00542989	0.00525116
4.10441	0.00525116	0.00509476
4.10831	0.00509476	0.00545791
4.10831	0.00545791	0.00527567
4.10831	0.00527567	0.00511622
4.11221	0.00511622	0.00547669
4.11221	0.00547669	0.0052921
4.11221	0.0052921	0.00513059
4.11611	0.00513059	0.00548927
4.11611	0.00548927	0.00530311
4.11611	0.00530311	0.00514022
4.12001	0.00514022	0.00549769
4.12001	0.00549769	0.00531048
4.12001	0.00531048	0.00514667
4.12391	0.00514667	0.00537833
4.12391	0.00537833	0.00508104
4.12391	0.00508104	0.00482091
4.12781	0.00482091	0.0050933
4.12781	0.0050933	0.00495663
4.12781	0.00495663	0.00483705
4.13171	0.00483705	0.00523242
4.13171	0.00523242	0.00507837
4.13171	0.00507837	0.00494357
4.13561	0.00494357	0.00532562
4.13561	0.00532562	0.00515992
4.13561	0.00515992	0.00501493
4.13951	0.00501493	0.00538806
4.13951	0.00538806	0.00521456
4.13951	0.00521456	0.00506273
4.14341	0.00506273	0.00542989
4.14341	0.00542989	0.00525116
4.14341	0.00525116	0.00509476
4.14731	0.00509476	0.00545791
4.14731	0.00545791	0.00527567
4.14731	0.00527567	0.00511622
4.15121	0.00511622	0.00547669
4.15121	0.00547669	0.0052921
4.15121	0.0052921	0.00513059
4.15511	0.00513059	0.00548927
4.15511	0.00548927	0.00530311
4.15511	0.00530311	0.00514022
4.15901	0.00514022	0.00549769
4.15901	0.00549769	0.00531048
4.15901	0.00531048	0.00514667
4.16291	0.00514667	0.00537833
4.16291	0.00537833	0.00508104
4.16291	0.00508104	0.00482091
4.16681	0.00482091	0.0050933
4.16681	0.0050933	0.00495663
4.16681	0.00495663	0.00483705
4.17071	0.00483705	0.00523242
4.17071	0.00523242	0.00507837
4.17071	0.00507837	0.00494357
4.17461	0.00494357	0.00532562
4.17461	0.00532562	0.00515992
4.17461	0.00515992	0.00501493
4.17851	0.00501493	0.00538806
4.17851	0.00538806	0.00521456
4.17851	0.00521456	0.00506273
4.18241	0.00506273	0.00542989
4.18241	0.00542989	0.00525116
4.18241	0.00525116	0.00509476
4.18631	0.00509476	0.00545791
4.18631	0.00545791	0.00527567
4.18631	0.00527567	0.00511622
4.19021	0.00511622	0.00547669
4.19021	0.00547669	0.0052921
4.19021	0.0052921	0.00513059
4.19411	0.00513059	0.00548927
4.19411	0.00548927	0.00530311
4.19411	0.00530311	0.00514022
4.19801	0.00514022	0.00549769
4.19801	0.00549769	0.00531048
4.19801	0.00531048	0.00514667
4.20191	0.00514667	0.00537833
4.20191	0.00537833	0.00508104
4.20191	0.00508104	0.00482091
4.20581	0.00482091	0.0050933
4.20581	0.0050933	0.00495663
4.20581	0.00495663	0.00483705
4.20971	0.00483705	0.00523242
4.20971	0.00523242	0.00507837
4.20971	0.00507837	0.00494357
4.21361	0.00494357	0.00532562
4.21361	0.00532562	0.00515992
4.21361	0.00515992	0.00501493
4.21751	0.00501493	0.00538806
4.21751	0.00538806	0.00521456
4.21751	0.00521456	0.00506273
4.22141	0.00506273	0.00542989
4.22141	0.00542989	0.00525116
4.22141	0.00525116	0.00509476
4.22531	0.00509476	0.00545791
4.22531	0.00545791	0.00527567
4.22531	0.00527567	0.00511622
4.22921	0.00511622	0.00547669
4.22921	0.00547669	0.0052921
4.22921	0.0052921	0.00513059
4.23311	0.00513059	0.00548927
4.23311	0.00548927	0.00530311
4.23311	0.00530311	0.00514022
4.23701	0.00514022	0.00549769
4.23701	0.00549769	0.00531048
4.23701	0.00531048	0.00514667
4.24091	0.00514667	0.00537833
4.24091	0.00537833	0.00508104
4.24091	0.00508104	0.00482091
4.24481	0.00482091	0.0050933
4.24481	0.0050933	0.00495663
4.24481	0.00495663	0.00483705
4.24871	0.00483705	0.00523242
4.24871	0.00523242	0.00507837
4.24871	0.00507837	0.00494357
4.25261	0.00494357	0.00532562
4.25261	0.00532562	0.00515992
4.25261	0.00515992	0.00501493
4.25651	0.00501493	0.00538806
4.25651	0.00538806	0.00521456
4.25651	0.00521456	0.00506273
4.26041	0.00506273	0.00542989
4.26041	0.00542989	0.00525116
4.26041	0.00525116	0.00509476
4.26431	0.00509476	0.00545791
4.26431	0.00545791	0.00527567
4.26431	0.00527567	0.00511622
4.26821	0.00511622	0.00547669
4.26821	0.00547669	0.0052921
4.26821	0.0052921	0.00513059
4.27211	0.00513059	0.00548927
4.27211	0.00548927	0.00530311
4.27211	0.00530311	0.00514022
4.27601	0.00514022	0.00549769
4.27601	0.00549769	0.00531048
4.27601	0.00531048	0.00514667
4.27991	0.00514667	0.00537833
4.27991	0.00537833	0.00508104
4.27991	0.00508104	0.00482091
4.28381	0.00482091	0.0050933
4.28381	0.0050933	0.00495663
4.28381	0.00495663	0.00483705
4.28771	0.00483705	0.00523242
4.28771	0.00523242	0.00507837
4.28771	0.00507837	0.00494357
4.29161	0.00494357	0.00532562
4.29161	0.00532562	0.00515992
4.29161	0.00515992	0.00501493
4.29551	0.00501493	0.00538806
4.29551	0.00538806	0.00521456
4.29551	0.00521456	0.00506273
4.29941	0.00506273	0.00542989
4.29941	0.00542989	0.00525116
4.29941	0.00525116	0.00509476
4.30331	0.00509476	0.00545791
4.30331	0.00545791	0.00527567
4.30331	0.00527567	0.00511622
4.30721	0.00511622	0.00547669
4.30721	0.00547669	0.0052921
4.30721	0.0052921	0.00513059
4.31111	0.00513059	0.00548927
4.31111	0.00548927	0.00530311
4.31111	0.00530311	0.00514022
4.31501	0.00514022	0.00549769
4.31501	0.00549769	0.00531048
4.31501	0.00531048	0.00514667
4.31891	0.00514667	0.00537833
4.31891	0.00537833	0.00508104
4.31891	0.00508104	0.00482091
4.32281	0.00482091	0.0050933
4.32281	0.0050933	0.00495663
4.32281	0.00495663	0.00483705
4.32671	0.00483705	0.00523242
4.32671	0.00523242	0.00507837
4.32671	0.00507837	0.00494357
4.33061	0.00494357	0.00532562
4.33061	0.00532562	0.00515992
4.33061	0.00515992	0.00501493
4.33451	0.00501493	0.00538806
4.33451	0.00538806	0.00521456
4.33451	0.00521456	0.00506273
4.33841	0.00506273	0.00542989
4.33841	0.00542989	0.00525116
4.33841	0.00525116	0.00509476
4.34231	0.00509476	0.00545791
4.34231	0.00545791	0.00527567
4.34231	0.00527567	0.00511622
4.34621	0.00511622	0.00547669
4.34621	0.00547669	0.0052921
4.34621	0.0052921	0.00513059
4.35011	0.00513059	0.00548927
4.35011	0.00548927	0.00530311
4.35011	0.00530311	0.00514022
4.35401	0.00514022	0.00549769
4.35401	0.00549769	0.00531048
4.35401	0.00531048	0.00514667
4.35791	0.00514667	0.00537833
4.35791	0.00537833	0.00508104
4.35791	0.00508104	0.00482091
4.36181	0.00482091	0.0050933
4.36181	0.0050933	0.00495663
4.36181	0.00495663	0.00483705
4.36571	0.00483705	0.00523242
4.36571	0.00523242	0.00507837
4.36571	0.00507837	0.00494357
4.36961	0.00494357	0.00532562
4.36961	0.00532562	0.00515992
4.36961	0.00515992	0.00501493
4.37351	0.00501493	0.00538806
4.37351	0.00538806	0.00521456
4.37351	0.00521456	0.00506273
4.37741	0.00506273	0.00542989
4.37741	0.00542989	0.00525116
4.37741	0.00525116	0.00509476
4.38131	0.00509476	0.00545791
4.38131	0.00545791	0.00527567
4.38131	0.00527567	0.00511622
4.38521	0.00511622	0.00547669
4.38521	0.00547669	0.0052921
4.38521	0.0052921	0.00513059
4.38911	0.00513059	0.00548927
4.38911	0.00548927	0.00530311
4.38911	0.00530311	0.00514022
4.39301	0.00514022	0.00549769
4.39301	0.00549769	0.00531048
4.39301	0.00531048	0.00514667
4.39691	0.00514667	0.00537833
4.39691	0.00537833	0.00508104
4.39691	0.00508104	0.00482091
4.40081	0.00482091	0.0050933
4.40081	0.0050933	0.00495663
4.40081	0.00495663	0.00483705
4.40471	0.00483705	0.00523242
4.40471	0.00523242	0.00507837
4.40471	0.00507837	0.00494357
4.40861	0.00494357	0.00532562
4.40861	0.00532562	0.00515992
4.40861	0.00515992	0.00501493
4.41251	0.00501493	0.00538806
4.41251	0.00538806	0.00521456
4.41251	0.00521456	0.00506273
4.41641	0.00506273	0.00542989
4.41641	0.00542989	0.00525116
4.41641	0.00525116	0.00509476
4.42031	0.00509476	0.00545791
4.42031	0.00545791	0.00527567
4.42031	0.00527567	0.00511622
4.42421	0.00511622	0.00547669
4.42421	0.00547669	0.0052921
4.42421	0.0052921	0.00513059
4.42811	0.00513059	0.00548927
4.42811	0.00548927	0.00530311
4.42811	0.00530311	0.00514022
4.43201	0.00514022	0.00549769
4.43201	0.00549769	0.00531048
4.43201	0.00531048	0.00514667
4.43591	0.00514667	0.00537833
4.43591	0.00537833	0.00508104
4.43591	0.00508104	0.00482091
4.43981	0.00482091	0.0050933
4.43981	0.0050933	0.00495663
4.43981	0.00495663	0.00483705
4.44371	0.00483705	0.00523242
4.44371	0.00523242	0.00507837
4.44371	0.00507837	0.00494357
4.44761	0.00494357	0.00532562
4.44761	0.00532562	0.00515992
4.44761	0.00515992	0.00501493
4.45151	0.00501493	0.00538806
4.45151	0.00538806	0.00521456
4.45151	0.00521456	0.00506273
4.45541	0.00506273	0.00542989
4.45541	0.00542989	0.00525116
4.45541	0.00525116	0.00509476
4.45931	0.00509476	0.00545791
4.45931	0.00545791	0.00527567
4.45931	0.00527567	0.00511622
4.46321	0.00511622	0.00547669
4.46321	0.00547669	0.0052921
4.46321	0.0052921	0.00513059
4.46711	0.00513059	0.00548927
4.46711	0.00548927	0.00530311
4.46711	0.00530311	0.00514022
4.47101	0.00514022	0.00549769
4.47101	0.00549769	0.00531048
4.47101	0.00531048	0.00514667
4.47491	0.00514667	0.00537833
4.47491	0.00537833	0.00508104
4.47491	0.00508104	0.00482091
4.47881	0.00482091	0.0050933
4.47881	0.0050933	0.00495663
4.47881	0.00495663	0.00483705
4.48271	0.00483705	0.00523242
4.48271	0.00523242	0.00507837
4.48271	0.00507837	0.00494357
4.48661	0.00494357	0.00532562
4.48661	0.00532562	0.00515992
4.48661	0.00515992	0.00501493
4.49051	0.00501493	0.00538806
4.49051	0.00538806	0.00521456
4.49051	0.00521456	0.00506273
4.49441	0.00506273	0.00542989
4.49441	0.00542989	0.00525116
4.49441	0.00525116	0.00509476
4.49831	0.00509476	0.00545791
4.49831	0.00545791	0.00527567
4.49831	0.00527567	0.00511622
