0.103808	1
0.103808	1001
0.107708	2001
0.107708	3001
0.111608	4001
0.111608	5001
0.111608	6001
0.115508	7001
0.115508	8001
0.115508	9001
0.119408	10001
0.119408	11001
0.119408	12001
0.119408	13001
0.119408	14001
0.119408	15001
0.123308	16001
0.123308	17001
0.123308	18001
0.123308	19001
0.123308	20001
0.123308	21001
0.123308	22001
0.123308	23001
0.123308	24001
0.127208	25001
0.127208	26001
0.127208	27001
0.127208	28001
0.127208	29001
0.127208	30001
0.127208	31001
0.131108	32001
0.131108	33001
0.131108	34001
0.131108	35001
0.131108	36001
0.131108	37001
0.131108	38001
0.131108	39001
0.135008	40001
0.135008	41001
0.135008	42001
0.135008	43001
0.135008	44001
0.135008	45001
0.135008	46001
0.135008	47001
0.138908	48001
0.138908	49001
0.138908	50001
0.138908	51001
0.138908	52001
0.138908	53001
0.138908	54001
0.138908	55001
0.142808	56001
0.142808	57001
0.142808	58001
0.142808	59001
0.142808	60001
0.142808	61001
0.142808	62001
0.142808	63001
0.146708	64001
0.146708	65001
0.146708	66001
0.146708	67001
0.146708	68001
0.146708	69001
0.146708	70001
0.146708	71001
0.150608	72001
0.150608	73001
0.150608	74001
0.150608	75001
0.150608	76001
0.150608	77001
0.150608	78001
0.150608	79001
0.154508	80001
0.154508	81001
0.154508	82001
0.154508	83001
0.154508	84001
0.154508	85001
0.154508	86001
0.154508	87001
0.158408	88001
0.158408	89001
0.158408	90001
0.158408	91001
0.158408	92001
0.158408	93001
0.158408	94001
0.158408	95001
0.162308	96001
0.162308	97001
0.162308	98001
0.162308	99001
0.162308	100001
0.162308	101001
0.162308	102001
0.162308	103001
0.166208	104001
0.166208	105001
0.166208	106001
0.166208	107001
0.166208	108001
0.166208	109001
0.166208	110001
0.166208	111001
0.170108	112001
0.170108	113001
0.170108	114001
0.170108	115001
0.170108	116001
0.170108	117001
0.170108	118001
0.170108	119001
0.174008	120001
0.174008	121001
0.174008	122001
0.174008	123001
0.174008	124001
0.174008	125001
0.174008	126001
0.174008	127001
0.177908	128001
0.177908	129001
0.177908	130001
0.177908	131001
0.177908	132001
0.177908	133001
0.177908	134001
0.177908	135001
0.181808	136001
0.181808	137001
0.181808	138001
0.181808	139001
0.181808	140001
0.181808	141001
0.181808	142001
0.181808	143001
0.185708	144001
0.185708	145001
0.185708	146001
0.185708	147001
0.185708	148001
0.185708	149001
0.185708	150001
0.185708	151001
0.189608	152001
0.189608	153001
0.189608	154001
0.189608	155001
0.189608	156001
0.189608	157001
0.189608	158001
0.189608	159001
0.193508	160001
0.193508	161001
0.193508	162001
0.193508	163001
0.193508	164001
0.193508	165001
0.193508	166001
0.193508	167001
0.197408	168001
0.197408	169001
0.197408	170001
0.197408	171001
0.197408	172001
0.197408	173001
0.197408	174001
0.197408	175001
0.201308	176001
0.201308	177001
0.201308	178001
0.201308	179001
0.201308	180001
0.201308	181001
0.201308	182001
0.201308	183001
0.205208	184001
0.205208	185001
0.205208	186001
0.205208	187001
0.205208	188001
0.205208	189001
0.205208	190001
0.205208	191001
0.209108	192001
0.209108	193001
0.209108	194001
0.209108	195001
0.209108	196001
0.209108	197001
0.209108	198001
0.209108	199001
0.213008	200001
0.213008	201001
0.213008	202001
0.213008	203001
0.213008	204001
0.213008	205001
0.213008	206001
0.213008	207001
0.216908	208001
0.216908	209001
0.216908	210001
0.216908	211001
0.216908	212001
0.216908	213001
0.216908	214001
0.216908	215001
0.220808	216001
0.220808	217001
0.220808	218001
0.220808	219001
0.220808	220001
0.220808	221001
0.220808	222001
0.220808	223001
0.224708	224001
0.224708	225001
0.224708	226001
0.224708	227001
0.224708	228001
0.224708	229001
0.224708	230001
0.224708	231001
0.228608	232001
0.228608	233001
0.228608	234001
0.228608	235001
0.228608	236001
0.228608	237001
0.228608	238001
0.228608	239001
0.232508	240001
0.232508	241001
0.232508	242001
0.232508	243001
0.232508	244001
0.232508	245001
0.232508	246001
0.232508	247001
0.236408	248001
0.236408	249001
0.236408	250001
0.236408	251001
0.236408	252001
0.236408	253001
0.236408	254001
0.236408	255001
0.240308	256001
0.240308	257001
0.240308	258001
0.240308	259001
0.240308	260001
0.240308	261001
0.240308	262001
0.240308	263001
0.244208	264001
0.244208	265001
0.244208	266001
0.244208	267001
0.244208	268001
0.244208	269001
0.244208	270001
0.244208	271001
0.248108	272001
0.248108	273001
0.248108	274001
0.248108	275001
0.248108	276001
0.248108	277001
0.248108	278001
0.248108	279001
0.252008	280001
0.252008	281001
0.252008	282001
0.252008	283001
0.252008	284001
0.252008	285001
0.252008	286001
0.252008	287001
0.255908	288001
0.255908	289001
0.255908	290001
0.255908	291001
0.255908	292001
0.255908	293001
0.255908	294001
0.255908	295001
0.259808	296001
0.259808	297001
0.259808	298001
0.259808	299001
0.259808	300001
0.259808	301001
0.259808	302001
0.259808	303001
0.263708	304001
0.263708	305001
0.263708	306001
0.263708	307001
0.263708	308001
0.263708	309001
0.263708	310001
0.263708	311001
0.267608	312001
0.267608	313001
0.267608	314001
0.267608	315001
0.267608	316001
0.267608	317001
0.267608	318001
0.267608	319001
0.271508	320001
0.271508	321001
0.271508	322001
0.271508	323001
0.271508	324001
0.271508	325001
0.271508	326001
0.271508	327001
0.275408	328001
0.275408	329001
0.275408	330001
0.275408	331001
0.275408	332001
0.275408	333001
0.275408	334001
0.275408	335001
0.279308	336001
0.279308	337001
0.279308	338001
0.279308	339001
0.279308	340001
0.279308	341001
0.279308	342001
0.279308	343001
0.283208	344001
0.283208	345001
0.283208	346001
0.283208	347001
0.283208	348001
0.283208	349001
0.283208	350001
0.283208	351001
0.287108	352001
0.287108	353001
0.287108	354001
0.287108	355001
0.287108	356001
0.287108	357001
0.287108	358001
0.287108	359001
0.291008	360001
0.291008	361001
0.291008	362001
0.291008	363001
0.291008	364001
0.291008	365001
0.291008	366001
0.291008	367001
0.294908	368001
0.294908	369001
0.294908	370001
0.294908	371001
0.294908	372001
0.294908	373001
0.294908	374001
0.294908	375001
0.298808	376001
0.298808	377001
0.298808	378001
0.298808	379001
0.298808	380001
0.298808	381001
0.298808	382001
0.298808	383001
0.302708	384001
0.302708	385001
0.302708	386001
0.302708	387001
0.302708	388001
0.302708	389001
0.302708	390001
0.302708	391001
0.306608	392001
0.306608	393001
0.306608	394001
0.306608	395001
0.306608	396001
0.306608	397001
0.306608	398001
0.306608	399001
0.310508	400001
0.310508	401001
0.310508	402001
0.310508	403001
0.310508	404001
0.310508	405001
0.310508	406001
0.310508	407001
0.314408	408001
0.314408	409001
0.314408	410001
0.314408	411001
0.314408	412001
0.314408	413001
0.314408	414001
0.314408	415001
0.318308	416001
0.318308	417001
0.318308	418001
0.318308	419001
0.318308	420001
0.318308	421001
0.318308	422001
0.318308	423001
0.322208	424001
0.322208	425001
0.322208	426001
0.322208	427001
0.322208	428001
0.322208	429001
0.322208	430001
0.322208	431001
0.326108	432001
0.326108	433001
0.326108	434001
0.326108	435001
0.326108	436001
0.326108	437001
0.326108	438001
0.326108	439001
0.330008	440001
0.330008	441001
0.330008	442001
0.330008	443001
0.330008	444001
0.330008	445001
0.330008	446001
0.330008	447001
0.333908	448001
0.333908	449001
0.333908	450001
0.333908	451001
0.333908	452001
0.333908	453001
0.333908	454001
0.333908	455001
0.337808	456001
0.337808	457001
0.337808	458001
0.337808	459001
0.337808	460001
0.337808	461001
0.337808	462001
0.337808	463001
0.341708	464001
0.341708	465001
0.341708	466001
0.341708	467001
0.341708	468001
0.341708	469001
0.341708	470001
0.341708	471001
0.345608	472001
0.345608	473001
0.345608	474001
0.345608	475001
0.345608	476001
0.345608	477001
0.345608	478001
0.345608	479001
0.349508	480001
0.349508	481001
0.349508	482001
0.349508	483001
0.349508	484001
0.349508	485001
0.349508	486001
0.349508	487001
0.353408	488001
0.353408	489001
0.353408	490001
0.353408	491001
0.353408	492001
0.353408	493001
0.353408	494001
0.353408	495001
0.357308	496001
0.357308	497001
0.357308	498001
0.357308	499001
0.357308	500001
0.357308	501001
0.357308	502001
0.357308	503001
0.361208	504001
0.361208	505001
0.361208	506001
0.361208	507001
0.361208	508001
0.361208	509001
0.361208	510001
0.361208	511001
0.365108	512001
0.365108	513001
0.365108	514001
0.365108	515001
0.365108	516001
0.365108	517001
0.365108	518001
0.365108	519001
0.369008	520001
0.369008	521001
0.369008	522001
0.369008	523001
0.369008	524001
0.369008	525001
0.369008	526001
0.369008	527001
0.372908	528001
0.372908	529001
0.372908	530001
0.372908	531001
0.372908	532001
0.372908	533001
0.372908	534001
0.372908	535001
0.376808	536001
0.376808	537001
0.376808	538001
0.376808	539001
0.376808	540001
0.376808	541001
0.376808	542001
0.376808	543001
0.380708	544001
0.380708	545001
0.380708	546001
0.380708	547001
0.380708	548001
0.380708	549001
0.380708	550001
0.380708	551001
0.384608	552001
0.384608	553001
0.384608	554001
0.384608	555001
0.384608	556001
0.384608	557001
0.384608	558001
0.384608	559001
0.388508	560001
0.388508	561001
0.388508	562001
0.388508	563001
0.388508	564001
0.388508	565001
0.388508	566001
0.388508	567001
0.392408	568001
0.392408	569001
0.392408	570001
0.392408	571001
0.392408	572001
0.392408	573001
0.392408	574001
0.392408	575001
0.396308	576001
0.396308	577001
0.396308	578001
0.396308	579001
0.396308	580001
0.396308	581001
0.396308	582001
0.396308	583001
0.400208	584001
0.400208	585001
0.400208	586001
0.400208	587001
0.400208	588001
0.400208	589001
0.400208	590001
0.400208	591001
0.404108	592001
0.404108	593001
0.404108	594001
0.404108	595001
0.404108	596001
0.404108	597001
0.404108	598001
0.404108	599001
0.408008	600001
0.408008	601001
0.408008	602001
0.408008	603001
0.408008	604001
0.408008	605001
0.408008	606001
0.408008	607001
0.411908	608001
0.411908	609001
0.411908	610001
0.411908	611001
0.411908	612001
0.411908	613001
0.411908	614001
0.411908	615001
0.415808	616001
0.415808	617001
0.415808	618001
0.415808	619001
0.415808	620001
0.415808	621001
0.415808	622001
0.415808	623001
0.419708	624001
0.419708	625001
0.419708	626001
0.419708	627001
0.419708	628001
0.419708	629001
0.419708	630001
0.419708	631001
0.423608	632001
0.423608	633001
0.423608	634001
0.423608	635001
0.423608	636001
0.423608	637001
0.423608	638001
0.423608	639001
0.427508	640001
0.427508	641001
0.427508	642001
0.427508	643001
0.427508	644001
0.427508	645001
0.427508	646001
0.427508	647001
0.431408	648001
0.431408	649001
0.431408	650001
0.431408	651001
0.431408	652001
0.431408	653001
0.431408	654001
0.431408	655001
0.435308	656001
0.435308	657001
0.435308	658001
0.435308	659001
0.435308	660001
0.435308	661001
0.435308	662001
0.435308	663001
0.439208	664001
0.439208	665001
0.439208	666001
0.439208	667001
0.439208	668001
0.439208	669001
0.439208	670001
0.439208	671001
0.443108	672001
0.443108	673001
0.443108	674001
0.443108	675001
0.443108	676001
0.443108	677001
0.443108	678001
0.443108	679001
0.447008	680001
0.447008	681001
0.447008	682001
0.447008	683001
0.447008	684001
0.447008	685001
0.447008	686001
0.447008	687001
0.450908	688001
0.450908	689001
0.450908	690001
0.450908	691001
0.450908	692001
0.450908	693001
0.450908	694001
0.450908	695001
0.454808	696001
0.454808	697001
0.454808	698001
0.454808	699001
0.454808	700001
0.454808	701001
0.454808	702001
0.454808	703001
0.458708	704001
0.458708	705001
0.458708	706001
0.458708	707001
0.458708	708001
0.458708	709001
0.458708	710001
0.458708	711001
0.462608	712001
0.462608	713001
0.462608	714001
0.462608	715001
0.462608	716001
0.462608	717001
0.462608	718001
0.462608	719001
0.466508	720001
0.466508	721001
0.466508	722001
0.466508	723001
0.466508	724001
0.466508	725001
0.466508	726001
0.466508	727001
0.470408	728001
0.470408	729001
0.470408	730001
0.470408	731001
0.470408	732001
0.470408	733001
0.470408	734001
0.470408	735001
0.474308	736001
0.474308	737001
0.474308	738001
0.474308	739001
0.474308	740001
0.474308	741001
0.474308	742001
0.474308	743001
0.478208	744001
0.478208	745001
0.478208	746001
0.478208	747001
0.478208	748001
0.478208	749001
0.478208	750001
0.478208	751001
0.482108	752001
0.482108	753001
0.482108	754001
0.482108	755001
0.482108	756001
0.482108	757001
0.482108	758001
0.482108	759001
0.486008	760001
0.486008	761001
0.486008	762001
0.486008	763001
0.486008	764001
0.486008	765001
0.486008	766001
0.486008	767001
0.489908	768001
0.489908	769001
0.489908	770001
0.489908	771001
0.489908	772001
0.489908	773001
0.489908	774001
0.489908	775001
0.493808	776001
0.493808	777001
0.493808	778001
0.493808	779001
0.493808	780001
0.493808	781001
0.493808	782001
0.493808	783001
0.497708	784001
0.497708	785001
0.497708	786001
0.497708	787001
0.497708	788001
0.497708	789001
0.497708	790001
0.497708	791001
0.501608	792001
0.501608	793001
0.501608	794001
0.501608	795001
0.501608	796001
0.501608	797001
0.501608	798001
0.501608	799001
0.505508	800001
0.505508	801001
0.505508	802001
0.505508	803001
0.505508	804001
0.505508	805001
0.505508	806001
0.505508	807001
0.509408	808001
0.509408	809001
0.509408	810001
0.509408	811001
0.509408	812001
0.509408	813001
0.509408	814001
0.509408	815001
0.513308	816001
0.513308	817001
0.513308	818001
0.513308	819001
0.513308	820001
0.513308	821001
0.513308	822001
0.513308	823001
0.517208	824001
0.517208	825001
0.517208	826001
0.517208	827001
0.517208	828001
0.517208	829001
0.517208	830001
0.517208	831001
0.521108	832001
0.521108	833001
0.521108	834001
0.521108	835001
0.521108	836001
0.521108	837001
0.521108	838001
0.521108	839001
0.525008	840001
0.525008	841001
0.525008	842001
0.525008	843001
0.525008	844001
0.525008	845001
0.525008	846001
0.525008	847001
0.528908	848001
0.528908	849001
0.528908	850001
0.528908	851001
0.528908	852001
0.528908	853001
0.528908	854001
0.528908	855001
0.532808	856001
0.532808	857001
0.532808	858001
0.532808	859001
0.532808	860001
0.532808	861001
0.532808	862001
0.532808	863001
0.536708	864001
0.536708	865001
0.536708	866001
0.536708	867001
0.536708	868001
0.536708	869001
0.536708	870001
0.536708	871001
0.540608	872001
0.540608	873001
0.540608	874001
0.540608	875001
0.540608	876001
0.540608	877001
0.540608	878001
0.540608	879001
0.544508	880001
0.544508	881001
0.544508	882001
0.544508	883001
0.544508	884001
0.544508	885001
0.544508	886001
0.544508	887001
0.548408	888001
0.548408	889001
0.548408	890001
0.548408	891001
0.548408	892001
0.548408	893001
0.548408	894001
0.548408	895001
0.552308	896001
0.552308	897001
0.552308	898001
0.552308	899001
0.552308	900001
0.552308	901001
0.552308	902001
0.552308	903001
0.556208	904001
0.556208	905001
0.556208	906001
0.556208	907001
0.556208	908001
0.556208	909001
0.556208	910001
0.556208	911001
0.560108	912001
0.560108	913001
0.560108	914001
0.560108	915001
0.560108	916001
0.560108	917001
0.560108	918001
0.560108	919001
0.564008	920001
0.564008	921001
0.564008	922001
0.564008	923001
0.564008	924001
0.564008	925001
0.564008	926001
0.564008	927001
0.567908	928001
0.567908	929001
0.567908	930001
0.567908	931001
0.567908	932001
0.567908	933001
0.567908	934001
0.567908	935001
0.571808	936001
0.571808	937001
0.571808	938001
0.571808	939001
0.571808	940001
0.571808	941001
0.571808	942001
0.571808	943001
0.575708	944001
0.575708	945001
0.575708	946001
0.575708	947001
0.575708	948001
0.575708	949001
0.575708	950001
0.575708	951001
0.579608	952001
0.579608	953001
0.579608	954001
0.579608	955001
0.579608	956001
0.579608	957001
0.579608	958001
0.579608	959001
0.583508	960001
0.583508	961001
0.583508	962001
0.583508	963001
0.583508	964001
0.583508	965001
0.583508	966001
0.583508	967001
0.587408	968001
0.587408	969001
0.587408	970001
0.587408	971001
0.587408	972001
0.587408	973001
0.587408	974001
0.587408	975001
0.591308	976001
0.591308	977001
0.591308	978001
0.591308	979001
0.591308	980001
0.591308	981001
0.591308	982001
0.591308	983001
0.595208	984001
0.595208	985001
0.595208	986001
0.595208	987001
0.595208	988001
0.595208	989001
0.595208	990001
0.595208	991001
0.599108	992001
0.599108	993001
0.599108	994001
0.599108	995001
0.599108	996001
0.599108	997001
0.599108	998001
0.599108	999001
0.603008	1000001
0.603008	1001001
0.603008	1002001
0.603008	1003001
0.603008	1004001
0.603008	1005001
0.603008	1006001
0.603008	1007001
0.606908	1008001
0.606908	1009001
0.606908	1010001
0.606908	1011001
0.606908	1012001
0.606908	1013001
0.606908	1014001
0.606908	1015001
0.610808	1016001
0.610808	1017001
0.610808	1018001
0.610808	1019001
0.610808	1020001
0.610808	1021001
0.610808	1022001
0.610808	1023001
0.614708	1024001
0.614708	1025001
0.614708	1026001
0.614708	1027001
0.614708	1028001
0.614708	1029001
0.614708	1030001
0.614708	1031001
0.618608	1032001
0.618608	1033001
0.618608	1034001
0.618608	1035001
0.618608	1036001
0.618608	1037001
0.618608	1038001
0.618608	1039001
0.622508	1040001
0.622508	1041001
0.622508	1042001
0.622508	1043001
0.622508	1044001
0.622508	1045001
0.622508	1046001
0.622508	1047001
0.626408	1048001
0.626408	1049001
0.626408	1050001
0.626408	1051001
0.626408	1052001
0.626408	1053001
0.626408	1054001
0.626408	1055001
0.630308	1056001
0.630308	1057001
0.630308	1058001
0.630308	1059001
0.630308	1060001
0.630308	1061001
0.630308	1062001
0.630308	1063001
0.634208	1064001
0.634208	1065001
0.634208	1066001
0.634208	1067001
0.634208	1068001
0.634208	1069001
0.634208	1070001
0.634208	1071001
0.638108	1072001
0.638108	1073001
0.638108	1074001
0.638108	1075001
0.638108	1076001
0.638108	1077001
0.638108	1078001
0.638108	1079001
0.642008	1080001
0.642008	1081001
0.642008	1082001
0.642008	1083001
0.642008	1084001
0.642008	1085001
0.642008	1086001
0.642008	1087001
0.645908	1088001
0.645908	1089001
0.645908	1090001
0.645908	1091001
0.645908	1092001
0.645908	1093001
0.645908	1094001
0.645908	1095001
0.649808	1096001
0.649808	1097001
0.649808	1098001
0.649808	1099001
0.649808	1100001
0.649808	1101001
0.649808	1102001
0.649808	1103001
0.653708	1104001
0.653708	1105001
0.653708	1106001
0.653708	1107001
0.653708	1108001
0.653708	1109001
0.653708	1110001
0.653708	1111001
0.657608	1112001
0.657608	1113001
0.657608	1114001
0.657608	1115001
0.657608	1116001
0.657608	1117001
0.657608	1118001
0.657608	1119001
0.661508	1120001
0.661508	1121001
0.661508	1122001
0.661508	1123001
0.661508	1124001
0.661508	1125001
0.661508	1126001
0.661508	1127001
0.665408	1128001
0.665408	1129001
0.665408	1130001
0.665408	1131001
0.665408	1132001
0.665408	1133001
0.665408	1134001
0.665408	1135001
0.669308	1136001
0.669308	1137001
0.669308	1138001
0.669308	1139001
0.669308	1140001
0.669308	1141001
0.669308	1142001
0.669308	1143001
0.673208	1144001
0.673208	1145001
0.673208	1146001
0.673208	1147001
0.673208	1148001
0.673208	1149001
0.673208	1150001
0.673208	1151001
0.677108	1152001
0.677108	1153001
0.677108	1154001
0.677108	1155001
0.677108	1156001
0.677108	1157001
0.677108	1158001
0.677108	1159001
0.681008	1160001
0.681008	1161001
0.681008	1162001
0.681008	1163001
0.681008	1164001
0.681008	1165001
0.681008	1166001
0.681008	1167001
0.684908	1168001
0.684908	1169001
0.684908	1170001
0.684908	1171001
0.684908	1172001
0.684908	1173001
0.684908	1174001
0.684908	1175001
0.688808	1176001
0.688808	1177001
0.688808	1178001
0.688808	1179001
0.688808	1180001
0.688808	1181001
0.688808	1182001
0.688808	1183001
0.692708	1184001
0.692708	1185001
0.692708	1186001
0.692708	1187001
0.692708	1188001
0.692708	1189001
0.692708	1190001
0.692708	1191001
0.696608	1192001
0.696608	1193001
0.696608	1194001
0.696608	1195001
0.696608	1196001
0.696608	1197001
0.696608	1198001
0.696608	1199001
0.700508	1200001
0.700508	1201001
0.700508	1202001
0.700508	1203001
0.700508	1204001
0.700508	1205001
0.700508	1206001
0.700508	1207001
0.704408	1208001
0.704408	1209001
0.704408	1210001
0.704408	1211001
0.704408	1212001
0.704408	1213001
0.704408	1214001
0.704408	1215001
0.708308	1216001
0.708308	1217001
0.708308	1218001
0.708308	1219001
0.708308	1220001
0.708308	1221001
0.708308	1222001
0.708308	1223001
0.712208	1224001
0.712208	1225001
0.712208	1226001
0.712208	1227001
0.712208	1228001
0.712208	1229001
0.712208	1230001
0.712208	1231001
0.716108	1232001
0.716108	1233001
0.716108	1234001
0.716108	1235001
0.716108	1236001
0.716108	1237001
0.716108	1238001
0.716108	1239001
0.720008	1240001
0.720008	1241001
0.720008	1242001
0.720008	1243001
0.720008	1244001
0.720008	1245001
0.720008	1246001
0.720008	1247001
0.723908	1248001
0.723908	1249001
0.723908	1250001
0.723908	1251001
0.723908	1252001
0.723908	1253001
0.723908	1254001
0.723908	1255001
0.727808	1256001
0.727808	1257001
0.727808	1258001
0.727808	1259001
0.727808	1260001
0.727808	1261001
0.727808	1262001
0.727808	1263001
0.731708	1264001
0.731708	1265001
0.731708	1266001
0.731708	1267001
0.731708	1268001
0.731708	1269001
0.731708	1270001
0.731708	1271001
0.735608	1272001
0.735608	1273001
0.735608	1274001
0.735608	1275001
0.735608	1276001
0.735608	1277001
0.735608	1278001
0.735608	1279001
0.739508	1280001
0.739508	1281001
0.739508	1282001
0.739508	1283001
0.739508	1284001
0.739508	1285001
0.739508	1286001
0.739508	1287001
0.743408	1288001
0.743408	1289001
0.743408	1290001
0.743408	1291001
0.743408	1292001
0.743408	1293001
0.743408	1294001
0.743408	1295001
0.747308	1296001
0.747308	1297001
0.747308	1298001
0.747308	1299001
0.747308	1300001
0.747308	1301001
0.747308	1302001
0.747308	1303001
0.751208	1304001
0.751208	1305001
0.751208	1306001
0.751208	1307001
0.751208	1308001
0.751208	1309001
0.751208	1310001
0.751208	1311001
0.755108	1312001
0.755108	1313001
0.755108	1314001
0.755108	1315001
0.755108	1316001
0.755108	1317001
0.755108	1318001
0.755108	1319001
0.759008	1320001
0.759008	1321001
0.759008	1322001
0.759008	1323001
0.759008	1324001
0.759008	1325001
0.759008	1326001
0.759008	1327001
0.762908	1328001
0.762908	1329001
0.762908	1330001
0.762908	1331001
0.762908	1332001
0.762908	1333001
0.762908	1334001
0.762908	1335001
0.766808	1336001
0.766808	1337001
0.766808	1338001
0.766808	1339001
0.766808	1340001
0.766808	1341001
0.766808	1342001
0.766808	1343001
0.770708	1344001
0.770708	1345001
0.770708	1346001
0.770708	1347001
0.770708	1348001
0.770708	1349001
0.770708	1350001
0.770708	1351001
0.774608	1352001
0.774608	1353001
0.774608	1354001
0.774608	1355001
0.774608	1356001
0.774608	1357001
0.774608	1358001
0.774608	1359001
0.778508	1360001
0.778508	1361001
0.778508	1362001
0.778508	1363001
0.778508	1364001
0.778508	1365001
0.778508	1366001
0.778508	1367001
0.782408	1368001
0.782408	1369001
0.782408	1370001
0.782408	1371001
0.782408	1372001
0.782408	1373001
0.782408	1374001
0.782408	1375001
0.786308	1376001
0.786308	1377001
0.786308	1378001
0.786308	1379001
0.786308	1380001
0.786308	1381001
0.786308	1382001
0.786308	1383001
0.790208	1384001
0.790208	1385001
0.790208	1386001
0.790208	1387001
0.790208	1388001
0.790208	1389001
0.790208	1390001
0.790208	1391001
0.794108	1392001
0.794108	1393001
0.794108	1394001
0.794108	1395001
0.794108	1396001
0.794108	1397001
0.794108	1398001
0.794108	1399001
0.798008	1400001
0.798008	1401001
0.798008	1402001
0.798008	1403001
0.798008	1404001
0.798008	1405001
0.798008	1406001
0.798008	1407001
0.801908	1408001
0.801908	1409001
0.801908	1410001
0.801908	1411001
0.801908	1412001
0.801908	1413001
0.801908	1414001
0.801908	1415001
0.805808	1416001
0.805808	1417001
0.805808	1418001
0.805808	1419001
0.805808	1420001
0.805808	1421001
0.805808	1422001
0.805808	1423001
0.809708	1424001
0.809708	1425001
0.809708	1426001
0.809708	1427001
0.809708	1428001
0.809708	1429001
0.809708	1430001
0.809708	1431001
0.813608	1432001
0.813608	1433001
0.813608	1434001
0.813608	1435001
0.813608	1436001
0.813608	1437001
0.813608	1438001
0.813608	1439001
0.817508	1440001
0.817508	1441001
0.817508	1442001
0.817508	1443001
0.817508	1444001
0.817508	1445001
0.817508	1446001
0.817508	1447001
0.821408	1448001
0.821408	1449001
0.821408	1450001
0.821408	1451001
0.821408	1452001
0.821408	1453001
0.821408	1454001
0.821408	1455001
0.825308	1456001
0.825308	1457001
0.825308	1458001
0.825308	1459001
0.825308	1460001
0.825308	1461001
0.825308	1462001
0.825308	1463001
0.829208	1464001
0.829208	1465001
0.829208	1466001
0.829208	1467001
0.829208	1468001
0.829208	1469001
0.829208	1470001
0.829208	1471001
0.833108	1472001
0.833108	1473001
0.833108	1474001
0.833108	1475001
0.833108	1476001
0.833108	1477001
0.833108	1478001
0.833108	1479001
0.837008	1480001
0.837008	1481001
0.837008	1482001
0.837008	1483001
0.837008	1484001
0.837008	1485001
0.837008	1486001
0.837008	1487001
0.840908	1488001
0.840908	1489001
0.840908	1490001
0.840908	1491001
0.840908	1492001
0.840908	1493001
0.840908	1494001
0.840908	1495001
0.844808	1496001
0.844808	1497001
0.844808	1498001
0.844808	1499001
0.844808	1500001
0.844808	1501001
0.844808	1502001
0.844808	1503001
0.848708	1504001
0.848708	1505001
0.848708	1506001
0.848708	1507001
0.848708	1508001
0.848708	1509001
0.848708	1510001
0.848708	1511001
0.852608	1512001
0.852608	1513001
0.852608	1514001
0.852608	1515001
0.852608	1516001
0.852608	1517001
0.852608	1518001
0.852608	1519001
0.856508	1520001
0.856508	1521001
0.856508	1522001
0.856508	1523001
0.856508	1524001
0.856508	1525001
0.856508	1526001
0.856508	1527001
0.860408	1528001
0.860408	1529001
0.860408	1530001
0.860408	1531001
0.860408	1532001
0.860408	1533001
0.860408	1534001
0.860408	1535001
0.864308	1536001
0.864308	1537001
0.864308	1538001
0.864308	1539001
0.864308	1540001
0.864308	1541001
0.864308	1542001
0.864308	1543001
0.868208	1544001
0.868208	1545001
0.868208	1546001
0.868208	1547001
0.868208	1548001
0.868208	1549001
0.868208	1550001
0.868208	1551001
0.872108	1552001
0.872108	1553001
0.872108	1554001
0.872108	1555001
0.872108	1556001
0.872108	1557001
0.872108	1558001
0.872108	1559001
0.876008	1560001
0.876008	1561001
0.876008	1562001
0.876008	1563001
0.876008	1564001
0.876008	1565001
0.876008	1566001
0.876008	1567001
0.879908	1568001
0.879908	1569001
0.879908	1570001
0.879908	1571001
0.879908	1572001
0.879908	1573001
0.879908	1574001
0.879908	1575001
0.883808	1576001
0.883808	1577001
0.883808	1578001
0.883808	1579001
0.883808	1580001
0.883808	1581001
0.883808	1582001
0.883808	1583001
0.887708	1584001
0.887708	1585001
0.887708	1586001
0.887708	1587001
0.887708	1588001
0.887708	1589001
0.887708	1590001
0.887708	1591001
0.891608	1592001
0.891608	1593001
0.891608	1594001
0.891608	1595001
0.891608	1596001
0.891608	1597001
0.891608	1598001
0.891608	1599001
0.895508	1600001
0.895508	1601001
0.895508	1602001
0.895508	1603001
0.895508	1604001
0.895508	1605001
0.895508	1606001
0.895508	1607001
0.899408	1608001
0.899408	1609001
0.899408	1610001
0.899408	1611001
0.899408	1612001
0.899408	1613001
0.899408	1614001
0.899408	1615001
0.903308	1616001
0.903308	1617001
0.903308	1618001
0.903308	1619001
0.903308	1620001
0.903308	1621001
0.903308	1622001
0.903308	1623001
0.907208	1624001
0.907208	1625001
0.907208	1626001
0.907208	1627001
0.907208	1628001
0.907208	1629001
0.907208	1630001
0.907208	1631001
0.911108	1632001
0.911108	1633001
0.911108	1634001
0.911108	1635001
0.911108	1636001
0.911108	1637001
0.911108	1638001
0.911108	1639001
0.915008	1640001
0.915008	1641001
0.915008	1642001
0.915008	1643001
0.915008	1644001
0.915008	1645001
0.915008	1646001
0.915008	1647001
0.918908	1648001
0.918908	1649001
0.918908	1650001
0.918908	1651001
0.918908	1652001
0.918908	1653001
0.918908	1654001
0.918908	1655001
0.922808	1656001
0.922808	1657001
0.922808	1658001
0.922808	1659001
0.922808	1660001
0.922808	1661001
0.922808	1662001
0.922808	1663001
0.926708	1664001
0.926708	1665001
0.926708	1666001
0.926708	1667001
0.926708	1668001
0.926708	1669001
0.926708	1670001
0.926708	1671001
0.930608	1672001
0.930608	1673001
0.930608	1674001
0.930608	1675001
0.930608	1676001
0.930608	1677001
0.930608	1678001
0.930608	1679001
0.934508	1680001
0.934508	1681001
0.934508	1682001
0.934508	1683001
0.934508	1684001
0.934508	1685001
0.934508	1686001
0.934508	1687001
0.938408	1688001
0.938408	1689001
0.938408	1690001
0.938408	1691001
0.938408	1692001
0.938408	1693001
0.938408	1694001
0.938408	1695001
0.942308	1696001
0.942308	1697001
0.942308	1698001
0.942308	1699001
0.942308	1700001
0.942308	1701001
0.942308	1702001
0.942308	1703001
0.946208	1704001
0.946208	1705001
0.946208	1706001
0.946208	1707001
0.946208	1708001
0.946208	1709001
0.946208	1710001
0.946208	1711001
0.950108	1712001
0.950108	1713001
0.950108	1714001
0.950108	1715001
0.950108	1716001
0.950108	1717001
0.950108	1718001
0.950108	1719001
0.954008	1720001
0.954008	1721001
0.954008	1722001
0.954008	1723001
0.954008	1724001
0.954008	1725001
0.954008	1726001
0.954008	1727001
0.957908	1728001
0.957908	1729001
0.957908	1730001
0.957908	1731001
0.957908	1732001
0.957908	1733001
0.957908	1734001
0.957908	1735001
0.961808	1736001
0.961808	1737001
0.961808	1738001
0.961808	1739001
0.961808	1740001
0.961808	1741001
0.961808	1742001
0.961808	1743001
0.965708	1744001
0.965708	1745001
0.965708	1746001
0.965708	1747001
0.965708	1748001
0.965708	1749001
0.965708	1750001
0.965708	1751001
0.969608	1752001
0.969608	1753001
0.969608	1754001
0.969608	1755001
0.969608	1756001
0.969608	1757001
0.969608	1758001
0.969608	1759001
0.973508	1760001
0.973508	1761001
0.973508	1762001
0.973508	1763001
0.973508	1764001
0.973508	1765001
0.973508	1766001
0.973508	1767001
0.977408	1768001
0.977408	1769001
0.977408	1770001
0.977408	1771001
0.977408	1772001
0.977408	1773001
0.977408	1774001
0.977408	1775001
0.981308	1776001
0.981308	1777001
0.981308	1778001
0.981308	1779001
0.981308	1780001
0.981308	1781001
0.981308	1782001
0.981308	1783001
0.985208	1784001
0.985208	1785001
0.985208	1786001
0.985208	1787001
0.985208	1788001
0.985208	1789001
0.985208	1790001
0.985208	1791001
0.989108	1792001
0.989108	1793001
0.989108	1794001
0.989108	1795001
0.989108	1796001
0.989108	1797001
0.989108	1798001
0.989108	1799001
0.993008	1800001
0.993008	1801001
0.993008	1802001
0.993008	1803001
0.993008	1804001
0.993008	1805001
0.993008	1806001
0.993008	1807001
0.996908	1808001
0.996908	1809001
0.996908	1810001
0.996908	1811001
0.996908	1812001
0.996908	1813001
0.996908	1814001
0.996908	1815001
1.00081	1816001
1.00081	1817001
1.00081	1818001
1.00081	1819001
1.00081	1820001
1.00081	1821001
1.00081	1822001
1.00081	1823001
1.00471	1824001
1.00471	1825001
1.00471	1826001
1.00471	1827001
1.00471	1828001
1.00471	1829001
1.00471	1830001
1.00471	1831001
1.00861	1832001
1.00861	1833001
1.00861	1834001
1.00861	1835001
1.00861	1836001
1.00861	1837001
1.00861	1838001
1.00861	1839001
1.01251	1840001
1.01251	1841001
1.01251	1842001
1.01251	1843001
1.01251	1844001
1.01251	1845001
1.01251	1846001
1.01251	1847001
1.01641	1848001
1.01641	1849001
1.01641	1850001
1.01641	1851001
1.01641	1852001
1.01641	1853001
1.01641	1854001
1.01641	1855001
1.02031	1856001
1.02031	1857001
1.02031	1858001
1.02031	1859001
1.02031	1860001
1.02031	1861001
1.02031	1862001
1.02031	1863001
1.02421	1864001
1.02421	1865001
1.02421	1866001
1.02421	1867001
1.02421	1868001
1.02421	1869001
1.02421	1870001
1.02421	1871001
1.02811	1872001
1.02811	1873001
1.02811	1874001
1.02811	1875001
1.02811	1876001
1.02811	1877001
1.02811	1878001
1.02811	1879001
1.03201	1880001
1.03201	1881001
1.03201	1882001
1.03201	1883001
1.03201	1884001
1.03201	1885001
1.03201	1886001
1.03201	1887001
1.03591	1888001
1.03591	1889001
1.03591	1890001
1.03591	1891001
1.03591	1892001
1.03591	1893001
1.03591	1894001
1.03591	1895001
1.03981	1896001
1.03981	1897001
1.03981	1898001
1.03981	1899001
1.03981	1900001
1.03981	1901001
1.03981	1902001
1.03981	1903001
1.04371	1904001
1.04371	1905001
1.04371	1906001
1.04371	1907001
1.04371	1908001
1.04371	1909001
1.04371	1910001
1.04371	1911001
1.04761	1912001
1.04761	1913001
1.04761	1914001
1.04761	1915001
1.04761	1916001
1.04761	1917001
1.04761	1918001
1.04761	1919001
1.05151	1920001
1.05151	1921001
1.05151	1922001
1.05151	1923001
1.05151	1924001
1.05151	1925001
1.05151	1926001
1.05151	1927001
1.05541	1928001
1.05541	1929001
1.05541	1930001
1.05541	1931001
1.05541	1932001
1.05541	1933001
1.05541	1934001
1.05541	1935001
1.05931	1936001
1.05931	1937001
1.05931	1938001
1.05931	1939001
1.05931	1940001
1.05931	1941001
1.05931	1942001
1.05931	1943001
1.06321	1944001
1.06321	1945001
1.06321	1946001
1.06321	1947001
1.06321	1948001
1.06321	1949001
1.06321	1950001
1.06321	1951001
1.07333	1952001
1.07333	1953001
1.07333	1954001
1.07333	1955001
1.07333	1956001
1.07333	1957001
1.07333	1958001
1.07333	1959001
1.08011	1960001
1.08011	1961001
1.08021	1962001
1.08021	1963001
1.08031	1964001
1.08031	1965001
1.08041	1966001
1.08401	1967001
1.08401	1968001
1.08411	1969001
1.08411	1970001
1.08421	1971001
1.08421	1972001
1.08791	1973001
1.08791	1974001
1.08801	1975001
1.08801	1976001
1.08811	1977001
1.08811	1978001
1.09181	1979001
1.09181	1980001
1.09221	1981001
1.09221	1982001
1.09221	1983001
1.09221	1984001
1.09611	1985001
1.09611	1986001
1.09611	1987001
1.09611	1988001
1.09621	1989001
1.09621	1990001
1.10071	1991001
1.10071	1992001
1.10071	1993001
1.10071	1994001
1.10081	1995001
1.10081	1996001
1.10441	1997001
1.10441	1998001
1.10491	1999001
1.10491	2000001
1.10501	2001001
1.10501	2002001
1.10831	2003001
1.10831	2004001
1.10881	2005001
1.10881	2006001
1.10891	2007001
1.10891	2008001
1.11221	2009001
1.11221	2010001
1.11271	2011001
1.11271	2012001
1.11321	2013001
1.11321	2014001
1.11641	2015001
1.11641	2016001
1.11731	2017001
1.11731	2018001
1.12061	2019001
1.12061	2020001
1.12061	2021001
1.12061	2022001
1.12121	2023001
1.12121	2024001
1.12481	2025001
1.12481	2026001
1.12491	2027001
1.12491	2028001
1.12511	2029001
1.12511	2030001
1.12871	2031001
1.12871	2032001
1.12881	2033001
1.12881	2034001
1.12891	2035001
1.12891	2036001
1.13291	2037001
1.13291	2038001
1.13301	2039001
1.13301	2040001
1.13311	2041001
1.13311	2042001
1.13681	2043001
1.13681	2044001
1.13701	2045001
1.13701	2046001
1.13711	2047001
1.13711	2048001
1.14071	2049001
1.14071	2050001
1.14091	2051001
1.14091	2052001
1.14101	2053001
1.14101	2054001
1.14491	2055001
1.14491	2056001
1.14541	2057001
1.14541	2058001
1.14541	2059001
1.14541	2060001
1.151	2061001
1.151	2062001
1.16362	2063001
1.16362	2064001
1.16362	2065001
1.16362	2066001
1.16362	2067001
1.16371	2068001
1.16371	2069001
1.17042	2070001
1.17042	2071001
1.17051	2072001
1.17081	2073001
1.17081	2074001
1.179	2075001
1.18581	2076001
1.18581	2077001
1.18581	2078001
1.18581	2079001
1.18681	2080001
1.18681	2081001
2.18681	2075001
2.18681	2076001
2.39071	2077001
2.39071	2078001
2.39471	2079001
2.39471	2080001
2.39471	2081001
2.39861	2082001
2.39861	2083001
2.39861	2084001
2.40251	2085001
2.40251	2086001
2.40251	2087001
2.40251	2088001
2.40251	2089001
2.40641	2090001
2.40641	2091001
2.40641	2092001
2.40641	2093001
2.41061	2094001
2.41061	2095001
2.41061	2096001
2.41061	2097001
2.41451	2098001
2.41451	2099001
2.41451	2100001
2.41451	2101001
2.41841	2102001
2.41841	2103001
2.41841	2104001
2.41841	2105001
2.42231	2106001
2.42231	2107001
2.42231	2108001
2.42231	2109001
2.42231	2110001
2.42621	2111001
2.42621	2112001
2.42621	2113001
2.42621	2114001
2.42621	2115001
2.42621	2116001
2.43011	2117001
2.43011	2118001
2.43011	2119001
2.43011	2120001
2.43011	2121001
2.43011	2122001
2.43401	2123001
2.43401	2124001
2.43401	2125001
2.43401	2126001
2.43401	2127001
2.43401	2128001
2.43791	2129001
2.43791	2130001
2.43791	2131001
2.43791	2132001
2.43791	2133001
2.43791	2134001
2.43791	2135001
2.44221	2136001
2.44221	2137001
2.44221	2138001
2.44221	2139001
2.44221	2140001
2.44221	2141001
2.44641	2142001
2.44641	2143001
2.44641	2144001
2.44641	2145001
2.44641	2146001
2.44641	2147001
2.45071	2148001
2.45071	2149001
2.45071	2150001
2.45071	2151001
2.45071	2152001
2.45071	2153001
2.45491	2154001
2.45491	2155001
2.45491	2156001
2.45491	2157001
2.45491	2158001
2.45491	2159001
2.45951	2160001
2.45951	2161001
2.45951	2162001
2.45951	2163001
2.45951	2164001
2.45951	2165001
2.46411	2166001
2.46411	2167001
2.46411	2168001
2.46411	2169001
2.46411	2170001
2.46411	2171001
2.46831	2172001
2.46831	2173001
2.46831	2174001
2.46831	2175001
2.46831	2176001
2.46831	2177001
2.47291	2178001
2.47291	2179001
2.47291	2180001
2.47291	2181001
2.47291	2182001
2.47291	2183001
2.47751	2184001
2.47751	2185001
2.47761	2186001
2.47761	2187001
2.47761	2188001
2.47761	2189001
2.487	2190001
2.487	2191001
2.487	2192001
2.487	2193001
2.487	2194001
2.487	2195001
2.50213	2196001
2.50213	2197001
2.50213	2198001
2.50213	2199001
2.50213	2200001
2.50213	2201001
2.50581	2202001
2.50881	2203001
2.50891	2204001
2.50891	2205001
2.50891	2206001
2.50891	2207001
2.51281	2208001
2.51281	2209001
2.51281	2210001
2.51281	2211001
2.51671	2212001
2.51671	2213001
2.51671	2214001
2.51671	2215001
2.52061	2216001
2.52061	2217001
2.52061	2218001
2.52061	2219001
2.52451	2220001
2.52451	2221001
2.52451	2222001
2.52451	2223001
2.52841	2224001
2.52841	2225001
2.52841	2226001
2.52841	2227001
2.53231	2228001
2.53231	2229001
2.53231	2230001
2.53231	2231001
2.53621	2232001
2.53621	2233001
2.53621	2234001
2.53621	2235001
2.54011	2236001
2.54011	2237001
2.54011	2238001
2.54011	2239001
2.54011	2240001
2.54401	2241001
2.54401	2242001
2.54401	2243001
2.54401	2244001
2.54401	2245001
2.54401	2246001
2.54791	2247001
2.54791	2248001
2.54791	2249001
2.54791	2250001
2.54791	2251001
2.54791	2252001
2.55181	2253001
2.55181	2254001
2.55181	2255001
2.55181	2256001
2.55181	2257001
2.55181	2258001
2.55571	2259001
2.55571	2260001
2.55571	2261001
2.55571	2262001
2.55571	2263001
2.55571	2264001
2.55571	2265001
2.55961	2266001
2.55961	2267001
2.55961	2268001
2.55961	2269001
2.55961	2270001
2.55961	2271001
2.56351	2272001
2.56351	2273001
2.56351	2274001
2.56351	2275001
2.56351	2276001
2.56351	2277001
2.56741	2278001
2.56741	2279001
2.56741	2280001
2.56741	2281001
2.56741	2282001
2.56741	2283001
2.57131	2284001
2.57131	2285001
2.57131	2286001
2.57131	2287001
2.57131	2288001
2.57131	2289001
2.57521	2290001
2.57521	2291001
2.57521	2292001
2.57521	2293001
2.57521	2294001
2.57521	2295001
2.57911	2296001
2.57911	2297001
2.57911	2298001
2.57911	2299001
2.57911	2300001
2.57911	2301001
2.58301	2302001
2.58301	2303001
2.58301	2304001
2.58301	2305001
2.58301	2306001
2.58301	2307001
2.58691	2308001
2.58691	2309001
2.58691	2310001
2.58691	2311001
2.58691	2312001
2.58691	2313001
2.59081	2314001
2.59081	2315001
2.59081	2316001
2.59081	2317001
2.59081	2318001
2.59081	2319001
2.59471	2320001
2.59471	2321001
2.59471	2322001
2.59471	2323001
2.59471	2324001
2.59471	2325001
2.59861	2326001
2.59861	2327001
2.59861	2328001
2.59861	2329001
2.59861	2330001
2.59861	2331001
2.60251	2332001
2.60251	2333001
2.60251	2334001
2.60251	2335001
2.60251	2336001
2.60251	2337001
2.60641	2338001
2.60641	2339001
2.60641	2340001
2.60641	2341001
2.60641	2342001
2.60641	2343001
2.61031	2344001
2.61031	2345001
2.61031	2346001
2.61031	2347001
2.61031	2348001
2.61031	2349001
2.61421	2350001
2.61421	2351001
2.61421	2352001
2.61421	2353001
2.61421	2354001
2.61421	2355001
2.61811	2356001
2.61811	2357001
2.61811	2358001
2.61811	2359001
2.61811	2360001
2.61811	2361001
2.62201	2362001
2.62201	2363001
2.62201	2364001
2.62201	2365001
2.62201	2366001
2.62201	2367001
2.62591	2368001
2.62591	2369001
2.62591	2370001
2.62591	2371001
2.62591	2372001
2.62591	2373001
2.63021	2374001
2.63021	2375001
2.63021	2376001
2.63021	2377001
2.63021	2378001
2.63021	2379001
2.63411	2380001
2.63411	2381001
2.63411	2382001
2.63411	2383001
2.63411	2384001
2.63411	2385001
2.63801	2386001
2.63801	2387001
2.63801	2388001
2.63801	2389001
2.63801	2390001
2.63801	2391001
2.64191	2392001
2.64191	2393001
2.64191	2394001
2.64191	2395001
2.64191	2396001
2.64191	2397001
2.64581	2398001
2.64581	2399001
2.64581	2400001
2.64581	2401001
2.64581	2402001
2.64581	2403001
2.64971	2404001
2.64971	2405001
2.64971	2406001
2.64971	2407001
2.64971	2408001
2.64971	2409001
2.65361	2410001
2.65361	2411001
2.65361	2412001
2.65361	2413001
2.65361	2414001
2.65361	2415001
2.65751	2416001
2.65751	2417001
2.65751	2418001
2.65751	2419001
2.65751	2420001
2.65751	2421001
2.66141	2422001
2.66141	2423001
2.66141	2424001
2.66141	2425001
2.66141	2426001
2.66141	2427001
2.66531	2428001
2.66531	2429001
2.66531	2430001
2.66531	2431001
2.66531	2432001
2.66531	2433001
2.66921	2434001
2.66921	2435001
2.66921	2436001
2.66921	2437001
2.66921	2438001
2.66921	2439001
2.67311	2440001
2.67311	2441001
2.67311	2442001
2.67311	2443001
2.67311	2444001
2.67311	2445001
2.67701	2446001
2.67701	2447001
2.67701	2448001
2.67701	2449001
2.67701	2450001
2.67701	2451001
2.68091	2452001
2.68091	2453001
2.68091	2454001
2.68091	2455001
2.68091	2456001
2.68091	2457001
2.68481	2458001
2.68481	2459001
2.68481	2460001
2.68481	2461001
2.68481	2462001
2.68481	2463001
2.68871	2464001
2.68871	2465001
2.68871	2466001
2.68871	2467001
2.68871	2468001
2.68871	2469001
2.69261	2470001
2.69261	2471001
2.69261	2472001
2.69261	2473001
2.69261	2474001
2.69261	2475001
2.69651	2476001
2.69651	2477001
2.69651	2478001
2.69651	2479001
2.69651	2480001
2.69651	2481001
2.70041	2482001
2.70041	2483001
2.70041	2484001
2.70041	2485001
2.70041	2486001
2.70041	2487001
2.70431	2488001
2.70431	2489001
2.70431	2490001
2.70431	2491001
2.70431	2492001
2.70431	2493001
2.70821	2494001
2.70821	2495001
2.70821	2496001
2.70821	2497001
2.70821	2498001
2.70821	2499001
2.71211	2500001
2.71211	2501001
2.71211	2502001
2.71211	2503001
2.71211	2504001
2.71211	2505001
2.71601	2506001
2.71601	2507001
2.71601	2508001
2.71601	2509001
2.71601	2510001
2.71601	2511001
2.71991	2512001
2.71991	2513001
2.71991	2514001
2.71991	2515001
2.71991	2516001
2.71991	2517001
2.72381	2518001
2.72381	2519001
2.72381	2520001
2.72381	2521001
2.72381	2522001
2.72381	2523001
2.72771	2524001
2.72771	2525001
2.72771	2526001
2.72771	2527001
2.72771	2528001
2.72771	2529001
2.73161	2530001
2.73161	2531001
2.73161	2532001
2.73161	2533001
2.73161	2534001
2.73161	2535001
2.73551	2536001
2.73551	2537001
2.73551	2538001
2.73551	2539001
2.73551	2540001
2.73551	2541001
2.73941	2542001
2.73941	2543001
2.73941	2544001
2.73941	2545001
2.73941	2546001
2.73941	2547001
2.74331	2548001
2.74331	2549001
2.74331	2550001
2.74331	2551001
2.74331	2552001
2.74331	2553001
2.74721	2554001
2.74721	2555001
2.74721	2556001
2.74721	2557001
2.74721	2558001
2.74721	2559001
2.75111	2560001
2.75111	2561001
2.75111	2562001
2.75111	2563001
2.75111	2564001
2.75111	2565001
2.75501	2566001
2.75501	2567001
2.75501	2568001
2.75501	2569001
2.75501	2570001
2.75501	2571001
2.75891	2572001
2.75891	2573001
2.75891	2574001
2.75891	2575001
2.75891	2576001
2.75891	2577001
2.76281	2578001
2.76281	2579001
2.76281	2580001
2.76281	2581001
2.76281	2582001
2.76281	2583001
2.76671	2584001
2.76671	2585001
2.76671	2586001
2.76671	2587001
2.76671	2588001
2.76671	2589001
2.77061	2590001
2.77061	2591001
2.77061	2592001
2.77061	2593001
2.77061	2594001
2.77061	2595001
2.77451	2596001
2.77451	2597001
2.77451	2598001
2.77451	2599001
2.77451	2600001
2.77451	2601001
2.77841	2602001
2.77841	2603001
2.77841	2604001
2.77841	2605001
2.77841	2606001
2.77841	2607001
2.78231	2608001
2.78231	2609001
2.78231	2610001
2.78231	2611001
2.78231	2612001
2.78231	2613001
2.78621	2614001
2.78621	2615001
2.78621	2616001
2.78621	2617001
2.78621	2618001
2.78621	2619001
2.79011	2620001
2.79011	2621001
2.79011	2622001
2.79011	2623001
2.79011	2624001
2.79011	2625001
2.79401	2626001
2.79401	2627001
2.79401	2628001
2.79401	2629001
2.79401	2630001
2.79401	2631001
2.79791	2632001
2.79791	2633001
2.79791	2634001
2.79791	2635001
2.79791	2636001
2.79791	2637001
2.80181	2638001
2.80181	2639001
2.80181	2640001
2.80181	2641001
2.80181	2642001
2.80181	2643001
2.80571	2644001
2.80571	2645001
2.80571	2646001
2.80571	2647001
2.80571	2648001
2.80571	2649001
2.80961	2650001
2.80961	2651001
2.80961	2652001
2.80961	2653001
2.80961	2654001
2.80961	2655001
2.81351	2656001
2.81351	2657001
2.81351	2658001
2.81351	2659001
2.81351	2660001
2.81351	2661001
2.81741	2662001
2.81741	2663001
2.81741	2664001
2.81741	2665001
2.81741	2666001
2.81741	2667001
2.82131	2668001
2.82131	2669001
2.82131	2670001
2.82131	2671001
2.82131	2672001
2.82131	2673001
2.82521	2674001
2.82521	2675001
2.82521	2676001
2.82521	2677001
2.82521	2678001
2.82521	2679001
2.82911	2680001
2.82911	2681001
2.82911	2682001
2.82911	2683001
2.82911	2684001
2.82911	2685001
2.83301	2686001
2.83301	2687001
2.83301	2688001
2.83301	2689001
2.83301	2690001
2.83301	2691001
2.83691	2692001
2.83691	2693001
2.83691	2694001
2.83691	2695001
2.83691	2696001
2.83691	2697001
2.84081	2698001
2.84081	2699001
2.84081	2700001
2.84081	2701001
2.84081	2702001
2.84081	2703001
2.84471	2704001
2.84471	2705001
2.84471	2706001
2.84471	2707001
2.84471	2708001
2.84471	2709001
2.84861	2710001
2.84861	2711001
2.84861	2712001
2.84861	2713001
2.84861	2714001
2.84861	2715001
2.85251	2716001
2.85251	2717001
2.85251	2718001
2.85251	2719001
2.85251	2720001
2.85251	2721001
2.85641	2722001
2.85641	2723001
2.85641	2724001
2.85641	2725001
2.85641	2726001
2.85641	2727001
2.86031	2728001
2.86031	2729001
2.86031	2730001
2.86031	2731001
2.86031	2732001
2.86031	2733001
2.86421	2734001
2.86421	2735001
2.86421	2736001
2.86421	2737001
2.86421	2738001
2.86421	2739001
2.86811	2740001
2.86811	2741001
2.86811	2742001
2.86811	2743001
2.86811	2744001
2.86811	2745001
2.87201	2746001
2.87201	2747001
2.87201	2748001
2.87201	2749001
2.87201	2750001
2.87201	2751001
2.87591	2752001
2.87591	2753001
2.87591	2754001
2.87591	2755001
2.87591	2756001
2.87591	2757001
2.87981	2758001
2.87981	2759001
2.87981	2760001
2.87981	2761001
2.87981	2762001
2.87981	2763001
2.88371	2764001
2.88371	2765001
2.88371	2766001
2.88371	2767001
2.88371	2768001
2.88371	2769001
2.88761	2770001
2.88761	2771001
2.88761	2772001
2.88761	2773001
2.88761	2774001
2.88761	2775001
2.89151	2776001
2.89151	2777001
2.89151	2778001
2.89151	2779001
2.89151	2780001
2.89151	2781001
2.89541	2782001
2.89541	2783001
2.89541	2784001
2.89541	2785001
2.89541	2786001
2.89541	2787001
2.89931	2788001
2.89931	2789001
2.89931	2790001
2.89931	2791001
2.89931	2792001
2.89931	2793001
2.90321	2794001
2.90321	2795001
2.90321	2796001
2.90321	2797001
2.90321	2798001
2.90321	2799001
2.90711	2800001
2.90711	2801001
2.90711	2802001
2.90711	2803001
2.90711	2804001
2.90711	2805001
2.91101	2806001
2.91101	2807001
2.91101	2808001
2.91101	2809001
2.91101	2810001
2.91101	2811001
2.91491	2812001
2.91491	2813001
2.91491	2814001
2.91491	2815001
2.91491	2816001
2.91491	2817001
2.91881	2818001
2.91881	2819001
2.91881	2820001
2.91881	2821001
2.91881	2822001
2.91881	2823001
2.92271	2824001
2.92271	2825001
2.92271	2826001
2.92271	2827001
2.92271	2828001
2.92271	2829001
2.92661	2830001
2.92661	2831001
2.92661	2832001
2.92661	2833001
2.92661	2834001
2.92661	2835001
2.93051	2836001
2.93051	2837001
2.93051	2838001
2.93051	2839001
2.93051	2840001
2.93051	2841001
2.93441	2842001
2.93441	2843001
2.93441	2844001
2.93441	2845001
2.93441	2846001
2.93441	2847001
2.93831	2848001
2.93831	2849001
2.93831	2850001
2.93831	2851001
2.93831	2852001
2.93831	2853001
2.94221	2854001
2.94221	2855001
2.94221	2856001
2.94221	2857001
2.94221	2858001
2.94221	2859001
2.94611	2860001
2.94611	2861001
2.94611	2862001
2.94611	2863001
2.94611	2864001
2.94611	2865001
2.95001	2866001
2.95001	2867001
2.95001	2868001
2.95001	2869001
2.95001	2870001
2.95001	2871001
2.95391	2872001
2.95391	2873001
2.95391	2874001
2.95391	2875001
2.95391	2876001
2.95391	2877001
2.95781	2878001
2.95781	2879001
2.95781	2880001
2.95781	2881001
2.95781	2882001
2.95781	2883001
2.96171	2884001
2.96171	2885001
2.96171	2886001
2.96171	2887001
2.96171	2888001
2.96171	2889001
2.96561	2890001
2.96561	2891001
2.96561	2892001
2.96561	2893001
2.96561	2894001
2.96561	2895001
2.96951	2896001
2.96951	2897001
2.96951	2898001
2.96951	2899001
2.96951	2900001
2.96951	2901001
2.97341	2902001
2.97341	2903001
2.97341	2904001
2.97341	2905001
2.97341	2906001
2.97341	2907001
2.97731	2908001
2.97731	2909001
2.97731	2910001
2.97731	2911001
2.97731	2912001
2.97731	2913001
2.98121	2914001
2.98121	2915001
2.98121	2916001
2.98121	2917001
2.98121	2918001
2.98121	2919001
2.98511	2920001
2.98511	2921001
2.98511	2922001
2.98511	2923001
2.98511	2924001
2.98511	2925001
2.98901	2926001
2.98901	2927001
2.98901	2928001
2.98901	2929001
2.98901	2930001
2.98901	2931001
2.99291	2932001
2.99291	2933001
2.99291	2934001
2.99291	2935001
2.99291	2936001
2.99291	2937001
2.99681	2938001
2.99681	2939001
2.99681	2940001
2.99681	2941001
2.99681	2942001
2.99681	2943001
3.00071	2944001
3.00071	2945001
3.00071	2946001
3.00071	2947001
3.00071	2948001
3.00071	2949001
3.00461	2950001
3.00461	2951001
3.00461	2952001
3.00461	2953001
3.00461	2954001
3.00461	2955001
3.00851	2956001
3.00851	2957001
3.00851	2958001
3.00851	2959001
3.00851	2960001
3.00851	2961001
3.01241	2962001
3.01241	2963001
3.01241	2964001
3.01241	2965001
3.01241	2966001
3.01241	2967001
3.01631	2968001
3.01631	2969001
3.01631	2970001
3.01631	2971001
3.01631	2972001
3.01631	2973001
3.02021	2974001
3.02021	2975001
3.02021	2976001
3.02021	2977001
3.02021	2978001
3.02021	2979001
3.02411	2980001
3.02411	2981001
3.02411	2982001
3.02411	2983001
3.02411	2984001
3.02411	2985001
3.02801	2986001
3.02801	2987001
3.02801	2988001
3.02801	2989001
3.02801	2990001
3.02801	2991001
3.03191	2992001
3.03191	2993001
3.03191	2994001
3.03191	2995001
3.03191	2996001
3.03191	2997001
3.03581	2998001
3.03581	2999001
3.03581	3000001
3.03581	3001001
3.03581	3002001
3.03581	3003001
3.03971	3004001
3.03971	3005001
3.03971	3006001
3.03971	3007001
3.03971	3008001
3.03971	3009001
3.04361	3010001
3.04361	3011001
3.04361	3012001
3.04361	3013001
3.04361	3014001
3.04361	3015001
3.04751	3016001
3.04751	3017001
3.04751	3018001
3.04751	3019001
3.04751	3020001
3.04751	3021001
3.05141	3022001
3.05141	3023001
3.05141	3024001
3.05141	3025001
3.05141	3026001
3.05141	3027001
3.05531	3028001
3.05531	3029001
3.05531	3030001
3.05531	3031001
3.05531	3032001
3.05531	3033001
3.05921	3034001
3.05921	3035001
3.05921	3036001
3.05921	3037001
3.05921	3038001
3.05921	3039001
3.06311	3040001
3.06311	3041001
3.06311	3042001
3.06311	3043001
3.06311	3044001
3.06311	3045001
3.06701	3046001
3.06701	3047001
3.06701	3048001
3.06701	3049001
3.06701	3050001
3.06701	3051001
3.07091	3052001
3.07091	3053001
3.07091	3054001
3.07091	3055001
3.07091	3056001
3.07091	3057001
3.07481	3058001
3.07481	3059001
3.07481	3060001
3.07481	3061001
3.07481	3062001
3.07481	3063001
3.07871	3064001
3.07871	3065001
3.07871	3066001
3.07871	3067001
3.07871	3068001
3.07871	3069001
3.08261	3070001
3.08261	3071001
3.08261	3072001
3.08261	3073001
3.08261	3074001
3.08261	3075001
3.08651	3076001
3.08651	3077001
3.08651	3078001
3.08651	3079001
3.08651	3080001
3.08651	3081001
3.09041	3082001
3.09041	3083001
3.09041	3084001
3.09041	3085001
3.09041	3086001
3.09041	3087001
3.09431	3088001
3.09431	3089001
3.09431	3090001
3.09431	3091001
3.09431	3092001
3.09431	3093001
3.09821	3094001
3.09821	3095001
3.09821	3096001
3.09821	3097001
3.09821	3098001
3.09821	3099001
3.10211	3100001
3.10211	3101001
3.10211	3102001
3.10211	3103001
3.10211	3104001
3.10211	3105001
3.10601	3106001
3.10601	3107001
3.10601	3108001
3.10601	3109001
3.10601	3110001
3.10601	3111001
3.10991	3112001
3.10991	3113001
3.10991	3114001
3.10991	3115001
3.10991	3116001
3.10991	3117001
3.11381	3118001
3.11381	3119001
3.11381	3120001
3.11381	3121001
3.11381	3122001
3.11381	3123001
3.11771	3124001
3.11771	3125001
3.11771	3126001
3.11771	3127001
3.11771	3128001
3.11771	3129001
3.12161	3130001
3.12161	3131001
3.12161	3132001
3.12161	3133001
3.12161	3134001
3.12161	3135001
3.12551	3136001
3.12551	3137001
3.12551	3138001
3.12551	3139001
3.12551	3140001
3.12551	3141001
3.12941	3142001
3.12941	3143001
3.12941	3144001
3.12941	3145001
3.12941	3146001
3.12941	3147001
3.13331	3148001
3.13331	3149001
3.13331	3150001
3.13331	3151001
3.13331	3152001
3.13331	3153001
3.13721	3154001
3.13721	3155001
3.13721	3156001
3.13721	3157001
3.13721	3158001
3.13721	3159001
3.14111	3160001
3.14111	3161001
3.14111	3162001
3.14111	3163001
3.14111	3164001
3.14111	3165001
3.14501	3166001
3.14501	3167001
3.14501	3168001
3.14501	3169001
3.14501	3170001
3.14501	3171001
3.14891	3172001
3.14891	3173001
3.14891	3174001
3.14891	3175001
3.14891	3176001
3.14891	3177001
3.15281	3178001
3.15281	3179001
3.15281	3180001
3.15281	3181001
3.15281	3182001
3.15281	3183001
3.15671	3184001
3.15671	3185001
3.15671	3186001
3.15671	3187001
3.15671	3188001
3.15671	3189001
3.16061	3190001
3.16061	3191001
3.16061	3192001
3.16061	3193001
3.16061	3194001
3.16061	3195001
3.16451	3196001
3.16451	3197001
3.16451	3198001
3.16451	3199001
3.16451	3200001
3.16451	3201001
3.16841	3202001
3.16841	3203001
3.16841	3204001
3.16841	3205001
3.16841	3206001
3.16841	3207001
3.17231	3208001
3.17231	3209001
3.17231	3210001
3.17231	3211001
3.17231	3212001
3.17231	3213001
3.17621	3214001
3.17621	3215001
3.17621	3216001
3.17621	3217001
3.17621	3218001
3.17621	3219001
3.18011	3220001
3.18011	3221001
3.18011	3222001
3.18011	3223001
3.18011	3224001
3.18011	3225001
3.18401	3226001
3.18401	3227001
3.18401	3228001
3.18401	3229001
3.18401	3230001
3.18401	3231001
3.18791	3232001
3.18791	3233001
3.18791	3234001
3.18791	3235001
3.18791	3236001
3.18791	3237001
3.19181	3238001
3.19181	3239001
3.19181	3240001
3.19181	3241001
3.19181	3242001
3.19181	3243001
3.19571	3244001
3.19571	3245001
3.19571	3246001
3.19571	3247001
3.19571	3248001
3.19571	3249001
3.19961	3250001
3.19961	3251001
3.19961	3252001
3.19961	3253001
3.19961	3254001
3.19961	3255001
3.20351	3256001
3.20351	3257001
3.20351	3258001
3.20351	3259001
3.20351	3260001
3.20351	3261001
3.20741	3262001
3.20741	3263001
3.20741	3264001
3.20741	3265001
3.20741	3266001
3.20741	3267001
3.21131	3268001
3.21131	3269001
3.21131	3270001
3.21131	3271001
3.21131	3272001
3.21131	3273001
3.21521	3274001
3.21521	3275001
3.21521	3276001
3.21521	3277001
3.21521	3278001
3.21521	3279001
3.21911	3280001
3.21911	3281001
3.21911	3282001
3.21911	3283001
3.21911	3284001
3.21911	3285001
3.22301	3286001
3.22301	3287001
3.22301	3288001
3.22301	3289001
3.22301	3290001
3.22301	3291001
3.22691	3292001
3.22691	3293001
3.22691	3294001
3.22691	3295001
3.22691	3296001
3.22691	3297001
3.23081	3298001
3.23081	3299001
3.23081	3300001
3.23081	3301001
3.23081	3302001
3.23081	3303001
3.23471	3304001
3.23471	3305001
3.23471	3306001
3.23471	3307001
3.23471	3308001
3.23471	3309001
3.23861	3310001
3.23861	3311001
3.23861	3312001
3.23861	3313001
3.23861	3314001
3.23861	3315001
3.24251	3316001
3.24251	3317001
3.24251	3318001
3.24251	3319001
3.24251	3320001
3.24251	3321001
3.24641	3322001
3.24641	3323001
3.24641	3324001
3.24641	3325001
3.24641	3326001
3.24641	3327001
3.25031	3328001
3.25031	3329001
3.25031	3330001
3.25031	3331001
3.25031	3332001
3.25031	3333001
3.25421	3334001
3.25421	3335001
3.25421	3336001
3.25421	3337001
3.25421	3338001
3.25421	3339001
3.25811	3340001
3.25811	3341001
3.25811	3342001
3.25811	3343001
3.25811	3344001
3.25811	3345001
3.26201	3346001
3.26201	3347001
3.26201	3348001
3.26201	3349001
3.26201	3350001
3.26201	3351001
3.26591	3352001
3.26591	3353001
3.26591	3354001
3.26591	3355001
3.26591	3356001
3.26591	3357001
3.26981	3358001
3.26981	3359001
3.26981	3360001
3.26981	3361001
3.26981	3362001
3.26981	3363001
3.27371	3364001
3.27371	3365001
3.27371	3366001
3.27371	3367001
3.27371	3368001
3.27371	3369001
3.27761	3370001
3.27761	3371001
3.27761	3372001
3.27761	3373001
3.27761	3374001
3.27761	3375001
3.28151	3376001
3.28151	3377001
3.28151	3378001
3.28151	3379001
3.28151	3380001
3.28151	3381001
3.28541	3382001
3.28541	3383001
3.28541	3384001
3.28541	3385001
3.28541	3386001
3.28541	3387001
3.28931	3388001
3.28931	3389001
3.28931	3390001
3.28931	3391001
3.28931	3392001
3.28931	3393001
3.29321	3394001
3.29321	3395001
3.29321	3396001
3.29321	3397001
3.29321	3398001
3.29321	3399001
3.29711	3400001
3.29711	3401001
3.29711	3402001
3.29711	3403001
3.29711	3404001
3.29711	3405001
3.30101	3406001
3.30101	3407001
3.30101	3408001
3.30101	3409001
3.30101	3410001
3.30101	3411001
3.30491	3412001
3.30491	3413001
3.30491	3414001
3.30491	3415001
3.30491	3416001
3.30491	3417001
3.30881	3418001
3.30881	3419001
3.30881	3420001
3.30881	3421001
3.30881	3422001
3.30881	3423001
3.31271	3424001
3.31271	3425001
3.31271	3426001
3.31271	3427001
3.31271	3428001
3.31271	3429001
3.31661	3430001
3.31661	3431001
3.31661	3432001
3.31661	3433001
3.31661	3434001
3.31661	3435001
3.32051	3436001
3.32051	3437001
3.32051	3438001
3.32051	3439001
3.32051	3440001
3.32051	3441001
3.32441	3442001
3.32441	3443001
3.32441	3444001
3.32441	3445001
3.32441	3446001
3.32441	3447001
3.32831	3448001
3.32831	3449001
3.32831	3450001
3.32831	3451001
3.32831	3452001
3.32831	3453001
3.33221	3454001
3.33221	3455001
3.33221	3456001
3.33221	3457001
3.33221	3458001
3.33221	3459001
3.33611	3460001
3.33611	3461001
3.33611	3462001
3.33611	3463001
3.33611	3464001
3.33611	3465001
3.34001	3466001
3.34001	3467001
3.34001	3468001
3.34001	3469001
3.34001	3470001
3.34001	3471001
3.34391	3472001
3.34391	3473001
3.34391	3474001
3.34391	3475001
3.34391	3476001
3.34391	3477001
3.34781	3478001
3.34781	3479001
3.34781	3480001
3.34781	3481001
3.34781	3482001
3.34781	3483001
3.35171	3484001
3.35171	3485001
3.35171	3486001
3.35171	3487001
3.35171	3488001
3.35171	3489001
3.35561	3490001
3.35561	3491001
3.35561	3492001
3.35561	3493001
3.35561	3494001
3.35561	3495001
3.35951	3496001
3.35951	3497001
3.35951	3498001
3.35951	3499001
3.35951	3500001
3.35951	3501001
3.36341	3502001
3.36341	3503001
3.36341	3504001
3.36341	3505001
3.36341	3506001
3.36341	3507001
3.36731	3508001
3.36731	3509001
3.36731	3510001
3.36731	3511001
3.36731	3512001
3.36731	3513001
3.37121	3514001
3.37121	3515001
3.37121	3516001
3.37121	3517001
3.37121	3518001
3.37121	3519001
3.37511	3520001
3.37511	3521001
3.37511	3522001
3.37511	3523001
3.37511	3524001
3.37511	3525001
3.37901	3526001
3.37901	3527001
3.37901	3528001
3.37901	3529001
3.37901	3530001
3.37901	3531001
3.38291	3532001
3.38291	3533001
3.38291	3534001
3.38291	3535001
3.38291	3536001
3.38291	3537001
3.38681	3538001
3.38681	3539001
3.38681	3540001
3.38681	3541001
3.38681	3542001
3.38681	3543001
3.39071	3544001
3.39071	3545001
3.39071	3546001
3.39071	3547001
3.39071	3548001
3.39071	3549001
3.39461	3550001
3.39461	3551001
3.39461	3552001
3.39461	3553001
3.39461	3554001
3.39461	3555001
3.39851	3556001
3.39851	3557001
3.39851	3558001
3.39851	3559001
3.39851	3560001
3.39851	3561001
3.40241	3562001
3.40241	3563001
3.40241	3564001
3.40241	3565001
3.40241	3566001
3.40241	3567001
3.40631	3568001
3.40631	3569001
3.40631	3570001
3.40631	3571001
3.40631	3572001
3.40631	3573001
3.41021	3574001
3.41021	3575001
3.41021	3576001
3.41021	3577001
3.41021	3578001
3.41021	3579001
3.41411	3580001
3.41411	3581001
3.41411	3582001
3.41411	3583001
3.41411	3584001
3.41411	3585001
3.41801	3586001
3.41801	3587001
3.41801	3588001
3.41801	3589001
3.41801	3590001
3.41801	3591001
3.42191	3592001
3.42191	3593001
3.42191	3594001
3.42191	3595001
3.42191	3596001
3.42191	3597001
3.42581	3598001
3.42581	3599001
3.42581	3600001
3.42581	3601001
3.42581	3602001
3.42581	3603001
3.42971	3604001
3.42971	3605001
3.42971	3606001
3.42971	3607001
3.42971	3608001
3.42971	3609001
3.43361	3610001
3.43361	3611001
3.43361	3612001
3.43361	3613001
3.43361	3614001
3.43361	3615001
3.43751	3616001
3.43751	3617001
3.43751	3618001
3.43751	3619001
3.43751	3620001
3.43751	3621001
3.44141	3622001
3.44141	3623001
3.44141	3624001
3.44141	3625001
3.44141	3626001
3.44141	3627001
3.44531	3628001
3.44531	3629001
3.44531	3630001
3.44531	3631001
3.44531	3632001
3.44531	3633001
3.44921	3634001
3.44921	3635001
3.44921	3636001
3.44921	3637001
3.44921	3638001
3.44921	3639001
3.45311	3640001
3.45311	3641001
3.45311	3642001
3.45311	3643001
3.45311	3644001
3.45311	3645001
3.45701	3646001
3.45701	3647001
3.45701	3648001
3.45701	3649001
3.45701	3650001
3.45701	3651001
3.46091	3652001
3.46091	3653001
3.46091	3654001
3.46091	3655001
3.46091	3656001
3.46091	3657001
3.46481	3658001
3.46481	3659001
3.46481	3660001
3.46481	3661001
3.46481	3662001
3.46481	3663001
3.46871	3664001
3.46871	3665001
3.46871	3666001
3.46871	3667001
3.46871	3668001
3.46871	3669001
3.47261	3670001
3.47261	3671001
3.47261	3672001
3.47261	3673001
3.47261	3674001
3.47261	3675001
3.47651	3676001
3.47651	3677001
3.47651	3678001
3.47651	3679001
3.47651	3680001
3.47651	3681001
3.48041	3682001
3.48041	3683001
3.48041	3684001
3.48041	3685001
3.48041	3686001
3.48041	3687001
3.48431	3688001
3.48431	3689001
3.48431	3690001
3.48431	3691001
3.48431	3692001
3.48431	3693001
3.48821	3694001
3.48821	3695001
3.48821	3696001
3.48821	3697001
3.48821	3698001
3.48821	3699001
3.49211	3700001
3.49211	3701001
3.49211	3702001
3.49211	3703001
3.49211	3704001
3.49211	3705001
3.49601	3706001
3.49601	3707001
3.49601	3708001
3.49601	3709001
3.49601	3710001
3.49601	3711001
3.49991	3712001
3.49991	3713001
3.49991	3714001
3.49991	3715001
3.49991	3716001
3.49991	3717001
3.50381	3718001
3.50381	3719001
3.50381	3720001
3.50381	3721001
3.50381	3722001
3.50381	3723001
3.50771	3724001
3.50771	3725001
3.50771	3726001
3.50771	3727001
3.50771	3728001
3.50771	3729001
3.51161	3730001
3.51161	3731001
3.51161	3732001
3.51161	3733001
3.51161	3734001
3.51161	3735001
3.51551	3736001
3.51551	3737001
3.51551	3738001
3.51551	3739001
3.51551	3740001
3.51551	3741001
3.51941	3742001
3.51941	3743001
3.51941	3744001
3.51941	3745001
3.51941	3746001
3.51941	3747001
3.52331	3748001
3.52331	3749001
3.52331	3750001
3.52331	3751001
3.52331	3752001
3.52331	3753001
3.52721	3754001
3.52721	3755001
3.52721	3756001
3.52721	3757001
3.52721	3758001
3.52721	3759001
3.53111	3760001
3.53111	3761001
3.53111	3762001
3.53111	3763001
3.53111	3764001
3.53111	3765001
3.53501	3766001
3.53501	3767001
3.53501	3768001
3.53501	3769001
3.53501	3770001
3.53501	3771001
3.53891	3772001
3.53891	3773001
3.53891	3774001
3.53891	3775001
3.53891	3776001
3.53891	3777001
3.54281	3778001
3.54281	3779001
3.54281	3780001
3.54281	3781001
3.54281	3782001
3.54281	3783001
3.54671	3784001
3.54671	3785001
3.54671	3786001
3.54671	3787001
3.54671	3788001
3.54671	3789001
3.55061	3790001
3.55061	3791001
3.55061	3792001
3.55061	3793001
3.55061	3794001
3.55061	3795001
3.55451	3796001
3.55451	3797001
3.55451	3798001
3.55451	3799001
3.55451	3800001
3.55451	3801001
3.55841	3802001
3.55841	3803001
3.55841	3804001
3.55841	3805001
3.55841	3806001
3.55841	3807001
3.56231	3808001
3.56231	3809001
3.56231	3810001
3.56231	3811001
3.56231	3812001
3.56231	3813001
3.56621	3814001
3.56621	3815001
3.56621	3816001
3.56621	3817001
3.56621	3818001
3.56621	3819001
3.57011	3820001
3.57011	3821001
3.57011	3822001
3.57011	3823001
3.57011	3824001
3.57011	3825001
3.57401	3826001
3.57401	3827001
3.57401	3828001
3.57401	3829001
3.57401	3830001
3.57401	3831001
3.57791	3832001
3.57791	3833001
3.57791	3834001
3.57791	3835001
3.57791	3836001
3.57791	3837001
3.58181	3838001
3.58181	3839001
3.58181	3840001
3.58181	3841001
3.58181	3842001
3.58181	3843001
3.58571	3844001
3.58571	3845001
3.58571	3846001
3.58571	3847001
3.58571	3848001
3.58571	3849001
3.58961	3850001
3.58961	3851001
3.58961	3852001
3.58961	3853001
3.58961	3854001
3.58961	3855001
3.59351	3856001
3.59351	3857001
3.59351	3858001
3.59351	3859001
3.59351	3860001
3.59351	3861001
3.59741	3862001
3.59741	3863001
3.59741	3864001
3.59741	3865001
3.59741	3866001
3.59741	3867001
3.60131	3868001
3.60131	3869001
3.60131	3870001
3.60131	3871001
3.60131	3872001
3.60131	3873001
3.60521	3874001
3.60521	3875001
3.60521	3876001
3.60521	3877001
3.60521	3878001
3.60521	3879001
3.60911	3880001
3.60911	3881001
3.60911	3882001
3.60911	3883001
3.60911	3884001
3.60911	3885001
3.61301	3886001
3.61301	3887001
3.61301	3888001
3.61301	3889001
3.61301	3890001
3.61301	3891001
3.61691	3892001
3.61691	3893001
3.61691	3894001
3.61691	3895001
3.61691	3896001
3.61691	3897001
3.62081	3898001
3.62081	3899001
3.62081	3900001
3.62081	3901001
3.62081	3902001
3.62081	3903001
3.62471	3904001
3.62471	3905001
3.62471	3906001
3.62471	3907001
3.62471	3908001
3.62471	3909001
3.62861	3910001
3.62861	3911001
3.62861	3912001
3.62861	3913001
3.62861	3914001
3.62861	3915001
3.63251	3916001
3.63251	3917001
3.63251	3918001
3.63251	3919001
3.63251	3920001
3.63251	3921001
3.63641	3922001
3.63641	3923001
3.63641	3924001
3.63641	3925001
3.63641	3926001
3.63641	3927001
3.64031	3928001
3.64031	3929001
3.64031	3930001
3.64031	3931001
3.64031	3932001
3.64031	3933001
3.64421	3934001
3.64421	3935001
3.64421	3936001
3.64421	3937001
3.64421	3938001
3.64421	3939001
3.64811	3940001
3.64811	3941001
3.64811	3942001
3.64811	3943001
3.64811	3944001
3.64811	3945001
3.65201	3946001
3.65201	3947001
3.65201	3948001
3.65201	3949001
3.65201	3950001
3.65201	3951001
3.65591	3952001
3.65591	3953001
3.65591	3954001
3.65591	3955001
3.65591	3956001
3.65591	3957001
3.65981	3958001
3.65981	3959001
3.65981	3960001
3.65981	3961001
3.65981	3962001
3.65981	3963001
3.66371	3964001
3.66371	3965001
3.66371	3966001
3.66371	3967001
3.66371	3968001
3.66371	3969001
3.66761	3970001
3.66761	3971001
3.66761	3972001
3.66761	3973001
3.66761	3974001
3.66761	3975001
3.67151	3976001
3.67151	3977001
3.67151	3978001
3.67151	3979001
3.67151	3980001
3.67151	3981001
3.67541	3982001
3.67541	3983001
3.67541	3984001
3.67541	3985001
3.67541	3986001
3.67541	3987001
3.67931	3988001
3.67931	3989001
3.67931	3990001
3.67931	3991001
3.67931	3992001
3.67931	3993001
3.68321	3994001
3.68321	3995001
3.68321	3996001
3.68321	3997001
3.68321	3998001
3.68321	3999001
3.68711	4000001
3.68711	4001001
3.68711	4002001
3.68711	4003001
3.68711	4004001
3.68711	4005001
3.69101	4006001
3.69101	4007001
3.69101	4008001
3.69101	4009001
3.69101	4010001
3.69101	4011001
3.69491	4012001
3.69491	4013001
3.69491	4014001
3.69491	4015001
3.69491	4016001
3.69491	4017001
3.69881	4018001
3.69881	4019001
3.69881	4020001
3.69881	4021001
3.69881	4022001
3.69881	4023001
3.70271	4024001
3.70271	4025001
3.70271	4026001
3.70271	4027001
3.70271	4028001
3.70271	4029001
3.70661	4030001
3.70661	4031001
3.70661	4032001
3.70661	4033001
3.70661	4034001
3.70661	4035001
3.71051	4036001
3.71051	4037001
3.71051	4038001
3.71051	4039001
3.71051	4040001
3.71051	4041001
3.71441	4042001
3.71441	4043001
3.71441	4044001
3.71441	4045001
3.71441	4046001
3.71441	4047001
3.71831	4048001
3.71831	4049001
3.71831	4050001
3.71831	4051001
3.71831	4052001
3.71831	4053001
3.72221	4054001
3.72221	4055001
3.72221	4056001
3.72221	4057001
3.72221	4058001
3.72221	4059001
3.72611	4060001
3.72611	4061001
3.72611	4062001
3.72611	4063001
3.72611	4064001
3.72611	4065001
3.73001	4066001
3.73001	4067001
3.73001	4068001
3.73001	4069001
3.73001	4070001
3.73001	4071001
3.73391	4072001
3.73391	4073001
3.73391	4074001
3.73391	4075001
3.73391	4076001
3.73391	4077001
3.73781	4078001
3.73781	4079001
3.73781	4080001
3.73781	4081001
3.73781	4082001
3.73781	4083001
3.74171	4084001
3.74171	4085001
3.74171	4086001
3.74171	4087001
3.74171	4088001
3.74171	4089001
3.74561	4090001
3.74561	4091001
3.74561	4092001
3.74561	4093001
3.74561	4094001
3.74561	4095001
3.74951	4096001
3.74951	4097001
3.74951	4098001
3.74951	4099001
3.74951	4100001
3.74951	4101001
3.75341	4102001
3.75341	4103001
3.75341	4104001
3.75341	4105001
3.75341	4106001
3.75341	4107001
3.75731	4108001
3.75731	4109001
3.75731	4110001
3.75731	4111001
3.75731	4112001
3.75731	4113001
3.76121	4114001
3.76121	4115001
3.76121	4116001
3.76121	4117001
3.76121	4118001
3.76121	4119001
3.76511	4120001
3.76511	4121001
3.76511	4122001
3.76511	4123001
3.76511	4124001
3.76511	4125001
3.76901	4126001
3.76901	4127001
3.76901	4128001
3.76901	4129001
3.76901	4130001
3.76901	4131001
3.77291	4132001
3.77291	4133001
3.77291	4134001
3.77291	4135001
3.77291	4136001
3.77291	4137001
3.77681	4138001
3.77681	4139001
3.77681	4140001
3.77681	4141001
3.77681	4142001
3.77681	4143001
3.78071	4144001
3.78071	4145001
3.78071	4146001
3.78071	4147001
3.78071	4148001
3.78071	4149001
3.78461	4150001
3.78461	4151001
3.78461	4152001
3.78461	4153001
3.78461	4154001
3.78461	4155001
3.78851	4156001
3.78851	4157001
3.78851	4158001
3.78851	4159001
3.78851	4160001
3.78851	4161001
3.79241	4162001
3.79241	4163001
3.79241	4164001
3.79241	4165001
3.79241	4166001
3.79241	4167001
3.79631	4168001
3.79631	4169001
3.79631	4170001
3.79631	4171001
3.79631	4172001
3.79631	4173001
3.80021	4174001
3.80021	4175001
3.80021	4176001
3.80021	4177001
3.80021	4178001
3.80021	4179001
3.80411	4180001
3.80411	4181001
3.80411	4182001
3.80411	4183001
3.80411	4184001
3.80411	4185001
3.80801	4186001
3.80801	4187001
3.80801	4188001
3.80801	4189001
3.80801	4190001
3.80801	4191001
3.81191	4192001
3.81191	4193001
3.81191	4194001
3.81191	4195001
3.81191	4196001
3.81191	4197001
3.81581	4198001
3.81581	4199001
3.81581	4200001
3.81581	4201001
3.81581	4202001
3.81581	4203001
3.81971	4204001
3.81971	4205001
3.81971	4206001
3.81971	4207001
3.81971	4208001
3.81971	4209001
3.82361	4210001
3.82361	4211001
3.82361	4212001
3.82361	4213001
3.82361	4214001
3.82361	4215001
3.82751	4216001
3.82751	4217001
3.82751	4218001
3.82751	4219001
3.82751	4220001
3.82751	4221001
3.83141	4222001
3.83141	4223001
3.83141	4224001
3.83141	4225001
3.83141	4226001
3.83141	4227001
3.83531	4228001
3.83531	4229001
3.83531	4230001
3.83531	4231001
3.83531	4232001
3.83531	4233001
3.83921	4234001
3.83921	4235001
3.83921	4236001
3.83921	4237001
3.83921	4238001
3.83921	4239001
3.84311	4240001
3.84311	4241001
3.84311	4242001
3.84311	4243001
3.84311	4244001
3.84311	4245001
3.84701	4246001
3.84701	4247001
3.84701	4248001
3.84701	4249001
3.84701	4250001
3.84701	4251001
3.85091	4252001
3.85091	4253001
3.85091	4254001
3.85091	4255001
3.85091	4256001
3.85091	4257001
3.85481	4258001
3.85481	4259001
3.85481	4260001
3.85481	4261001
3.85481	4262001
3.85481	4263001
3.85871	4264001
3.85871	4265001
3.85871	4266001
3.85871	4267001
3.85871	4268001
3.85871	4269001
3.86261	4270001
3.86261	4271001
3.86261	4272001
3.86261	4273001
3.86261	4274001
3.86261	4275001
3.86651	4276001
3.86651	4277001
3.86651	4278001
3.86651	4279001
3.86651	4280001
3.86651	4281001
3.87041	4282001
3.87041	4283001
3.87041	4284001
3.87041	4285001
3.87041	4286001
3.87041	4287001
3.87431	4288001
3.87431	4289001
3.87431	4290001
3.87431	4291001
3.87431	4292001
3.87431	4293001
3.87821	4294001
3.87821	4295001
3.87821	4296001
3.87821	4297001
3.87821	4298001
3.87821	4299001
3.88211	4300001
3.88211	4301001
3.88211	4302001
3.88211	4303001
3.88211	4304001
3.88211	4305001
3.88601	4306001
3.88601	4307001
3.88601	4308001
3.88601	4309001
3.88601	4310001
3.88601	4311001
3.88991	4312001
3.88991	4313001
3.88991	4314001
3.88991	4315001
3.88991	4316001
3.88991	4317001
3.89381	4318001
3.89381	4319001
3.89381	4320001
3.89381	4321001
3.89381	4322001
3.89381	4323001
3.89771	4324001
3.89771	4325001
3.89771	4326001
3.89771	4327001
3.89771	4328001
3.89771	4329001
3.90161	4330001
3.90161	4331001
3.90161	4332001
3.90161	4333001
3.90161	4334001
3.90161	4335001
3.90551	4336001
3.90551	4337001
3.90551	4338001
3.90551	4339001
3.90551	4340001
3.90551	4341001
3.90941	4342001
3.90941	4343001
3.90941	4344001
3.90941	4345001
3.90941	4346001
3.90941	4347001
3.91331	4348001
3.91331	4349001
3.91331	4350001
3.91331	4351001
3.91331	4352001
3.91331	4353001
3.91721	4354001
3.91721	4355001
3.91721	4356001
3.91721	4357001
3.91721	4358001
3.91721	4359001
3.92111	4360001
3.92111	4361001
3.92111	4362001
3.92111	4363001
3.92111	4364001
3.92111	4365001
3.92501	4366001
3.92501	4367001
3.92501	4368001
3.92501	4369001
3.92501	4370001
3.92501	4371001
3.92891	4372001
3.92891	4373001
3.92891	4374001
3.92891	4375001
3.92891	4376001
3.92891	4377001
3.93281	4378001
3.93281	4379001
3.93281	4380001
3.93281	4381001
3.93281	4382001
3.93281	4383001
3.93671	4384001
3.93671	4385001
3.93671	4386001
3.93671	4387001
3.93671	4388001
3.93671	4389001
3.94061	4390001
3.94061	4391001
3.94061	4392001
3.94061	4393001
3.94061	4394001
3.94061	4395001
3.94451	4396001
3.94451	4397001
3.94451	4398001
3.94451	4399001
3.94451	4400001
3.94451	4401001
3.94841	4402001
3.94841	4403001
3.94841	4404001
3.94841	4405001
3.94841	4406001
3.94841	4407001
3.95231	4408001
3.95231	4409001
3.95231	4410001
3.95231	4411001
3.95231	4412001
3.95231	4413001
3.95621	4414001
3.95621	4415001
3.95621	4416001
3.95621	4417001
3.95621	4418001
3.95621	4419001
3.96011	4420001
3.96011	4421001
3.96011	4422001
3.96011	4423001
3.96011	4424001
3.96011	4425001
3.96401	4426001
3.96401	4427001
3.96401	4428001
3.96401	4429001
3.96401	4430001
3.96401	4431001
3.96791	4432001
3.96791	4433001
3.96791	4434001
3.96791	4435001
3.96791	4436001
3.96791	4437001
3.97181	4438001
3.97181	4439001
3.97181	4440001
3.97181	4441001
3.97181	4442001
3.97181	4443001
3.97571	4444001
3.97571	4445001
3.97571	4446001
3.97571	4447001
3.97571	4448001
3.97571	4449001
3.97961	4450001
3.97961	4451001
3.97961	4452001
3.97961	4453001
3.97961	4454001
3.97961	4455001
3.98351	4456001
3.98351	4457001
3.98351	4458001
3.98351	4459001
3.98351	4460001
3.98351	4461001
3.98741	4462001
3.98741	4463001
3.98741	4464001
3.98741	4465001
3.98741	4466001
3.98741	4467001
3.99131	4468001
3.99131	4469001
3.99131	4470001
3.99131	4471001
3.99131	4472001
3.99131	4473001
3.99521	4474001
3.99521	4475001
3.99521	4476001
3.99521	4477001
3.99521	4478001
3.99521	4479001
3.99911	4480001
3.99911	4481001
3.99911	4482001
3.99911	4483001
3.99911	4484001
3.99911	4485001
4.00301	4486001
4.00301	4487001
4.00301	4488001
4.00301	4489001
4.00301	4490001
4.00301	4491001
4.00691	4492001
4.00691	4493001
4.00691	4494001
4.00691	4495001
4.00691	4496001
4.00691	4497001
4.01081	4498001
4.01081	4499001
4.01081	4500001
4.01081	4501001
4.01081	4502001
4.01081	4503001
4.01471	4504001
4.01471	4505001
4.01471	4506001
4.01471	4507001
4.01471	4508001
4.01471	4509001
4.01861	4510001
4.01861	4511001
4.01861	4512001
4.01861	4513001
4.01861	4514001
4.01861	4515001
4.02251	4516001
4.02251	4517001
4.02251	4518001
4.02251	4519001
4.02251	4520001
4.02251	4521001
4.02641	4522001
4.02641	4523001
4.02641	4524001
4.02641	4525001
4.02641	4526001
4.02641	4527001
4.03031	4528001
4.03031	4529001
4.03031	4530001
4.03031	4531001
4.03031	4532001
4.03031	4533001
4.03421	4534001
4.03421	4535001
4.03421	4536001
4.03421	4537001
4.03421	4538001
4.03421	4539001
4.03811	4540001
4.03811	4541001
4.03811	4542001
4.03811	4543001
4.03811	4544001
4.03811	4545001
4.04201	4546001
4.04201	4547001
4.04201	4548001
4.04201	4549001
4.04201	4550001
4.04201	4551001
4.04591	4552001
4.04591	4553001
4.04591	4554001
4.04591	4555001
4.04591	4556001
4.04591	4557001
4.04981	4558001
4.04981	4559001
4.04981	4560001
4.04981	4561001
4.04981	4562001
4.04981	4563001
4.05371	4564001
4.05371	4565001
4.05371	4566001
4.05371	4567001
4.05371	4568001
4.05371	4569001
4.05761	4570001
4.05761	4571001
4.05761	4572001
4.05761	4573001
4.05761	4574001
4.05761	4575001
4.06151	4576001
4.06151	4577001
4.06151	4578001
4.06151	4579001
4.06151	4580001
4.06151	4581001
4.06541	4582001
4.06541	4583001
4.06541	4584001
4.06541	4585001
4.06541	4586001
4.06541	4587001
4.06931	4588001
4.06931	4589001
4.06931	4590001
4.06931	4591001
4.06931	4592001
4.06931	4593001
4.07321	4594001
4.07321	4595001
4.07321	4596001
4.07321	4597001
4.07321	4598001
4.07321	4599001
4.07711	4600001
4.07711	4601001
4.07711	4602001
4.07711	4603001
4.07711	4604001
4.07711	4605001
4.08101	4606001
4.08101	4607001
4.08101	4608001
4.08101	4609001
4.08101	4610001
4.08101	4611001
4.08491	4612001
4.08491	4613001
4.08491	4614001
4.08491	4615001
4.08491	4616001
4.08491	4617001
4.08881	4618001
4.08881	4619001
4.08881	4620001
4.08881	4621001
4.08881	4622001
4.08881	4623001
4.09271	4624001
4.09271	4625001
4.09271	4626001
4.09271	4627001
4.09271	4628001
4.09271	4629001
4.09661	4630001
4.09661	4631001
4.09661	4632001
4.09661	4633001
4.09661	4634001
4.09661	4635001
4.10051	4636001
4.10051	4637001
4.10051	4638001
4.10051	4639001
4.10051	4640001
4.10051	4641001
4.10441	4642001
4.10441	4643001
4.10441	4644001
4.10441	4645001
4.10441	4646001
4.10441	4647001
4.10831	4648001
4.10831	4649001
4.10831	4650001
4.10831	4651001
4.10831	4652001
4.10831	4653001
4.11221	4654001
4.11221	4655001
4.11221	4656001
4.11221	4657001
4.11221	4658001
4.11221	4659001
4.11611	4660001
4.11611	4661001
4.11611	4662001
4.11611	4663001
4.11611	4664001
4.11611	4665001
4.12001	4666001
4.12001	4667001
4.12001	4668001
4.12001	4669001
4.12001	4670001
4.12001	4671001
4.12391	4672001
4.12391	4673001
4.12391	4674001
4.12391	4675001
4.12391	4676001
4.12391	4677001
4.12781	4678001
4.12781	4679001
4.12781	4680001
4.12781	4681001
4.12781	4682001
4.12781	4683001
4.13171	4684001
4.13171	4685001
4.13171	4686001
4.13171	4687001
4.13171	4688001
4.13171	4689001
4.13561	4690001
4.13561	4691001
4.13561	4692001
4.13561	4693001
4.13561	4694001
4.13561	4695001
4.13951	4696001
4.13951	4697001
4.13951	4698001
4.13951	4699001
4.13951	4700001
4.13951	4701001
4.14341	4702001
4.14341	4703001
4.14341	4704001
4.14341	4705001
4.14341	4706001
4.14341	4707001
4.14731	4708001
4.14731	4709001
4.14731	4710001
4.14731	4711001
4.14731	4712001
4.14731	4713001
4.15121	4714001
4.15121	4715001
4.15121	4716001
4.15121	4717001
4.15121	4718001
4.15121	4719001
4.15511	4720001
4.15511	4721001
4.15511	4722001
4.15511	4723001
4.15511	4724001
4.15511	4725001
4.15901	4726001
4.15901	4727001
4.15901	4728001
4.15901	4729001
4.15901	4730001
4.15901	4731001
4.16291	4732001
4.16291	4733001
4.16291	4734001
4.16291	4735001
4.16291	4736001
4.16291	4737001
4.16681	4738001
4.16681	4739001
4.16681	4740001
4.16681	4741001
4.16681	4742001
4.16681	4743001
4.17071	4744001
4.17071	4745001
4.17071	4746001
4.17071	4747001
4.17071	4748001
4.17071	4749001
4.17461	4750001
4.17461	4751001
4.17461	4752001
4.17461	4753001
4.17461	4754001
4.17461	4755001
4.17851	4756001
4.17851	4757001
4.17851	4758001
4.17851	4759001
4.17851	4760001
4.17851	4761001
4.18241	4762001
4.18241	4763001
4.18241	4764001
4.18241	4765001
4.18241	4766001
4.18241	4767001
4.18631	4768001
4.18631	4769001
4.18631	4770001
4.18631	4771001
4.18631	4772001
4.18631	4773001
4.19021	4774001
4.19021	4775001
4.19021	4776001
4.19021	4777001
4.19021	4778001
4.19021	4779001
4.19411	4780001
4.19411	4781001
4.19411	4782001
4.19411	4783001
4.19411	4784001
4.19411	4785001
4.19801	4786001
4.19801	4787001
4.19801	4788001
4.19801	4789001
4.19801	4790001
4.19801	4791001
4.20191	4792001
4.20191	4793001
4.20191	4794001
4.20191	4795001
4.20191	4796001
4.20191	4797001
4.20581	4798001
4.20581	4799001
4.20581	4800001
4.20581	4801001
4.20581	4802001
4.20581	4803001
4.20971	4804001
4.20971	4805001
4.20971	4806001
4.20971	4807001
4.20971	4808001
4.20971	4809001
4.21361	4810001
4.21361	4811001
4.21361	4812001
4.21361	4813001
4.21361	4814001
4.21361	4815001
4.21751	4816001
4.21751	4817001
4.21751	4818001
4.21751	4819001
4.21751	4820001
4.21751	4821001
4.22141	4822001
4.22141	4823001
4.22141	4824001
4.22141	4825001
4.22141	4826001
4.22141	4827001
4.22531	4828001
4.22531	4829001
4.22531	4830001
4.22531	4831001
4.22531	4832001
4.22531	4833001
4.22921	4834001
4.22921	4835001
4.22921	4836001
4.22921	4837001
4.22921	4838001
4.22921	4839001
4.23311	4840001
4.23311	4841001
4.23311	4842001
4.23311	4843001
4.23311	4844001
4.23311	4845001
4.23701	4846001
4.23701	4847001
4.23701	4848001
4.23701	4849001
4.23701	4850001
4.23701	4851001
4.24091	4852001
4.24091	4853001
4.24091	4854001
4.24091	4855001
4.24091	4856001
4.24091	4857001
4.24481	4858001
4.24481	4859001
4.24481	4860001
4.24481	4861001
4.24481	4862001
4.24481	4863001
4.24871	4864001
4.24871	4865001
4.24871	4866001
4.24871	4867001
4.24871	4868001
4.24871	4869001
4.25261	4870001
4.25261	4871001
4.25261	4872001
4.25261	4873001
4.25261	4874001
4.25261	4875001
4.25651	4876001
4.25651	4877001
4.25651	4878001
4.25651	4879001
4.25651	4880001
4.25651	4881001
4.26041	4882001
4.26041	4883001
4.26041	4884001
4.26041	4885001
4.26041	4886001
4.26041	4887001
4.26431	4888001
4.26431	4889001
4.26431	4890001
4.26431	4891001
4.26431	4892001
4.26431	4893001
4.26821	4894001
4.26821	4895001
4.26821	4896001
4.26821	4897001
4.26821	4898001
4.26821	4899001
4.27211	4900001
4.27211	4901001
4.27211	4902001
4.27211	4903001
4.27211	4904001
4.27211	4905001
4.27601	4906001
4.27601	4907001
4.27601	4908001
4.27601	4909001
4.27601	4910001
4.27601	4911001
4.27991	4912001
4.27991	4913001
4.27991	4914001
4.27991	4915001
4.27991	4916001
4.27991	4917001
4.28381	4918001
4.28381	4919001
4.28381	4920001
4.28381	4921001
4.28381	4922001
4.28381	4923001
4.28771	4924001
4.28771	4925001
4.28771	4926001
4.28771	4927001
4.28771	4928001
4.28771	4929001
4.29161	4930001
4.29161	4931001
4.29161	4932001
4.29161	4933001
4.29161	4934001
4.29161	4935001
4.29551	4936001
4.29551	4937001
4.29551	4938001
4.29551	4939001
4.29551	4940001
4.29551	4941001
4.29941	4942001
4.29941	4943001
4.29941	4944001
4.29941	4945001
4.29941	4946001
4.29941	4947001
4.30331	4948001
4.30331	4949001
4.30331	4950001
4.30331	4951001
4.30331	4952001
4.30331	4953001
4.30721	4954001
4.30721	4955001
4.30721	4956001
4.30721	4957001
4.30721	4958001
4.30721	4959001
4.31111	4960001
4.31111	4961001
4.31111	4962001
4.31111	4963001
4.31111	4964001
4.31111	4965001
4.31501	4966001
4.31501	4967001
4.31501	4968001
4.31501	4969001
4.31501	4970001
4.31501	4971001
4.31891	4972001
4.31891	4973001
4.31891	4974001
4.31891	4975001
4.31891	4976001
4.31891	4977001
4.32281	4978001
4.32281	4979001
4.32281	4980001
4.32281	4981001
4.32281	4982001
4.32281	4983001
4.32671	4984001
4.32671	4985001
4.32671	4986001
4.32671	4987001
4.32671	4988001
4.32671	4989001
4.33061	4990001
4.33061	4991001
4.33061	4992001
4.33061	4993001
4.33061	4994001
4.33061	4995001
4.33451	4996001
4.33451	4997001
4.33451	4998001
4.33451	4999001
4.33451	5000001
4.33451	5001001
4.33841	5002001
4.33841	5003001
4.33841	5004001
4.33841	5005001
4.33841	5006001
4.33841	5007001
4.34231	5008001
4.34231	5009001
4.34231	5010001
4.34231	5011001
4.34231	5012001
4.34231	5013001
4.34621	5014001
4.34621	5015001
4.34621	5016001
4.34621	5017001
4.34621	5018001
4.34621	5019001
4.35011	5020001
4.35011	5021001
4.35011	5022001
4.35011	5023001
4.35011	5024001
4.35011	5025001
4.35401	5026001
4.35401	5027001
4.35401	5028001
4.35401	5029001
4.35401	5030001
4.35401	5031001
4.35791	5032001
4.35791	5033001
4.35791	5034001
4.35791	5035001
4.35791	5036001
4.35791	5037001
4.36181	5038001
4.36181	5039001
4.36181	5040001
4.36181	5041001
4.36181	5042001
4.36181	5043001
4.36571	5044001
4.36571	5045001
4.36571	5046001
4.36571	5047001
4.36571	5048001
4.36571	5049001
4.36961	5050001
4.36961	5051001
4.36961	5052001
4.36961	5053001
4.36961	5054001
4.36961	5055001
4.37351	5056001
4.37351	5057001
4.37351	5058001
4.37351	5059001
4.37351	5060001
4.37351	5061001
4.37741	5062001
4.37741	5063001
4.37741	5064001
4.37741	5065001
4.37741	5066001
4.37741	5067001
4.38131	5068001
4.38131	5069001
4.38131	5070001
4.38131	5071001
4.38131	5072001
4.38131	5073001
4.38521	5074001
4.38521	5075001
4.38521	5076001
4.38521	5077001
4.38521	5078001
4.38521	5079001
4.38911	5080001
4.38911	5081001
4.38911	5082001
4.38911	5083001
4.38911	5084001
4.38911	5085001
4.39301	5086001
4.39301	5087001
4.39301	5088001
4.39301	5089001
4.39301	5090001
4.39301	5091001
4.39691	5092001
4.39691	5093001
4.39691	5094001
4.39691	5095001
4.39691	5096001
4.39691	5097001
4.40081	5098001
4.40081	5099001
4.40081	5100001
4.40081	5101001
4.40081	5102001
4.40081	5103001
4.40471	5104001
4.40471	5105001
4.40471	5106001
4.40471	5107001
4.40471	5108001
4.40471	5109001
4.40861	5110001
4.40861	5111001
4.40861	5112001
4.40861	5113001
4.40861	5114001
4.40861	5115001
4.41251	5116001
4.41251	5117001
4.41251	5118001
4.41251	5119001
4.41251	5120001
4.41251	5121001
4.41641	5122001
4.41641	5123001
4.41641	5124001
4.41641	5125001
4.41641	5126001
4.41641	5127001
4.42031	5128001
4.42031	5129001
4.42031	5130001
4.42031	5131001
4.42031	5132001
4.42031	5133001
4.42421	5134001
4.42421	5135001
4.42421	5136001
4.42421	5137001
4.42421	5138001
4.42421	5139001
4.42811	5140001
4.42811	5141001
4.42811	5142001
4.42811	5143001
4.42811	5144001
4.42811	5145001
4.43201	5146001
4.43201	5147001
4.43201	5148001
4.43201	5149001
4.43201	5150001
4.43201	5151001
4.43591	5152001
4.43591	5153001
4.43591	5154001
4.43591	5155001
4.43591	5156001
4.43591	5157001
4.43981	5158001
4.43981	5159001
4.43981	5160001
4.43981	5161001
4.43981	5162001
4.43981	5163001
4.44371	5164001
4.44371	5165001
4.44371	5166001
4.44371	5167001
4.44371	5168001
4.44371	5169001
4.44761	5170001
4.44761	5171001
4.44761	5172001
4.44761	5173001
4.44761	5174001
4.44761	5175001
4.45151	5176001
4.45151	5177001
4.45151	5178001
4.45151	5179001
4.45151	5180001
4.45151	5181001
4.45541	5182001
4.45541	5183001
4.45541	5184001
4.45541	5185001
4.45541	5186001
4.45541	5187001
4.45931	5188001
4.45931	5189001
4.45931	5190001
4.45931	5191001
4.45931	5192001
4.45931	5193001
4.46321	5194001
4.46321	5195001
4.46321	5196001
4.46321	5197001
4.46321	5198001
4.46321	5199001
4.46711	5200001
4.46711	5201001
4.46711	5202001
4.46711	5203001
4.46711	5204001
4.46711	5205001
4.47101	5206001
4.47101	5207001
4.47101	5208001
4.47101	5209001
4.47101	5210001
4.47101	5211001
4.47491	5212001
4.47491	5213001
4.47491	5214001
4.47491	5215001
4.47491	5216001
4.47491	5217001
4.47881	5218001
4.47881	5219001
4.47881	5220001
4.47881	5221001
4.47881	5222001
4.47881	5223001
4.48271	5224001
4.48271	5225001
4.48271	5226001
4.48271	5227001
4.48271	5228001
4.48271	5229001
4.48661	5230001
4.48661	5231001
4.48661	5232001
4.48661	5233001
4.48661	5234001
4.48661	5235001
4.49051	5236001
4.49051	5237001
4.49051	5238001
4.49051	5239001
4.49051	5240001
4.49051	5241001
4.49441	5242001
4.49441	5243001
4.49441	5244001
4.49441	5245001
4.49441	5246001
4.49441	5247001
4.49831	5248001
4.49831	5249001
4.49831	5250001
4.49831	5251001
4.49831	5252001
4.49831	5253001
