0.0005 1 2 32.448
0.0021 1 2 32.448
0.0037 1 2 32.448
0.0053 1 2 32.448
0.0069 1 2 32.448
0.0085 1 2 32.448
0.0101 1 2 32.448
0.0117 1 2 32.448
0.0133 1 2 32.448
0.0149 1 2 32.448
0.0165 1 2 32.448
0.0181 1 2 32.448
0.0197 1 2 32.448
0.0213 1 2 32.448
0.0229 1 2 32.448
0.0245 1 2 32.448
0.0261 1 2 32.448
0.0277 1 2 32.448
0.0293 1 2 32.448
0.0309 1 2 32.448
0.0325 1 2 32.448
0.0341 1 2 32.448
0.0357 1 2 32.448
0.0373 1 2 32.448
0.0389 1 2 32.448
0.0405 1 2 32.4241
0.0421 1 2 32.462
0.0437 1 2 32.4904
0.0453 1 2 32.4814
0.0469 1 2 32.5296
0.0485 1 2 32.5201
0.0501 1 2 32.5324
0.0517 1 2 32.4639
0.0533 1 2 32.4551
0.0549 1 2 32.5543
0.0565 1 2 32.4561
0.0581 1 2 32.6123
0.0597 1 2 32.548
0.0613 1 2 32.6537
0.0629 1 2 32.4919
0.0645 1 2 32.5677
0.0661 1 2 32.576
0.0677 1 2 32.668
0.0693 1 2 32.4387
0.0709 1 2 32.4792
0.0725 1 2 32.5167
0.0741 1 2 32.5316
0.0757 1 2 32.5778
0.0773 1 2 32.4514
0.0789 1 2 32.5966
0.0805 1 2 32.4451
0.0821 1 2 32.5428
0.0837 1 2 32.459
0.0853 1 2 32.5265
0.0869 1 2 32.5478
0.0885 1 2 32.5765
0.0901 1 2 32.6412
0.0917 1 2 32.5339
0.0933 1 2 32.6101
0.0949 1 2 32.5178
0.0965 1 2 32.4718
0.0981 1 2 32.4562
0.0997 1 2 32.5215
0.1013 1 2 32.5194
0.1029 1 2 32.4679
0.1045 1 2 32.5689
0.1061 1 2 32.5058
0.1077 1 2 32.5993
0.1093 1 2 32.5022
0.1109 1 2 32.545
0.1125 1 2 32.5725
0.1141 1 2 32.4821
0.1157 1 2 32.474
0.1173 1 2 32.4925
0.1189 1 2 32.4244
0.1205 1 2 32.5433
0.1221 1 2 32.5902
0.1237 1 2 32.5392
0.1253 1 2 32.5109
0.1269 1 2 32.534
0.1285 1 2 32.5034
0.1301 1 2 32.6184
0.1317 1 2 32.649
0.1333 1 2 32.5094
0.1349 1 2 32.5071
0.1365 1 2 32.5659
0.1381 1 2 32.5547
0.1397 1 2 32.4589
0.1413 1 2 32.5538
0.1429 1 2 32.576
0.1445 1 2 32.5285
0.1461 1 2 32.4414
0.1477 1 2 32.4911
0.1493 1 2 32.6185
0.1509 1 2 32.4727
0.1525 1 2 32.5098
0.1541 1 2 32.4743
0.1557 1 2 32.484
0.1573 1 2 32.4975
0.1589 1 2 32.5655
0.1605 1 2 32.5567
0.1621 1 2 32.4988
0.1637 1 2 32.5853
0.1653 1 2 32.5261
0.1669 1 2 32.6106
0.1685 1 2 32.4769
0.1701 1 2 32.5396
0.1717 1 2 32.6142
0.1733 1 2 32.5561
0.1749 1 2 32.414
0.1765 1 2 32.486
0.1781 1 2 32.6294
0.1797 1 2 32.5003
0.1813 1 2 32.5342
0.1829 1 2 32.4928
0.1845 1 2 32.5235
0.1861 1 2 32.5931
0.1877 1 2 32.6098
0.1893 1 2 32.5138
0.1909 1 2 32.4596
0.1925 1 2 32.6106
0.1941 1 2 32.537
0.1957 1 2 32.5912
0.1973 1 2 32.5139
0.1989 1 2 32.5586
0.2005 1 2 32.4951
0.2021 1 2 32.4998
0.2037 1 2 32.4478
0.2053 1 2 32.512
0.2069 1 2 32.5833
0.2085 1 2 32.5433
0.2101 1 2 32.5719
0.2117 1 2 32.567
0.2133 1 2 32.4771
0.2149 1 2 32.4401
0.2165 1 2 32.5064
0.2181 1 2 32.5115
0.2197 1 2 32.4926
0.2213 1 2 32.4559
0.2229 1 2 32.4826
0.2245 1 2 32.4788
0.2261 1 2 32.487
0.2277 1 2 32.6224
0.2293 1 2 32.4921
0.2309 1 2 32.4903
0.2325 1 2 32.523
0.2341 1 2 32.5428
0.2357 1 2 32.4695
0.2373 1 2 32.5096
0.2389 1 2 32.4739
0.2405 1 2 32.559
0.2421 1 2 32.5292
0.2437 1 2 32.5084
0.2453 1 2 32.4674
0.2469 1 2 32.6176
0.2485 1 2 32.6695
0.2501 1 2 32.4622
0.2517 1 2 32.5313
0.2533 1 2 32.5858
0.2549 1 2 32.4975
0.2565 1 2 32.6241
0.2581 1 2 32.512
0.2597 1 2 32.5261
0.2613 1 2 32.505
0.2629 1 2 32.5081
0.2645 1 2 32.4365
0.2661 1 2 32.5141
0.2677 1 2 32.5031
0.2693 1 2 32.5131
0.2709 1 2 32.5474
0.2725 1 2 32.5443
0.2741 1 2 32.4584
0.2757 1 2 32.5331
0.2773 1 2 32.5031
0.2789 1 2 32.6492
0.2805 1 2 32.5194
0.2821 1 2 32.4913
0.2837 1 2 32.4836
0.2853 1 2 32.6184
0.2869 1 2 32.505
0.2885 1 2 32.4265
0.2901 1 2 32.4624
0.2917 1 2 32.5618
0.2933 1 2 32.4705
0.2949 1 2 32.5113
0.2965 1 2 32.5675
0.2981 1 2 32.505
0.2997 1 2 32.5073
0.3013 1 2 32.6362
0.3029 1 2 32.5212
0.3045 1 2 32.5117
0.3061 1 2 32.5391
0.3077 1 2 32.4833
0.3093 1 2 32.4843
0.3109 1 2 32.5368
0.3125 1 2 32.4931
0.3141 1 2 32.4952
0.3157 1 2 32.6282
0.3173 1 2 32.5414
0.3189 1 2 32.5606
0.3205 1 2 32.5174
0.3221 1 2 32.5918
0.3237 1 2 32.5566
0.3253 1 2 32.5949
0.3269 1 2 32.6
0.3285 1 2 32.4878
0.3301 1 2 32.4915
0.3317 1 2 32.5072
0.3333 1 2 32.5081
0.3349 1 2 32.6118
0.3365 1 2 32.5836
0.3381 1 2 32.5161
0.3397 1 2 32.4875
0.3413 1 2 32.5126
0.3429 1 2 32.545
0.3445 1 2 32.4926
0.3461 1 2 32.5601
0.3477 1 2 32.4776
0.3493 1 2 32.4554
0.3509 1 2 32.572
0.3525 1 2 32.4272
0.3541 1 2 32.5266
0.3557 1 2 32.4893
0.3573 1 2 32.5009
0.3589 1 2 32.44
0.3605 1 2 32.4976
0.3621 1 2 32.4365
0.3637 1 2 32.4965
0.3653 1 2 32.4766
0.3669 1 2 32.5364
0.3685 1 2 32.4669
0.3701 1 2 32.4647
0.3717 1 2 32.5498
0.3733 1 2 32.4599
0.3749 1 2 32.6445
0.3765 1 2 32.5635
0.3781 1 2 32.4912
0.3797 1 2 32.4952
0.3813 1 2 32.536
0.3829 1 2 32.453
0.3845 1 2 32.4883
0.3861 1 2 32.547
0.3877 1 2 32.557
0.3893 1 2 32.6058
0.3909 1 2 32.6694
0.3925 1 2 32.5281
0.3941 1 2 32.5542
0.3957 1 2 32.5125
0.3973 1 2 32.4608
0.3989 1 2 32.4337
0.4005 1 2 32.4104
0.4021 1 2 32.4903
0.4037 1 2 32.4463
0.4053 1 2 32.5495
0.4069 1 2 32.5288
0.4085 1 2 32.4691
0.4101 1 2 32.4771
0.4117 1 2 32.503
0.4133 1 2 32.5319
0.4149 1 2 32.4517
0.4165 1 2 32.5284
0.4181 1 2 32.5158
0.4197 1 2 32.5249
0.4213 1 2 32.4571
0.4229 1 2 32.4586
0.4245 1 2 32.4675
0.4261 1 2 32.5176
0.4277 1 2 32.5071
0.4293 1 2 32.5383
0.4309 1 2 32.4751
0.4325 1 2 32.519
0.4341 1 2 32.516
0.4357 1 2 32.5054
0.4373 1 2 32.5377
0.4389 1 2 32.4961
0.4405 1 2 32.529
0.4421 1 2 32.4564
0.4437 1 2 32.5502
0.4453 1 2 32.5531
0.4469 1 2 32.5027
0.4485 1 2 32.4958
0.4501 1 2 32.5324
0.4517 1 2 32.5237
0.4533 1 2 32.5088
0.4549 1 2 32.5369
0.4565 1 2 32.6259
0.4581 1 2 32.4932
0.4597 1 2 32.6266
0.4613 1 2 32.4346
0.4629 1 2 32.4767
0.4645 1 2 32.4771
0.4661 1 2 32.4828
0.4677 1 2 32.4457
0.4693 1 2 32.4281
0.4709 1 2 32.5517
0.4725 1 2 32.4503
0.4741 1 2 32.4558
0.4757 1 2 32.4962
0.4773 1 2 32.5563
0.4789 1 2 32.3884
0.4805 1 2 32.5027
0.4821 1 2 32.52
0.4837 1 2 32.3899
0.4853 1 2 32.4996
0.4869 1 2 32.5161
0.4885 1 2 32.5176
0.4901 1 2 32.4565
0.4917 1 2 32.5491
0.4933 1 2 32.5334
0.4949 1 2 32.5133
0.4965 1 2 32.4618
0.4981 1 2 32.5956
0.4997 1 2 32.6011
0.5013 1 2 32.6223
0.5029 1 2 32.4995
0.5045 1 2 32.6246
0.5061 1 2 32.5747
0.5077 1 2 32.4795
0.5093 1 2 32.556
0.5109 1 2 32.484
0.5125 1 2 32.4335
0.5141 1 2 32.5324
0.5157 1 2 32.5203
0.5173 1 2 32.6418
0.5189 1 2 32.4942
0.5205 1 2 32.5316
0.5221 1 2 32.457
0.5237 1 2 32.6113
0.5253 1 2 32.5858
0.5269 1 2 32.5733
0.5285 1 2 32.5205
0.5301 1 2 32.4742
0.5317 1 2 32.4562
0.5333 1 2 32.5009
0.5349 1 2 32.4938
0.5365 1 2 32.5576
0.5381 1 2 32.5459
0.5397 1 2 32.4702
0.5413 1 2 32.4695
0.5429 1 2 32.5231
0.5445 1 2 32.5089
0.5461 1 2 32.5362
0.5477 1 2 32.4549
0.5493 1 2 32.472
0.5509 1 2 32.4515
0.5525 1 2 32.4877
0.5541 1 2 32.5456
0.5557 1 2 32.5185
0.5573 1 2 32.5861
0.5589 1 2 32.4835
0.5605 1 2 32.556
0.5621 1 2 32.492
0.5637 1 2 32.6451
0.5653 1 2 32.5019
0.5669 1 2 32.4722
0.5685 1 2 32.5662
0.5701 1 2 32.6648
0.5717 1 2 32.4671
0.5733 1 2 32.4608
0.5749 1 2 32.5116
0.5765 1 2 32.4584
0.5781 1 2 32.5416
0.5797 1 2 32.6197
0.5813 1 2 32.5883
0.5829 1 2 32.4339
0.5845 1 2 32.459
0.5861 1 2 32.5641
0.5877 1 2 32.5826
0.5893 1 2 32.6204
0.5909 1 2 32.4201
0.5925 1 2 32.6287
0.5941 1 2 32.5261
0.5957 1 2 32.4708
0.5973 1 2 32.4919
0.5989 1 2 32.5294
0.6005 1 2 32.482
0.6021 1 2 32.5711
0.6037 1 2 32.6334
0.6053 1 2 32.4303
0.6069 1 2 32.5431
0.6085 1 2 32.499
0.6101 1 2 32.433
0.6117 1 2 32.5322
0.6133 1 2 32.5045
0.6149 1 2 32.4679
0.6165 1 2 32.5154
0.6181 1 2 32.5368
0.6197 1 2 32.4844
0.6213 1 2 32.524
0.6229 1 2 32.5974
0.6245 1 2 32.5089
0.6261 1 2 32.4742
0.6277 1 2 32.6186
0.6293 1 2 32.5481
0.6309 1 2 32.5382
0.6325 1 2 32.5365
0.6341 1 2 32.4507
0.6357 1 2 32.5473
0.6373 1 2 32.4568
0.6389 1 2 32.5055
0.6405 1 2 32.5518
0.6421 1 2 32.4647
0.6437 1 2 32.5413
0.6453 1 2 32.6098
0.6469 1 2 32.4753
0.6485 1 2 32.536
0.6501 1 2 32.5449
0.6517 1 2 32.5345
0.6533 1 2 32.5819
0.6549 1 2 32.5533
0.6565 1 2 32.4798
0.6581 1 2 32.4679
0.6597 1 2 32.489
0.6613 1 2 32.5465
0.6629 1 2 32.475
0.6645 1 2 32.4808
0.6661 1 2 32.4465
0.6677 1 2 32.4308
0.6693 1 2 32.524
0.6709 1 2 32.503
0.6725 1 2 32.5338
0.6741 1 2 32.4676
0.6757 1 2 32.4957
0.6773 1 2 32.5277
0.6789 1 2 32.4856
0.6805 1 2 32.5927
0.6821 1 2 32.5943
0.6837 1 2 32.5257
0.6853 1 2 32.4532
0.6869 1 2 32.5121
0.6885 1 2 32.5801
0.6901 1 2 32.5558
0.6917 1 2 32.5006
0.6933 1 2 32.6601
0.6949 1 2 32.5276
0.6965 1 2 32.5384
0.6981 1 2 32.5896
0.6997 1 2 32.5159
0.7013 1 2 32.5478
0.7029 1 2 32.5931
0.7045 1 2 32.5333
0.7061 1 2 32.5715
0.7077 1 2 32.6944
0.7093 1 2 32.6231
0.7109 1 2 32.4996
0.7125 1 2 32.5896
0.7141 1 2 32.5264
0.7157 1 2 32.5207
0.7173 1 2 32.4949
0.7189 1 2 32.44
0.7205 1 2 32.5056
0.7221 1 2 32.4804
0.7237 1 2 32.4926
0.7253 1 2 32.6011
0.7269 1 2 32.4698
0.7285 1 2 32.4011
0.7301 1 2 32.5297
0.7317 1 2 32.5637
0.7333 1 2 32.5813
0.7349 1 2 32.6219
0.7365 1 2 32.4351
0.7381 1 2 32.5624
0.7397 1 2 32.545
0.7413 1 2 32.5609
0.7429 1 2 32.4011
0.7445 1 2 32.4404
0.7461 1 2 32.572
0.7477 1 2 32.4901
0.7493 1 2 32.4905
0.7509 1 2 32.4629
0.7525 1 2 32.4358
0.7541 1 2 32.5231
0.7557 1 2 32.5228
0.7573 1 2 32.4534
0.7589 1 2 32.5884
0.7605 1 2 32.5249
0.7621 1 2 32.4917
0.7637 1 2 32.5107
0.7653 1 2 32.4709
0.7669 1 2 32.6198
0.7685 1 2 32.4477
0.7701 1 2 32.6143
0.7717 1 2 32.6062
0.7733 1 2 32.466
0.7749 1 2 32.5917
0.7765 1 2 32.5876
0.7781 1 2 32.4909
0.7797 1 2 32.524
0.7813 1 2 32.553
0.7829 1 2 32.5578
0.7845 1 2 32.5125
0.7861 1 2 32.5022
0.7877 1 2 32.5485
0.7893 1 2 32.5837
0.7909 1 2 32.5333
0.7925 1 2 32.5283
0.7941 1 2 32.5256
0.7957 1 2 32.4971
0.7973 1 2 32.5041
0.7989 1 2 32.4905
0.8005 1 2 32.4181
0.8021 1 2 32.5315
0.8037 1 2 32.6083
0.8053 1 2 32.4962
0.8069 1 2 32.4973
0.8085 1 2 32.4524
0.8101 1 2 32.5506
0.8117 1 2 32.4277
0.8133 1 2 32.5035
0.8149 1 2 32.4221
0.8165 1 2 32.5157
0.8181 1 2 32.5187
0.8197 1 2 32.5543
0.8213 1 2 32.5072
0.8229 1 2 32.633
0.8245 1 2 32.5374
0.8261 1 2 32.5063
0.8277 1 2 32.4534
0.8293 1 2 32.5219
0.8309 1 2 32.3857
0.8325 1 2 32.469
0.8341 1 2 32.5152
0.8357 1 2 32.5273
0.8373 1 2 32.5728
0.8389 1 2 32.536
0.8405 1 2 32.5319
0.8421 1 2 32.4844
0.8437 1 2 32.5725
0.8453 1 2 32.5281
0.8469 1 2 32.5278
0.8485 1 2 32.6001
0.8501 1 2 32.5056
0.8517 1 2 32.5141
0.8533 1 2 32.5544
0.8549 1 2 32.4733
0.8565 1 2 32.448
0.8581 1 2 32.6515
0.8597 1 2 32.4676
0.8613 1 2 32.5942
0.8629 1 2 32.5087
0.8645 1 2 32.5519
0.8661 1 2 32.5267
0.8677 1 2 32.5384
0.8693 1 2 32.5508
0.8709 1 2 32.5472
0.8725 1 2 32.4506
0.8741 1 2 32.4695
0.8757 1 2 32.6043
0.8773 1 2 32.5805
0.8789 1 2 32.5531
0.8805 1 2 32.5081
0.8821 1 2 32.4543
0.8837 1 2 32.6131
0.8853 1 2 32.5554
0.8869 1 2 32.6426
0.8885 1 2 32.5195
0.8901 1 2 32.5262
0.8917 1 2 32.5164
0.8933 1 2 32.5677
0.8949 1 2 32.526
0.8965 1 2 32.5745
0.8981 1 2 32.5871
0.8997 1 2 32.6126
0.9013 1 2 32.495
0.9029 1 2 32.4977
0.9045 1 2 32.4731
0.9061 1 2 32.5372
0.9077 1 2 32.5446
0.9093 1 2 32.4856
0.9109 1 2 32.5182
0.9125 1 2 32.5106
0.9141 1 2 32.5322
0.9157 1 2 32.5077
0.9173 1 2 32.5495
0.9189 1 2 32.4512
0.9205 1 2 32.5285
0.9221 1 2 32.5229
0.9237 1 2 32.415
0.9253 1 2 32.4582
0.9269 1 2 32.5564
0.9285 1 2 32.504
0.9301 1 2 32.5762
0.9317 1 2 32.548
0.9333 1 2 32.5503
0.9349 1 2 32.5691
0.9365 1 2 32.5294
0.9381 1 2 32.5403
0.9397 1 2 32.5251
0.9413 1 2 32.4679
0.9429 1 2 32.511
0.9445 1 2 32.4635
0.9461 1 2 32.493
0.9477 1 2 32.4412
0.9493 1 2 32.5615
0.9509 1 2 32.5814
0.9525 1 2 32.4551
0.9541 1 2 32.5262
0.9557 1 2 32.4601
0.9573 1 2 32.487
0.9589 1 2 32.5154
0.9605 1 2 32.5358
0.9621 1 2 32.5215
0.9637 1 2 32.4732
0.9653 1 2 32.4527
0.9669 1 2 32.5514
0.9685 1 2 32.5146
0.9701 1 2 32.4978
0.9717 1 2 32.5369
0.9733 1 2 32.4365
0.9749 1 2 32.5439
0.9765 1 2 32.4716
0.9781 1 2 32.491
0.9797 1 2 32.4343
0.9813 1 2 32.5015
0.9829 1 2 32.5392
0.9845 1 2 32.4977
0.9861 1 2 32.4163
0.9877 1 2 32.597
0.9893 1 2 32.4602
0.9909 1 2 32.5297
0.9925 1 2 32.5534
0.9941 1 2 32.5015
0.9957 1 2 32.5482
0.9973 1 2 32.4959
0.9989 1 2 32.5076
1.0005 1 2 32.4315
1.0021 1 2 32.173
1.0037 1 2 31.3315
1.0053 1 2 31.6599
1.0069 1 2 31.5919
1.0085 1 2 31.5198
1.0101 1 2 31.8244
1.0117 1 2 31.9586
1.0133 1 2 31.9916
1.0149 1 2 32.1903
1.0165 1 2 32.3223
1.0181 1 2 32.0743
1.0197 1 2 32.3356
1.0213 1 2 32.4571
1.0229 1 2 32.3196
1.0245 1 2 31.598
1.0261 1 2 32.2124
1.0277 1 2 32.3549
1.0293 1 2 32.556
1.0309 1 2 32.2561
1.0325 1 2 32.2898
1.0341 1 2 32.4282
1.0357 1 2 32.294
1.0373 1 2 32.7152
1.0389 1 2 33.1459
1.0405 1 2 33.2344
1.0421 1 2 33.8559
1.0437 1 2 33.3387
1.0453 1 2 33.4024
1.0469 1 2 33.3245
1.0485 1 2 33.369
1.0501 1 2 33.6517
1.0517 1 2 33.8888
1.0533 1 2 34.3494
1.0549 1 2 34.268
1.0565 1 2 34.055
1.0581 1 2 34.4949
1.0597 1 2 34.121
1.0613 1 2 34.0904
1.0629 1 2 34.4427
1.0645 1 2 34.2171
1.0661 1 2 33.5383
1.0677 1 2 -5.03879
1.0693 1 2 -4.70295
1.0709 1 2 -3.60522
1.0725 1 2 -4.92058
1.0741 1 2 -3.78346
1.0757 1 2 -4.46333
1.0773 1 2 -4.82123
1.0789 1 2 -2.6948
1.0805 1 2 -3.28458
1.0821 1 2 -4.75722
1.0837 1 2 -3.1062
1.0853 1 2 -0.573999
1.0869 1 2 -1.80527
1.0885 1 2 -2.40058
1.0901 1 2 -3.71273
1.0917 1 2 0.134084
1.0933 1 2 -2.61086
1.0949 1 2 -4.0498
1.0965 1 2 -5.23363
1.0981 1 2 -3.73659
1.0997 1 2 -3.36995
1.1013 1 2 -4.90099
1.1029 1 2 -1.31797
1.1045 1 2 -2.60283
1.1061 1 2 -5.30848
1.1077 1 2 -3.17994
1.1093 1 2 -5.17738
1.1109 1 2 -7.34506
1.1125 1 2 -6.63858
1.1141 1 2 -8.93628
1.1157 1 2 -2.72377
1.1173 1 2 -6.93815
1.1189 1 2 -7.50187
1.1205 1 2 -5.47757
1.1221 1 2 -5.56834
1.1237 1 2 -4.2428
1.1253 1 2 -4.98008
1.1269 1 2 -6.20387
1.1285 1 2 -6.42935
1.1301 1 2 -8.09919
1.1317 1 2 -7.16077
1.1333 1 2 -8.18273
1.1349 1 2 -5.70781
1.1365 1 2 -6.71629
1.1381 1 2 -7.42575
1.1397 1 2 -6.54608
1.1413 1 2 -6.06571
1.1429 1 2 -7.52649
1.1445 1 2 -9.25431
1.1461 1 2 -8.4766
1.1477 1 2 -7.18225
1.1493 1 2 -7.39551
1.1509 1 2 -10.7296
1.1525 1 2 -10.563
1.1541 1 2 -7.66989
1.1557 1 2 -7.98683
1.1573 1 2 -6.95268
1.1589 1 2 -9.1734
1.1605 1 2 -6.51654
1.1621 1 2 -8.73857
1.1637 1 2 -10.9722
1.1653 1 2 -8.87091
1.1669 1 2 -7.54351
1.1685 1 2 -9.03287
1.1701 1 2 -9.48507
1.1717 1 2 -8.57769
1.1733 1 2 -8.08529
1.1749 1 2 -8.36144
1.1765 1 2 -6.72515
1.1781 1 2 -8.7962
1.1797 1 2 -9.07571
1.1813 1 2 -7.33825
1.1829 1 2 -7.83123
1.1845 1 2 -8.38409
1.1861 1 2 -8.96172
1.1877 1 2 -6.11891
1.1893 1 2 -5.88251
1.1909 1 2 -6.99426
1.1925 1 2 -10.0542
1.1941 1 2 -8.56127
1.1957 1 2 -8.7683
1.1973 1 2 -11.2831
1.1989 1 2 -12.0935
1.2005 1 2 -9.66102
1.2021 1 2 -7.48276
1.2037 1 2 -8.85829
1.2053 1 2 -9.72212
1.2069 1 2 -9.30096
1.2085 1 2 -11.1229
1.2101 1 2 -9.87171
1.2117 1 2 -7.78649
1.2133 1 2 -6.3862
1.2149 1 2 -8.75001
1.2165 1 2 -7.60056
1.2181 1 2 -8.68889
1.2197 1 2 -9.92468
1.2213 1 2 -10.2406
1.2229 1 2 -9.57761
1.2245 1 2 -8.78817
1.2261 1 2 -9.25123
1.2277 1 2 -12.0227
1.2293 1 2 -9.40007
1.2309 1 2 -7.51647
1.2325 1 2 -8.17159
1.2341 1 2 -6.07002
1.2357 1 2 -7.44509
1.2373 1 2 -6.21137
1.2389 1 2 -2.55026
1.2405 1 2 -1.42856
1.2421 1 2 -4.01423
1.2437 1 2 -6.05892
1.2453 1 2 -3.11725
1.2469 1 2 -1.69163
1.2485 1 2 -4.5122
1.2501 1 2 -2.39992
1.2517 1 2 -6.65087
1.2533 1 2 -5.16396
1.2549 1 2 -7.3958
1.2565 1 2 -2.65479
1.2581 1 2 -2.57414
1.2597 1 2 0.905803
1.2613 1 2 -3.58479
1.2629 1 2 -2.46194
1.2645 1 2 -5.03602
1.2661 1 2 -3.13415
1.2677 1 2 -5.01858
1.2693 1 2 -2.16904
1.2709 1 2 -4.2964
1.2725 1 2 -1.51014
1.2741 1 2 0.62426
1.2757 1 2 4.27656
1.2773 1 2 -3.33207
1.2789 1 2 -1.18822
1.2805 1 2 -3.06721
1.2821 1 2 -2.13653
1.2837 1 2 2.39417
1.2853 1 2 4.72075
1.2869 1 2 -0.729055
1.2885 1 2 10.9486
1.2901 1 2 -0.5188
1.2917 1 2 3.04156
1.2933 1 2 6.85978
1.2949 1 2 0.143263
1.2965 1 2 1.64141
1.2981 1 2 4.16064
1.2997 1 2 6.83029
1.3013 1 2 3.47197
1.3029 1 2 -0.683702
1.3045 1 2 -0.795784
1.3061 1 2 5.74393
1.3077 1 2 -1.96923
1.3093 1 2 6.24129
1.3109 1 2 7.37447
1.3125 1 2 8.3469
1.3141 1 2 -2.21938
1.3157 1 2 -2.85764
1.3173 1 2 -2.26
1.3189 1 2 6.41278
1.3205 1 2 -0.931305
1.3221 1 2 6.16209
1.3237 1 2 3.84181
1.3253 1 2 1.6672
1.3269 1 2 -2.77828
1.3285 1 2 -7.54092
1.3301 1 2 -2.42227
1.3317 1 2 2.58795
1.3333 1 2 -5.57741
1.3349 1 2 33.8222
1.3365 1 2 35.2831
1.3381 1 2 32.636
1.3397 1 2 31.5933
1.3413 1 2 37.4015
1.3429 1 2 36.2345
1.3445 1 2 32.9608
1.3461 1 2 32.5656
1.3477 1 2 36.1182
1.3493 1 2 32.8396
1.3509 1 2 38.7746
1.3525 1 2 34.2495
1.3541 1 2 35.771
1.3557 1 2 37.0917
1.3573 1 2 37.8147
1.3589 1 2 34.1659
1.3605 1 2 35.6249
1.3621 1 2 37.3823
1.3637 1 2 35.1874
1.3653 1 2 37.5962
1.3669 1 2 35.8405
1.3685 1 2 36.3198
1.3701 1 2 35.1448
1.3717 1 2 35.3526
1.3733 1 2 37.5593
1.3749 1 2 40.9909
1.3765 1 2 39.8676
1.3781 1 2 36.7677
1.3797 1 2 35.7655
1.3813 1 2 37.9817
1.3829 1 2 36.331
1.3845 1 2 35.9243
1.3861 1 2 37.9529
1.3877 1 2 37.4564
1.3893 1 2 35.4606
1.3909 1 2 39.1677
1.3925 1 2 37.1129
1.3941 1 2 39.232
1.3957 1 2 40.0004
1.3973 1 2 38.159
1.3989 1 2 37.7764
1.4005 1 2 36.451
1.4021 1 2 36.267
1.4037 1 2 38.3861
1.4053 1 2 37.4827
1.4069 1 2 38.5278
1.4085 1 2 37.4825
1.4101 1 2 38.2942
1.4117 1 2 37.91
1.4133 1 2 36.2991
1.4149 1 2 38.2531
1.4165 1 2 38.4585
1.4181 1 2 35.2564
1.4197 1 2 36.7194
1.4213 1 2 36.7414
1.4229 1 2 36.2446
1.4245 1 2 37.8287
1.4261 1 2 37.3739
1.4277 1 2 35.8626
1.4293 1 2 38.9072
1.4309 1 2 37.7614
1.4325 1 2 39.7107
1.4341 1 2 35.4627
1.4357 1 2 36.5408
1.4373 1 2 35.1422
1.4389 1 2 38.1734
1.4405 1 2 37.4647
1.4421 1 2 36.6939
1.4437 1 2 34.0888
1.4453 1 2 33.4947
1.4469 1 2 29.409
1.4485 1 2 32.5543
1.4501 1 2 29.7514
1.4517 1 2 29.6201
1.4533 1 2 32.7925
1.4549 1 2 27.8843
1.4565 1 2 28.0098
1.4581 1 2 28.457
1.4597 1 2 32.0864
1.4613 1 2 30.8691
1.4629 1 2 31.1123
1.4645 1 2 27.7253
1.4661 1 2 29.2743
1.4677 1 2 26.9488
1.4693 1 2 27.7227
1.4709 1 2 22.4827
1.4725 1 2 27.996
1.4741 1 2 19.7409
1.4757 1 2 18.6776
1.4773 1 2 15.2424
1.4789 1 2 15.3622
1.4805 1 2 27.5517
1.4821 1 2 23.8433
1.4837 1 2 12.8657
1.4853 1 2 20.8424
1.4869 1 2 22.0329
1.4885 1 2 20.9688
1.4901 1 2 20.1476
1.4917 1 2 19.1838
1.4933 1 2 19.6849
1.4949 1 2 20.8535
1.4965 1 2 12.2868
1.4981 1 2 13.7291
1.4997 1 2 13.6315
1.5013 1 2 17.86
1.5029 1 2 15.6622
1.5045 1 2 17.7
1.5061 1 2 16.296
1.5077 1 2 17.2834
1.5093 1 2 21.1295
1.5109 1 2 19.7533
1.5125 1 2 18.0648
1.5141 1 2 18.3101
1.5157 1 2 21.8289
1.5173 1 2 22.3374
1.5189 1 2 23.1577
1.5205 1 2 22.3754
1.5221 1 2 23.7249
1.5237 1 2 23.3324
1.5253 1 2 22.9829
1.5269 1 2 22.3763
1.5285 1 2 24.4789
1.5301 1 2 23.8989
1.5317 1 2 22.3245
1.5333 1 2 22.018
1.5349 1 2 23.456
1.5365 1 2 23.632
1.5381 1 2 23.9525
1.5397 1 2 23.9988
1.5413 1 2 23.2831
1.5429 1 2 22.91
1.5445 1 2 22.8435
1.5461 1 2 22.015
1.5477 1 2 21.9139
1.5493 1 2 22.6102
1.5509 1 2 22.4591
1.5525 1 2 22.4834
1.5541 1 2 22.9237
1.5557 1 2 23.8598
1.5573 1 2 23.9546
1.5589 1 2 23.6273
1.5605 1 2 23.7724
1.5621 1 2 24.3918
1.5637 1 2 24.4478
1.5653 1 2 25.3416
1.5669 1 2 25.723
1.5685 1 2 25.8084
1.5701 1 2 25.9048
1.5717 1 2 26.3711
1.5733 1 2 25.8612
1.5749 1 2 26.2511
1.5765 1 2 25.2841
1.5781 1 2 26.9382
1.5797 1 2 27.2106
1.5813 1 2 26.8976
1.5829 1 2 27.493
1.5845 1 2 28.7545
1.5861 1 2 28.7544
1.5877 1 2 28.405
1.5893 1 2 28.91
1.5909 1 2 27.9233
1.5925 1 2 28.4304
1.5941 1 2 27.9725
1.5957 1 2 27.9052
1.5973 1 2 28.0394
1.5989 1 2 28.9921
1.6005 1 2 28.8432
1.6021 1 2 28.9739
1.6037 1 2 28.1089
1.6053 1 2 28.9709
1.6069 1 2 29.5285
1.6085 1 2 29.0355
1.6101 1 2 28.7023
1.6117 1 2 27.9595
1.6133 1 2 26.7808
1.6149 1 2 27.303
1.6165 1 2 26.7219
1.6181 1 2 27.5258
1.6197 1 2 26.8869
1.6213 1 2 27.4108
1.6229 1 2 27.0849
1.6245 1 2 27.5101
1.6261 1 2 27.3244
1.6277 1 2 27.5231
1.6293 1 2 27.2753
1.6309 1 2 27.9654
1.6325 1 2 28.5923
1.6341 1 2 28.1271
1.6357 1 2 27.3352
1.6373 1 2 27.8175
1.6389 1 2 27.9114
1.6405 1 2 27.2565
1.6421 1 2 27.4845
1.6437 1 2 26.9169
1.6453 1 2 26.9189
1.6469 1 2 27.1352
1.6485 1 2 27.3074
1.6501 1 2 27.2042
1.6517 1 2 26.1232
1.6533 1 2 25.8816
1.6549 1 2 25.6302
1.6565 1 2 25.257
1.6581 1 2 24.7864
1.6597 1 2 24.2219
1.6613 1 2 24.2604
1.6629 1 2 23.9632
1.6645 1 2 23.5526
1.6661 1 2 23.051
1.6677 1 2 22.563
1.6693 1 2 22.3792
1.6709 1 2 22.4866
1.6725 1 2 21.7917
1.6741 1 2 21.1618
1.6757 1 2 20.7492
1.6773 1 2 20.0064
1.6789 1 2 20.784
1.6805 1 2 20.9475
1.6821 1 2 21.2709
1.6837 1 2 21.1339
1.6853 1 2 21.8551
1.6869 1 2 20.8026
1.6885 1 2 20.5984
1.6901 1 2 19.7012
1.6917 1 2 20.1165
1.6933 1 2 19.4094
1.6949 1 2 18.6981
1.6965 1 2 18.7107
1.6981 1 2 18.5896
1.6997 1 2 18.1689
1.7013 1 2 17.7959
1.7029 1 2 17.0502
1.7045 1 2 17.9303
1.7061 1 2 17.7289
1.7077 1 2 17.3746
1.7093 1 2 16.7341
1.7109 1 2 16.8883
1.7125 1 2 17.1576
1.7141 1 2 16.8747
1.7157 1 2 16.1159
1.7173 1 2 16.0465
1.7189 1 2 14.8442
1.7205 1 2 14.9947
1.7221 1 2 14.54
1.7237 1 2 13.9642
1.7253 1 2 13.57
1.7269 1 2 12.5325
1.7285 1 2 11.6996
1.7301 1 2 12.2047
1.7317 1 2 10.8095
1.7333 1 2 11.0975
1.7349 1 2 10.112
1.7365 1 2 9.70752
1.7381 1 2 8.48984
1.7397 1 2 8.2177
1.7413 1 2 7.88405
1.7429 1 2 7.57098
1.7445 1 2 7.7538
1.7461 1 2 6.85702
1.7477 1 2 6.70578
1.7493 1 2 6.1661
1.7509 1 2 5.73376
1.7525 1 2 4.90289
1.7541 1 2 3.79794
1.7557 1 2 3.22498
1.7573 1 2 2.65767
1.7589 1 2 1.08278
1.7605 1 2 0.401513
1.7621 1 2 -0.0235011
1.7637 1 2 0.595871
1.7653 1 2 -1.9076
1.7669 1 2 -4.79433
1.7685 1 2 -4.04731
1.7701 1 2 -2.29541
1.7717 1 2 -4.03764
1.7733 1 2 0.767112
1.7749 1 2 -3.52111
1.7765 1 2 0.216823
1.7781 1 2 -3.16507
1.7797 1 2 0.284247
1.7813 1 2 -0.109078
1.7829 1 2 5.56825
1.7845 1 2 3.40675
1.7861 1 2 4.54146
1.7877 1 2 5.26117
1.7893 1 2 6.06855
1.7909 1 2 6.64952
1.7925 1 2 7.20452
1.7941 1 2 8.11992
1.7957 1 2 8.33054
1.7973 1 2 8.74297
1.7989 1 2 10.0506
1.8005 1 2 10.8224
1.8021 1 2 11.1243
1.8037 1 2 11.4351
1.8053 1 2 10.9763
1.8069 1 2 12.1051
1.8085 1 2 12.1949
1.8101 1 2 12.839
1.8117 1 2 12.7374
1.8133 1 2 12.6075
1.8149 1 2 13.6962
1.8165 1 2 14.127
1.8181 1 2 14.4083
1.8197 1 2 14.6355
1.8213 1 2 14.3356
1.8229 1 2 15.1353
1.8245 1 2 15.3614
1.8261 1 2 15.725
1.8277 1 2 16.2165
1.8293 1 2 15.3658
1.8309 1 2 15.9845
1.8325 1 2 15.7167
1.8341 1 2 15.8191
1.8357 1 2 16.1862
1.8373 1 2 16.1599
1.8389 1 2 16.5342
1.8405 1 2 17.2183
1.8421 1 2 17.8265
1.8437 1 2 17.5039
1.8453 1 2 17.7418
1.8469 1 2 17.9527
1.8485 1 2 18.3804
1.8501 1 2 18.5008
1.8517 1 2 18.5078
1.8533 1 2 19.0521
1.8549 1 2 18.8175
1.8565 1 2 18.7024
1.8581 1 2 19.3995
1.8597 1 2 19.0602
1.8613 1 2 19.2484
1.8629 1 2 19.2404
1.8645 1 2 19.4853
1.8661 1 2 19.9896
1.8677 1 2 20.3928
1.8693 1 2 20.5543
1.8709 1 2 20.7591
1.8725 1 2 20.2094
1.8741 1 2 20.6488
1.8757 1 2 20.4504
1.8773 1 2 19.5825
1.8789 1 2 19.875
1.8805 1 2 19.8478
1.8821 1 2 19.5252
1.8837 1 2 19.0323
1.8853 1 2 20.0527
1.8869 1 2 19.9393
1.8885 1 2 20.1049
1.8901 1 2 20.3691
1.8917 1 2 20.6936
1.8933 1 2 21.5381
1.8949 1 2 21.4514
1.8965 1 2 21.0695
1.8981 1 2 21.4081
1.8997 1 2 21.5921
1.9013 1 2 21.7636
1.9029 1 2 22.3111
1.9045 1 2 22.3589
1.9061 1 2 22.5404
1.9077 1 2 22.2763
1.9093 1 2 22.3199
1.9109 1 2 22.746
1.9125 1 2 22.6515
1.9141 1 2 23.0125
1.9157 1 2 23.0845
1.9173 1 2 23.4619
1.9189 1 2 23.4121
1.9205 1 2 23.9563
1.9221 1 2 24.2077
1.9237 1 2 24.4607
1.9253 1 2 24.3935
1.9269 1 2 24.2879
1.9285 1 2 24.3719
1.9301 1 2 23.9693
1.9317 1 2 23.9336
1.9333 1 2 24.3959
1.9349 1 2 24.3702
1.9365 1 2 24.5121
1.9381 1 2 24.8392
1.9397 1 2 25.3852
1.9413 1 2 25.9188
1.9429 1 2 26.8985
1.9445 1 2 26.8109
1.9461 1 2 26.9308
1.9477 1 2 27.5368
1.9493 1 2 28.1058
1.9509 1 2 28.1675
1.9525 1 2 28.0289
1.9541 1 2 27.9766
1.9557 1 2 28.5693
1.9573 1 2 28.7792
1.9589 1 2 28.6581
1.9605 1 2 29.0879
1.9621 1 2 28.9503
1.9637 1 2 27.9324
1.9653 1 2 28.0697
1.9669 1 2 28.1078
1.9685 1 2 28.0425
1.9701 1 2 28.4195
1.9717 1 2 28.7023
1.9733 1 2 28.934
1.9749 1 2 28.8857
1.9765 1 2 29.0427
1.9781 1 2 29.5207
1.9797 1 2 28.9966
1.9813 1 2 28.6829
1.9829 1 2 28.1672
1.9845 1 2 28.0556
1.9861 1 2 28.7385
1.9877 1 2 28.3798
1.9893 1 2 28.7304
1.9909 1 2 27.9574
1.9925 1 2 27.8433
1.9941 1 2 28.232
1.9957 1 2 28.1985
1.9973 1 2 28.0072
1.9989 1 2 27.6433
2.0005 1 2 27.6217
2.0021 1 2 27.4883
2.0037 1 2 27.5526
2.0053 1 2 27.1139
2.0069 1 2 26.1597
2.0085 1 2 26.4815
2.0101 1 2 26.3414
2.0117 1 2 26.6942
2.0133 1 2 26.9216
2.0149 1 2 27.4287
2.0165 1 2 27.2442
2.0181 1 2 27.4157
2.0197 1 2 27.5398
2.0213 1 2 27.6201
2.0229 1 2 27.2505
2.0245 1 2 27.1226
2.0261 1 2 27.1637
2.0277 1 2 27.2704
2.0293 1 2 26.5933
2.0309 1 2 26.9136
2.0325 1 2 27.2648
2.0341 1 2 27.2778
2.0357 1 2 27.6455
2.0373 1 2 28.0285
2.0389 1 2 28.2507
2.0405 1 2 28.712
2.0421 1 2 28.6293
2.0437 1 2 28.2317
2.0453 1 2 27.7396
2.0469 1 2 27.7803
2.0485 1 2 27.5088
2.0501 1 2 26.7841
2.0517 1 2 26.33
2.0533 1 2 25.9312
2.0549 1 2 26.1691
2.0565 1 2 26.2475
2.0581 1 2 26.7952
2.0597 1 2 26.723
2.0613 1 2 26.6996
2.0629 1 2 26.8513
2.0645 1 2 26.9887
2.0661 1 2 27.6422
2.0677 1 2 27.9137
2.0693 1 2 28.4339
2.0709 1 2 28.3252
2.0725 1 2 28.6981
2.0741 1 2 28.3776
2.0757 1 2 28.5937
2.0773 1 2 28.4454
2.0789 1 2 28.6092
2.0805 1 2 28.5301
2.0821 1 2 28.536
2.0837 1 2 28.3183
2.0853 1 2 28.0191
2.0869 1 2 27.5282
2.0885 1 2 27.2469
2.0901 1 2 27.6235
2.0917 1 2 27.2043
2.0933 1 2 26.4008
2.0949 1 2 26.551
2.0965 1 2 26.5987
2.0981 1 2 26.0005
2.0997 1 2 26.058
2.1013 1 2 26.6715
2.1029 1 2 26.1264
2.1045 1 2 26.3056
2.1061 1 2 26.2465
2.1077 1 2 25.7322
2.1093 1 2 25.9055
2.1109 1 2 25.6652
2.1125 1 2 25.298
2.1141 1 2 25.4555
2.1157 1 2 25.3574
2.1173 1 2 25.2217
2.1189 1 2 25.1699
2.1205 1 2 25.0308
2.1221 1 2 24.8649
2.1237 1 2 24.3283
2.1253 1 2 24.3794
2.1269 1 2 24.3584
2.1285 1 2 24.6524
2.1301 1 2 24.6916
2.1317 1 2 24.3941
2.1333 1 2 24.5019
2.1349 1 2 24.3206
2.1365 1 2 23.7333
2.1381 1 2 24.3036
2.1397 1 2 24.7769
2.1413 1 2 25.2241
2.1429 1 2 25.6981
2.1445 1 2 25.7166
2.1461 1 2 25.4544
2.1477 1 2 25.4133
2.1493 1 2 25.1
2.1509 1 2 24.8967
2.1525 1 2 24.4471
2.1541 1 2 23.827
2.1557 1 2 24.0796
2.1573 1 2 23.8675
2.1589 1 2 24.3481
2.1605 1 2 24.5085
2.1621 1 2 23.8722
2.1637 1 2 24.249
2.1653 1 2 24.3433
2.1669 1 2 24.5546
2.1685 1 2 24.519
2.1701 1 2 24.3701
2.1717 1 2 25.2538
2.1733 1 2 25.4299
2.1749 1 2 25.2331
2.1765 1 2 25.9309
2.1781 1 2 25.9924
2.1797 1 2 25.4242
2.1813 1 2 25.0265
2.1829 1 2 24.7167
2.1845 1 2 24.4356
2.1861 1 2 24.2837
2.1877 1 2 24.4587
2.1893 1 2 24.2133
2.1909 1 2 24.4067
2.1925 1 2 24.979
2.1941 1 2 24.7442
2.1957 1 2 24.3933
2.1973 1 2 24.2417
2.1989 1 2 24.1519
2.2005 1 2 24.501
2.2021 1 2 24.8234
2.2037 1 2 24.4471
2.2053 1 2 24.6867
2.2069 1 2 24.4758
2.2085 1 2 24.1479
2.2101 1 2 23.623
2.2117 1 2 23.0724
2.2133 1 2 23.1554
2.2149 1 2 23.4487
2.2165 1 2 23.0808
2.2181 1 2 23.0489
2.2197 1 2 23.1157
2.2213 1 2 23.5403
2.2229 1 2 23.2309
2.2245 1 2 22.9453
2.2261 1 2 23.1945
2.2277 1 2 22.7994
2.2293 1 2 22.6666
2.2309 1 2 22.8766
2.2325 1 2 23.567
2.2341 1 2 23.2544
2.2357 1 2 23.2632
2.2373 1 2 23.1566
2.2389 1 2 22.5454
2.2405 1 2 22.6089
2.2421 1 2 23.1132
2.2437 1 2 22.8788
2.2453 1 2 22.8878
2.2469 1 2 22.7905
2.2485 1 2 22.6764
2.2501 1 2 23.4084
2.2517 1 2 23.6324
2.2533 1 2 23.5415
2.2549 1 2 23.8324
2.2565 1 2 23.1802
2.2581 1 2 22.5006
2.2597 1 2 22.0095
2.2613 1 2 22.7376
2.2629 1 2 22.4526
2.2645 1 2 21.8735
2.2661 1 2 21.4829
2.2677 1 2 21.9925
2.2693 1 2 21.66
2.2709 1 2 21.0521
2.2725 1 2 21.1159
2.2741 1 2 20.6757
2.2757 1 2 20.178
2.2773 1 2 19.9341
2.2789 1 2 19.9161
2.2805 1 2 19.9112
2.2821 1 2 20.0919
2.2837 1 2 19.2452
2.2853 1 2 19.2373
2.2869 1 2 19.6999
2.2885 1 2 19.7036
2.2901 1 2 19.1707
2.2917 1 2 18.8791
2.2933 1 2 18.5343
2.2949 1 2 18.4502
2.2965 1 2 18.2045
2.2981 1 2 18.1841
2.2997 1 2 17.9152
2.3013 1 2 18.7474
2.3029 1 2 18.651
2.3045 1 2 18.4211
2.3061 1 2 17.4963
2.3077 1 2 17.7274
2.3093 1 2 18.224
2.3109 1 2 17.9065
2.3125 1 2 17.3532
2.3141 1 2 16.5851
2.3157 1 2 16.6349
2.3173 1 2 16.4055
2.3189 1 2 16.474
2.3205 1 2 15.6354
2.3221 1 2 15.734
2.3237 1 2 15.8783
2.3253 1 2 15.7103
2.3269 1 2 15.4034
2.3285 1 2 15.0318
2.3301 1 2 14.8917
2.3317 1 2 15.0683
2.3333 1 2 15.3474
2.3349 1 2 15.2786
2.3365 1 2 15.3413
2.3381 1 2 15.7596
2.3397 1 2 15.0998
2.3413 1 2 15.057
2.3429 1 2 14.7801
2.3445 1 2 13.5195
2.3461 1 2 13.7426
2.3477 1 2 13.4383
2.3493 1 2 13.1517
2.3509 1 2 13.0549
2.3525 1 2 13.5147
2.3541 1 2 13.0325
2.3557 1 2 12.6912
2.3573 1 2 13.1615
2.3589 1 2 13.5688
2.3605 1 2 13.9202
2.3621 1 2 13.4734
2.3637 1 2 12.8657
2.3653 1 2 13.3662
2.3669 1 2 13.4088
2.3685 1 2 13.8904
2.3701 1 2 14.5638
2.3717 1 2 14.3095
2.3733 1 2 14.398
2.3749 1 2 14.6299
2.3765 1 2 14.662
2.3781 1 2 13.8986
2.3797 1 2 12.9887
2.3813 1 2 12.4631
2.3829 1 2 11.9912
2.3845 1 2 12.2196
2.3861 1 2 12.0658
2.3877 1 2 11.9306
2.3893 1 2 11.7156
2.3909 1 2 11.9811
2.3925 1 2 11.5663
2.3941 1 2 11.0701
2.3957 1 2 11.1545
2.3973 1 2 10.5757
2.3989 1 2 10.7248
2.4005 1 2 10.3627
2.4021 1 2 10.2386
2.4037 1 2 10.1629
2.4053 1 2 10.2719
2.4069 1 2 8.85334
2.4085 1 2 9.26794
2.4101 1 2 9.67879
2.4117 1 2 10.1553
2.4133 1 2 10.0381
2.4149 1 2 10.1582
2.4165 1 2 9.71387
2.4181 1 2 9.92105
2.4197 1 2 10.0822
2.4213 1 2 10.2917
2.4229 1 2 9.93513
2.4245 1 2 9.92891
2.4261 1 2 9.55526
2.4277 1 2 8.82046
2.4293 1 2 8.67407
2.4309 1 2 8.84653
2.4325 1 2 8.02227
2.4341 1 2 7.90278
2.4357 1 2 7.65863
2.4373 1 2 6.86962
2.4389 1 2 6.72567
2.4405 1 2 7.06533
2.4421 1 2 6.68976
2.4437 1 2 5.68628
2.4453 1 2 5.46677
2.4469 1 2 5.79579
2.4485 1 2 5.5762
2.4501 1 2 5.55355
2.4517 1 2 5.37375
2.4533 1 2 5.12017
2.4549 1 2 3.65592
2.4565 1 2 3.85243
2.4581 1 2 2.88754
2.4597 1 2 2.401
2.4613 1 2 1.90014
2.4629 1 2 1.61985
2.4645 1 2 1.26942
2.4661 1 2 0.0827254
2.4677 1 2 -0.937057
2.4693 1 2 -0.874876
2.4709 1 2 -1.2715
2.4725 1 2 -1.26314
2.4741 1 2 -2.88004
2.4757 1 2 -3.42636
2.4773 1 2 -3.72187
2.4789 1 2 -3.59657
2.4805 1 2 -3.90241
2.4821 1 2 -6.45404
2.4837 1 2 -8.22193
2.4853 1 2 -10.103
2.4869 1 2 -11.7342
2.4885 1 2 -8.9252
2.4901 1 2 -7.98808
2.4917 1 2 -5.84999
2.4933 1 2 -4.87315
2.4949 1 2 -1.96902
2.4965 1 2 -1.85308
2.4981 1 2 -0.0542977
2.4997 1 2 1.14292
2.5013 1 2 1.87473
2.5029 1 2 3.33355
2.5045 1 2 3.14195
2.5061 1 2 3.84158
2.5077 1 2 4.56965
2.5093 1 2 4.65952
2.5109 1 2 6.0039
2.5125 1 2 6.02167
2.5141 1 2 6.71575
2.5157 1 2 7.40435
2.5173 1 2 7.8158
2.5189 1 2 7.73146
2.5205 1 2 7.26173
2.5221 1 2 7.98289
2.5237 1 2 8.11372
2.5253 1 2 8.68391
2.5269 1 2 10.2414
2.5285 1 2 10.1726
2.5301 1 2 10.0889
2.5317 1 2 10.6362
2.5333 1 2 11.9244
2.5349 1 2 12.2218
2.5365 1 2 12.0522
2.5381 1 2 12.7537
2.5397 1 2 12.7911
2.5413 1 2 13.0739
2.5429 1 2 14.1503
2.5445 1 2 14.137
2.5461 1 2 14.1136
2.5477 1 2 13.9175
2.5493 1 2 14.424
2.5509 1 2 14.7139
2.5525 1 2 14.9534
2.5541 1 2 15.2784
2.5557 1 2 15.7758
2.5573 1 2 15.9359
2.5589 1 2 16.2859
2.5605 1 2 17.0521
2.5621 1 2 16.9738
2.5637 1 2 17.2029
2.5653 1 2 16.6646
2.5669 1 2 17.2716
2.5685 1 2 17.5208
2.5701 1 2 17.2126
2.5717 1 2 17.1139
2.5733 1 2 17.6583
2.5749 1 2 18.5582
2.5765 1 2 18.4351
2.5781 1 2 18.3123
2.5797 1 2 19.0484
2.5813 1 2 18.9085
2.5829 1 2 19.1092
2.5845 1 2 19.2353
2.5861 1 2 19.4106
2.5877 1 2 20.1253
2.5893 1 2 19.8874
2.5909 1 2 20.1486
2.5925 1 2 20.1968
2.5941 1 2 21.084
2.5957 1 2 21.5433
2.5973 1 2 22.0322
2.5989 1 2 22.2517
2.6005 1 2 21.85
2.6021 1 2 22.2751
2.6037 1 2 22.3528
2.6053 1 2 21.7221
2.6069 1 2 22.1336
2.6085 1 2 21.8302
2.6101 1 2 21.9578
2.6117 1 2 21.9145
2.6133 1 2 21.7358
2.6149 1 2 22.3479
2.6165 1 2 22.3052
2.6181 1 2 21.186
2.6197 1 2 20.879
2.6213 1 2 21.1098
2.6229 1 2 20.7843
2.6245 1 2 20.759
2.6261 1 2 20.8655
2.6277 1 2 20.2242
2.6293 1 2 20.0177
2.6309 1 2 19.9491
2.6325 1 2 20.0286
2.6341 1 2 20.149
2.6357 1 2 20.8471
2.6373 1 2 20.655
2.6389 1 2 21.2437
2.6405 1 2 21.0242
2.6421 1 2 20.8626
2.6437 1 2 20.8532
2.6453 1 2 20.673
2.6469 1 2 21.1146
2.6485 1 2 20.797
2.6501 1 2 21.3907
2.6517 1 2 21.1794
2.6533 1 2 21.726
2.6549 1 2 21.7172
2.6565 1 2 22.2827
2.6581 1 2 22.5407
2.6597 1 2 22.9026
2.6613 1 2 23.4107
2.6629 1 2 23.8198
2.6645 1 2 23.5864
2.6661 1 2 23.2862
2.6677 1 2 23.0143
2.6693 1 2 23.0162
2.6709 1 2 23.6947
2.6725 1 2 23.6096
2.6741 1 2 23.1933
2.6757 1 2 23.0051
2.6773 1 2 22.708
2.6789 1 2 22.8677
2.6805 1 2 22.9323
2.6821 1 2 23.7131
2.6837 1 2 24.1171
2.6853 1 2 23.9296
2.6869 1 2 24.1692
2.6885 1 2 24.2671
2.6901 1 2 23.8644
2.6917 1 2 23.8902
2.6933 1 2 23.2067
2.6949 1 2 22.9939
2.6965 1 2 23.0054
2.6981 1 2 23.2773
2.6997 1 2 23.3403
2.7013 1 2 22.4745
2.7029 1 2 22.0438
2.7045 1 2 21.8411
2.7061 1 2 22.3692
2.7077 1 2 23.2292
2.7093 1 2 23.19
2.7109 1 2 23.3263
2.7125 1 2 23.0424
2.7141 1 2 22.6894
2.7157 1 2 22.9465
2.7173 1 2 22.5973
2.7189 1 2 23.2275
2.7205 1 2 23.9429
2.7221 1 2 24.5367
2.7237 1 2 24.4516
2.7253 1 2 24.7229
2.7269 1 2 25.3668
2.7285 1 2 25.4148
2.7301 1 2 25.0376
2.7317 1 2 24.9249
2.7333 1 2 24.4698
2.7349 1 2 24.1595
2.7365 1 2 23.7072
2.7381 1 2 23.169
2.7397 1 2 23.1417
2.7413 1 2 23.7735
2.7429 1 2 24.0595
2.7445 1 2 23.5052
2.7461 1 2 23.4559
2.7477 1 2 23.858
2.7493 1 2 23.2847
2.7509 1 2 22.7994
2.7525 1 2 21.5303
2.7541 1 2 21.4227
2.7557 1 2 21.3043
2.7573 1 2 21.0252
2.7589 1 2 21.8633
2.7605 1 2 21.4008
2.7621 1 2 21.1247
2.7637 1 2 20.9524
2.7653 1 2 21.1643
2.7669 1 2 21.2534
2.7685 1 2 21.5135
2.7701 1 2 21.6259
2.7717 1 2 21.1466
2.7733 1 2 21.7534
2.7749 1 2 21.6242
2.7765 1 2 21.9549
2.7781 1 2 21.9733
2.7797 1 2 21.5349
2.7813 1 2 21.3613
2.7829 1 2 21.0737
2.7845 1 2 21.0479
2.7861 1 2 20.8931
2.7877 1 2 21.1889
2.7893 1 2 21.5456
2.7909 1 2 21.5283
2.7925 1 2 21.1983
2.7941 1 2 22.2511
2.7957 1 2 22.0877
2.7973 1 2 22.1047
2.7989 1 2 21.9629
2.8005 1 2 22.1329
2.8021 1 2 22.2689
2.8037 1 2 22.7514
2.8053 1 2 22.5376
2.8069 1 2 22.8684
2.8085 1 2 22.3198
2.8101 1 2 22.1626
2.8117 1 2 22.4041
2.8133 1 2 22.7887
2.8149 1 2 23.3029
2.8165 1 2 23.1899
2.8181 1 2 22.6983
2.8197 1 2 22.5616
2.8213 1 2 22.6329
2.8229 1 2 22.9475
2.8245 1 2 23.4295
2.8261 1 2 23.8338
2.8277 1 2 24.1618
2.8293 1 2 24.3528
2.8309 1 2 24.5909
2.8325 1 2 24.6492
2.8341 1 2 24.1287
2.8357 1 2 23.6804
2.8373 1 2 23.6302
2.8389 1 2 23.7987
2.8405 1 2 24.1735
2.8421 1 2 23.9998
2.8437 1 2 24.3621
2.8453 1 2 24.8521
2.8469 1 2 25.3488
2.8485 1 2 25.1796
2.8501 1 2 25.8357
2.8517 1 2 26.5035
2.8533 1 2 26.8046
2.8549 1 2 26.9727
2.8565 1 2 26.8188
2.8581 1 2 27.623
2.8597 1 2 27.9079
2.8613 1 2 28.0957
2.8629 1 2 28.2296
2.8645 1 2 27.9825
2.8661 1 2 27.8822
2.8677 1 2 27.6454
2.8693 1 2 28.5211
2.8709 1 2 28.5206
2.8725 1 2 28.1974
2.8741 1 2 27.9219
2.8757 1 2 28.1025
2.8773 1 2 28.2758
2.8789 1 2 28.1662
2.8805 1 2 27.6775
2.8821 1 2 27.701
2.8837 1 2 27.6902
2.8853 1 2 27.3646
2.8869 1 2 26.9565
2.8885 1 2 27.8097
2.8901 1 2 27.8029
2.8917 1 2 27.593
2.8933 1 2 27.3153
2.8949 1 2 27.2756
2.8965 1 2 27.4097
2.8981 1 2 27.3099
2.8997 1 2 26.542
2.9013 1 2 26.9524
2.9029 1 2 27.2408
2.9045 1 2 27.334
2.9061 1 2 27.9755
2.9077 1 2 27.4898
2.9093 1 2 27.6641
2.9109 1 2 27.8403
2.9125 1 2 28.0415
2.9141 1 2 28.0081
2.9157 1 2 27.4105
2.9173 1 2 27.7189
2.9189 1 2 27.6103
2.9205 1 2 27.0674
2.9221 1 2 26.8433
2.9237 1 2 26.9564
2.9253 1 2 26.6343
2.9269 1 2 26.3082
2.9285 1 2 27.026
2.9301 1 2 26.9911
2.9317 1 2 27.4098
2.9333 1 2 27.5925
2.9349 1 2 27.2391
2.9365 1 2 27.782
2.9381 1 2 26.9245
2.9397 1 2 26.8764
2.9413 1 2 26.8203
2.9429 1 2 27.0878
2.9445 1 2 26.843
2.9461 1 2 26.3084
2.9477 1 2 26.0343
2.9493 1 2 26.1199
2.9509 1 2 25.9246
2.9525 1 2 25.5132
2.9541 1 2 26.1395
2.9557 1 2 26.038
2.9573 1 2 26.0565
2.9589 1 2 26.7269
2.9605 1 2 26.2724
2.9621 1 2 26.3878
2.9637 1 2 26.4438
2.9653 1 2 26.6434
2.9669 1 2 26.3593
2.9685 1 2 26.5814
2.9701 1 2 26.054
2.9717 1 2 25.8472
2.9733 1 2 25.8639
2.9749 1 2 26.4996
2.9765 1 2 26.3467
2.9781 1 2 26.3327
2.9797 1 2 26.4282
2.9813 1 2 26.7229
2.9829 1 2 27.2366
2.9845 1 2 27.9904
2.9861 1 2 28.7447
2.9877 1 2 28.9666
2.9893 1 2 28.7887
2.9909 1 2 28.5508
2.9925 1 2 28.561
2.9941 1 2 28.6788
2.9957 1 2 28.2089
2.9973 1 2 27.613
2.9989 1 2 27.4574
3.0005 1 2 27.8345
3.0021 1 2 27.0475
3.0037 1 2 27.1575
3.0053 1 2 26.6692
3.0069 1 2 27.2534
3.0085 1 2 27.3838
3.0101 1 2 27.346
3.0117 1 2 27.6767
3.0133 1 2 28.3129
3.0149 1 2 28.1444
3.0165 1 2 28.5567
3.0181 1 2 28.894
3.0197 1 2 28.1454
3.0213 1 2 28.4784
3.0229 1 2 27.9005
3.0245 1 2 27.6711
3.0261 1 2 28.0622
3.0277 1 2 28.0853
3.0293 1 2 28.3981
3.0309 1 2 27.8643
3.0325 1 2 27.6183
3.0341 1 2 28.0622
3.0357 1 2 28.3241
3.0373 1 2 28.4567
3.0389 1 2 28.4513
3.0405 1 2 28.4112
3.0421 1 2 28.8025
3.0437 1 2 28.7475
3.0453 1 2 28.6882
3.0469 1 2 29.2786
3.0485 1 2 29.5396
3.0501 1 2 29.0514
3.0517 1 2 29.5344
3.0533 1 2 29.0975
3.0549 1 2 29.3553
3.0565 1 2 29.0403
3.0581 1 2 29.0316
3.0597 1 2 28.6899
3.0613 1 2 29.7076
3.0629 1 2 29.8373
3.0645 1 2 29.5274
3.0661 1 2 29.2183
3.0677 1 2 29.8603
3.0693 1 2 29.675
3.0709 1 2 30.0723
3.0725 1 2 30.8704
3.0741 1 2 30.437
3.0757 1 2 31.2139
3.0773 1 2 31.3879
3.0789 1 2 31.5813
3.0805 1 2 31.5449
3.0821 1 2 32.0926
3.0837 1 2 32.128
3.0853 1 2 31.0204
3.0869 1 2 30.6105
3.0885 1 2 30.0837
3.0901 1 2 29.8748
3.0917 1 2 30.2827
3.0933 1 2 29.845
3.0949 1 2 30.2259
3.0965 1 2 30.6765
3.0981 1 2 31.4741
3.0997 1 2 31.3815
3.1013 1 2 31.6943
3.1029 1 2 31.513
3.1045 1 2 31.8563
3.1061 1 2 32.0228
3.1077 1 2 32.619
3.1093 1 2 33.2433
3.1109 1 2 34.1229
3.1125 1 2 34.0151
3.1141 1 2 34.0015
3.1157 1 2 34.046
3.1173 1 2 34.0061
3.1189 1 2 34.6201
3.1205 1 2 34.6747
3.1221 1 2 34.7911
3.1237 1 2 35.1625
3.1253 1 2 35.0369
3.1269 1 2 34.6211
3.1285 1 2 34.6515
3.1301 1 2 34.3731
3.1317 1 2 34.6832
3.1333 1 2 34.3428
3.1349 1 2 34.5994
3.1365 1 2 34.4449
3.1381 1 2 34.4665
3.1397 1 2 34.3593
3.1413 1 2 34.0413
3.1429 1 2 34.9719
3.1445 1 2 34.8912
3.1461 1 2 34.6593
3.1477 1 2 35.1049
3.1493 1 2 34.3146
3.1509 1 2 34.0399
3.1525 1 2 34.5261
3.1541 1 2 35.3166
3.1557 1 2 34.9855
3.1573 1 2 35.2098
3.1589 1 2 35.7105
3.1605 1 2 35.0641
3.1621 1 2 34.8499
3.1637 1 2 34.7787
3.1653 1 2 34.6112
3.1669 1 2 34.8521
3.1685 1 2 34.9134
3.1701 1 2 34.9913
3.1717 1 2 35.1316
3.1733 1 2 34.7929
3.1749 1 2 34.915
3.1765 1 2 34.2234
3.1781 1 2 34.8404
3.1797 1 2 34.4683
3.1813 1 2 34.6364
3.1829 1 2 34.6999
3.1845 1 2 34.9294
3.1861 1 2 35.203
3.1877 1 2 35.8143
3.1893 1 2 36.0002
3.1909 1 2 35.7525
3.1925 1 2 35.2311
3.1941 1 2 35.1385
3.1957 1 2 35.7281
3.1973 1 2 35.9877
3.1989 1 2 35.3865
3.2005 1 2 35.2715
3.2021 1 2 35.7407
3.2037 1 2 35.5217
3.2053 1 2 35.4473
3.2069 1 2 35.1691
3.2085 1 2 35.0345
3.2101 1 2 35.1955
3.2117 1 2 35.5942
3.2133 1 2 35.4739
3.2149 1 2 36.2268
3.2165 1 2 36.6568
3.2181 1 2 36.6796
3.2197 1 2 36.6813
3.2213 1 2 36.1156
3.2229 1 2 35.1293
3.2245 1 2 35.1806
3.2261 1 2 35.0967
3.2277 1 2 34.805
3.2293 1 2 34.7282
3.2309 1 2 35.2168
3.2325 1 2 34.655
3.2341 1 2 34.5228
3.2357 1 2 34.29
3.2373 1 2 34.5721
3.2389 1 2 34.5151
3.2405 1 2 34.7692
3.2421 1 2 34.7666
3.2437 1 2 34.774
3.2453 1 2 34.8127
3.2469 1 2 34.1704
3.2485 1 2 33.8178
3.2501 1 2 33.5344
3.2517 1 2 33.9546
3.2533 1 2 33.8646
3.2549 1 2 34.0516
3.2565 1 2 33.5332
3.2581 1 2 34.0386
3.2597 1 2 34.4614
3.2613 1 2 34.1178
3.2629 1 2 33.8748
3.2645 1 2 33.6724
3.2661 1 2 33.0457
3.2677 1 2 32.5461
3.2693 1 2 33.3548
3.2709 1 2 33.4293
3.2725 1 2 33.3153
3.2741 1 2 33.1264
3.2757 1 2 33.3325
3.2773 1 2 32.5919
3.2789 1 2 32.7101
3.2805 1 2 33.2035
3.2821 1 2 32.8991
3.2837 1 2 32.5296
3.2853 1 2 32.3536
3.2869 1 2 31.6111
3.2885 1 2 31.5193
3.2901 1 2 31.4175
3.2917 1 2 31.5874
3.2933 1 2 31.779
3.2949 1 2 30.9779
3.2965 1 2 31.0875
3.2981 1 2 31.3638
3.2997 1 2 30.9135
3.3013 1 2 31.1448
3.3029 1 2 30.8992
3.3045 1 2 30.7772
3.3061 1 2 31.1354
3.3077 1 2 30.8189
3.3093 1 2 31.3906
3.3109 1 2 30.9867
3.3125 1 2 31.1206
3.3141 1 2 31.1021
3.3157 1 2 31.3189
3.3173 1 2 32.097
3.3189 1 2 32.6788
3.3205 1 2 32.7236
3.3221 1 2 32.6039
3.3237 1 2 31.9331
3.3253 1 2 32.0294
3.3269 1 2 32.2728
3.3285 1 2 32.7338
3.3301 1 2 33.0139
3.3317 1 2 32.8447
3.3333 1 2 33.1518
3.3349 1 2 33.0848
3.3365 1 2 32.9386
3.3381 1 2 32.6426
3.3397 1 2 33.0963
3.3413 1 2 33.0378
3.3429 1 2 33.4239
3.3445 1 2 33.9791
3.3461 1 2 33.7596
3.3477 1 2 34.1428
3.3493 1 2 34.3032
3.3509 1 2 33.7973
3.3525 1 2 33.9278
3.3541 1 2 33.5729
3.3557 1 2 33.5529
3.3573 1 2 33.6111
3.3589 1 2 33.407
3.3605 1 2 33.1651
3.3621 1 2 33.325
3.3637 1 2 33.4993
3.3653 1 2 33.2983
3.3669 1 2 33.1973
3.3685 1 2 33.3042
3.3701 1 2 33.0743
3.3717 1 2 32.7205
3.3733 1 2 32.5492
3.3749 1 2 32.6677
3.3765 1 2 32.1266
3.3781 1 2 31.902
3.3797 1 2 31.7659
3.3813 1 2 31.8484
3.3829 1 2 31.5223
3.3845 1 2 31.7843
3.3861 1 2 31.6393
3.3877 1 2 30.543
3.3893 1 2 30.8377
3.3909 1 2 30.3464
3.3925 1 2 30.6076
3.3941 1 2 30.0971
3.3957 1 2 30.0453
3.3973 1 2 29.7937
3.3989 1 2 29.7681
3.4005 1 2 29.2156
3.4021 1 2 28.6521
3.4037 1 2 28.6553
3.4053 1 2 28.9535
3.4069 1 2 28.6014
3.4085 1 2 28.6837
3.4101 1 2 28.3883
3.4117 1 2 27.6532
3.4133 1 2 27.7397
3.4149 1 2 27.3437
3.4165 1 2 27.4955
3.4181 1 2 27.4707
3.4197 1 2 27.1379
3.4213 1 2 26.8563
3.4229 1 2 26.7796
3.4245 1 2 26.7669
3.4261 1 2 27.4371
3.4277 1 2 27.6813
3.4293 1 2 27.2345
3.4309 1 2 27.0444
3.4325 1 2 27.692
3.4341 1 2 27.4866
3.4357 1 2 27.5049
3.4373 1 2 27.2113
3.4389 1 2 26.872
3.4405 1 2 26.9645
3.4421 1 2 27.0004
3.4437 1 2 27.8185
3.4453 1 2 28.1788
3.4469 1 2 27.8143
3.4485 1 2 28.278
3.4501 1 2 27.5711
3.4517 1 2 27.5368
3.4533 1 2 27.2043
3.4549 1 2 27.3032
3.4565 1 2 27.6438
3.4581 1 2 27.4643
3.4597 1 2 28.0585
3.4613 1 2 28.3465
3.4629 1 2 28.1625
3.4645 1 2 28.842
3.4661 1 2 28.2809
3.4677 1 2 28.6249
3.4693 1 2 28.1374
3.4709 1 2 28.1808
3.4725 1 2 27.8077
3.4741 1 2 28.1114
3.4757 1 2 28.0649
3.4773 1 2 27.7594
3.4789 1 2 27.6329
3.4805 1 2 27.7971
3.4821 1 2 27.6287
3.4837 1 2 27.3069
3.4853 1 2 27.5018
3.4869 1 2 28.4432
3.4885 1 2 28.2922
3.4901 1 2 28.8813
3.4917 1 2 29.0332
3.4933 1 2 29.4072
3.4949 1 2 29.5717
3.4965 1 2 29.2397
3.4981 1 2 28.9984
3.4997 1 2 29.4667
3.5013 1 2 29.4215
3.5029 1 2 28.8404
3.5045 1 2 29.5422
3.5061 1 2 30.0279
3.5077 1 2 29.632
3.5093 1 2 29.6094
3.5109 1 2 30.1867
3.5125 1 2 30.232
3.5141 1 2 30.943
3.5157 1 2 30.9508
3.5173 1 2 31.3962
3.5189 1 2 30.7865
3.5205 1 2 31.1167
3.5221 1 2 30.5513
3.5237 1 2 31.3821
3.5253 1 2 30.2169
3.5269 1 2 29.5394
3.5285 1 2 30.5297
3.5301 1 2 30.2701
3.5317 1 2 29.6078
3.5333 1 2 30.1753
3.5349 1 2 29.6542
3.5365 1 2 30.4129
3.5381 1 2 30.2141
3.5397 1 2 30.1611
3.5413 1 2 30.1694
3.5429 1 2 30.2467
3.5445 1 2 30.3337
3.5461 1 2 29.9642
3.5477 1 2 29.5687
3.5493 1 2 29.504
3.5509 1 2 29.5995
3.5525 1 2 28.4937
3.5541 1 2 28.7389
3.5557 1 2 29.5372
3.5573 1 2 29.4055
3.5589 1 2 29.8741
3.5605 1 2 29.7907
3.5621 1 2 29.8709
3.5637 1 2 29.8272
3.5653 1 2 29.6263
3.5669 1 2 29.9735
3.5685 1 2 29.7007
3.5701 1 2 29.6853
3.5717 1 2 29.4358
3.5733 1 2 28.8466
3.5749 1 2 28.968
3.5765 1 2 28.5308
3.5781 1 2 28.843
3.5797 1 2 29.0856
3.5813 1 2 28.2304
3.5829 1 2 28.6804
3.5845 1 2 28.7413
3.5861 1 2 29.2149
3.5877 1 2 28.9996
3.5893 1 2 29.0001
3.5909 1 2 29.2201
3.5925 1 2 28.3253
3.5941 1 2 28.0515
3.5957 1 2 27.9065
3.5973 1 2 28.2745
3.5989 1 2 27.6546
3.6005 1 2 28.0478
3.6021 1 2 28.6187
3.6037 1 2 28.0178
3.6053 1 2 28.0963
3.6069 1 2 27.6182
3.6085 1 2 28.2712
3.6101 1 2 28.7431
3.6117 1 2 28.9775
3.6133 1 2 28.6756
3.6149 1 2 28.6413
3.6165 1 2 27.8022
3.6181 1 2 28.0927
3.6197 1 2 27.9843
3.6213 1 2 27.6604
3.6229 1 2 27.9028
3.6245 1 2 28.6395
3.6261 1 2 28.2557
3.6277 1 2 28.3895
3.6293 1 2 28.82
3.6309 1 2 28.1887
3.6325 1 2 28.3303
3.6341 1 2 28.1512
3.6357 1 2 28.2394
3.6373 1 2 28.1154
3.6389 1 2 28.4138
3.6405 1 2 28.3841
3.6421 1 2 28.6144
3.6437 1 2 29.4725
3.6453 1 2 29.9379
3.6469 1 2 29.8664
3.6485 1 2 29.5928
3.6501 1 2 28.6859
3.6517 1 2 28.852
3.6533 1 2 29.0246
3.6549 1 2 28.8077
3.6565 1 2 28.8753
3.6581 1 2 28.9904
3.6597 1 2 29.1348
3.6613 1 2 29.6314
3.6629 1 2 29.5898
3.6645 1 2 28.8882
3.6661 1 2 28.5666
3.6677 1 2 28.6555
3.6693 1 2 28.1935
3.6709 1 2 28.4732
3.6725 1 2 28.4398
3.6741 1 2 28.1851
3.6757 1 2 28.0437
3.6773 1 2 27.8667
3.6789 1 2 28.1516
3.6805 1 2 27.7348
3.6821 1 2 27.5647
3.6837 1 2 27.4142
3.6853 1 2 26.7392
3.6869 1 2 27.4714
3.6885 1 2 28.3523
3.6901 1 2 27.5217
3.6917 1 2 27.4449
3.6933 1 2 27.5658
3.6949 1 2 27.3246
3.6965 1 2 27.4661
3.6981 1 2 27.8095
3.6997 1 2 27.7883
3.7013 1 2 27.5917
3.7029 1 2 27.1909
3.7045 1 2 27.4415
3.7061 1 2 27.8401
3.7077 1 2 27.7619
3.7093 1 2 27.4212
3.7109 1 2 27.4402
3.7125 1 2 27.4681
3.7141 1 2 27.471
3.7157 1 2 27.8554
3.7173 1 2 27.8011
3.7189 1 2 28.1516
3.7205 1 2 28.0348
3.7221 1 2 28.2015
3.7237 1 2 29.1739
3.7253 1 2 29.2275
3.7269 1 2 28.7422
3.7285 1 2 28.3487
3.7301 1 2 28.3306
3.7317 1 2 27.8533
3.7333 1 2 27.8986
3.7349 1 2 27.9671
3.7365 1 2 28.6811
3.7381 1 2 28.9013
3.7397 1 2 29.8157
3.7413 1 2 29.7209
3.7429 1 2 29.0641
3.7445 1 2 28.5536
3.7461 1 2 29.2376
3.7477 1 2 29.9051
3.7493 1 2 29.9986
3.7509 1 2 30.403
3.7525 1 2 30.1301
3.7541 1 2 29.7938
3.7557 1 2 29.4763
3.7573 1 2 29.3101
3.7589 1 2 29.4971
3.7605 1 2 29.3648
3.7621 1 2 29.4153
3.7637 1 2 29.2606
3.7653 1 2 29.1897
3.7669 1 2 28.7951
3.7685 1 2 28.895
3.7701 1 2 28.5205
3.7717 1 2 28.6367
3.7733 1 2 28.8715
3.7749 1 2 28.8212
3.7765 1 2 28.6977
3.7781 1 2 28.8151
3.7797 1 2 28.384
3.7813 1 2 27.9481
3.7829 1 2 27.7594
3.7845 1 2 28.0592
3.7861 1 2 28.3746
3.7877 1 2 28.2046
3.7893 1 2 28.5196
3.7909 1 2 28.6387
3.7925 1 2 28.8551
3.7941 1 2 28.5716
3.7957 1 2 28.6455
3.7973 1 2 28.895
3.7989 1 2 28.2913
3.8005 1 2 28.6728
3.8021 1 2 28.5287
3.8037 1 2 28.4561
3.8053 1 2 28.1708
3.8069 1 2 28.2283
3.8085 1 2 28.5491
3.8101 1 2 28.7387
3.8117 1 2 28.3139
3.8133 1 2 28.613
3.8149 1 2 29.4477
3.8165 1 2 29.0762
3.8181 1 2 29.4207
3.8197 1 2 29.7918
3.8213 1 2 29.3846
3.8229 1 2 29.932
3.8245 1 2 29.0005
3.8261 1 2 29.5731
3.8277 1 2 29.7559
3.8293 1 2 30.0179
3.8309 1 2 29.8602
3.8325 1 2 29.2222
3.8341 1 2 29.4736
3.8357 1 2 29.2927
3.8373 1 2 29.3603
3.8389 1 2 29.5259
3.8405 1 2 29.3766
3.8421 1 2 29.3742
3.8437 1 2 29.4595
3.8453 1 2 29.0789
3.8469 1 2 29.4684
3.8485 1 2 29.6285
3.8501 1 2 30.0291
3.8517 1 2 29.8087
3.8533 1 2 29.6571
3.8549 1 2 29.6503
3.8565 1 2 28.9851
3.8581 1 2 29.2316
3.8597 1 2 28.4928
3.8613 1 2 29.4474
3.8629 1 2 29.3706
3.8645 1 2 29.1289
3.8661 1 2 29.9411
3.8677 1 2 30.1776
3.8693 1 2 30.9065
3.8709 1 2 30.7048
3.8725 1 2 31.2069
3.8741 1 2 31.5557
3.8757 1 2 31.5748
3.8773 1 2 31.1992
3.8789 1 2 31.1264
3.8805 1 2 31.2347
3.8821 1 2 30.7569
3.8837 1 2 31.0599
3.8853 1 2 31.5881
3.8869 1 2 31.5347
3.8885 1 2 31.593
3.8901 1 2 31.0707
3.8917 1 2 30.9802
3.8933 1 2 30.696
3.8949 1 2 31.0611
3.8965 1 2 31.1709
3.8981 1 2 31.7302
3.8997 1 2 32.5897
3.9013 1 2 32.713
3.9029 1 2 32.5488
3.9045 1 2 32.7668
3.9061 1 2 33.6924
3.9077 1 2 33.7355
3.9093 1 2 33.0924
3.9109 1 2 32.7693
3.9125 1 2 32.8052
3.9141 1 2 32.5832
3.9157 1 2 32.5029
3.9173 1 2 32.3571
3.9189 1 2 32.263
3.9205 1 2 32.0705
3.9221 1 2 32.1313
3.9237 1 2 32.2997
3.9253 1 2 32.3552
3.9269 1 2 32.445
3.9285 1 2 31.8695
3.9301 1 2 32.0559
3.9317 1 2 31.2372
3.9333 1 2 31.1705
3.9349 1 2 31.5251
3.9365 1 2 31.3349
3.9381 1 2 30.8947
3.9397 1 2 31.3851
3.9413 1 2 31.7658
3.9429 1 2 32.0368
3.9445 1 2 31.3303
3.9461 1 2 31.4059
3.9477 1 2 31.5178
3.9493 1 2 31.7252
3.9509 1 2 31.4169
3.9525 1 2 31.8602
3.9541 1 2 31.3091
3.9557 1 2 30.4724
3.9573 1 2 29.9856
3.9589 1 2 29.9333
3.9605 1 2 29.9534
3.9621 1 2 30.1897
3.9637 1 2 30.7017
3.9653 1 2 30.965
3.9669 1 2 31.4011
3.9685 1 2 31.037
3.9701 1 2 30.7228
3.9717 1 2 29.8536
3.9733 1 2 29.8806
3.9749 1 2 29.9669
3.9765 1 2 30.2335
3.9781 1 2 30.7807
3.9797 1 2 31.1723
3.9813 1 2 30.7209
3.9829 1 2 30.4391
3.9845 1 2 30.851
3.9861 1 2 30.0697
3.9877 1 2 29.948
3.9893 1 2 30.4498
3.9909 1 2 30.5519
3.9925 1 2 30.094
3.9941 1 2 29.5878
3.9957 1 2 29.1076
3.9973 1 2 28.8907
3.9989 1 2 28.5088
4.0005 1 2 28.2849
4.0021 1 2 28.4889
4.0037 1 2 28.4802
4.0053 1 2 28.0103
4.0069 1 2 28.0646
4.0085 1 2 27.9315
4.0101 1 2 28.6586
4.0117 1 2 28.5413
4.0133 1 2 28.5362
4.0149 1 2 28.4822
4.0165 1 2 29.2016
4.0181 1 2 29.5109
4.0197 1 2 29.5162
4.0213 1 2 30.1032
4.0229 1 2 29.9879
4.0245 1 2 30.0787
4.0261 1 2 30.2478
4.0277 1 2 29.7805
4.0293 1 2 29.7687
4.0309 1 2 30.0504
4.0325 1 2 29.5995
4.0341 1 2 29.212
4.0357 1 2 29.2035
4.0373 1 2 28.3673
4.0389 1 2 28.2263
4.0405 1 2 28.2228
4.0421 1 2 28.4954
4.0437 1 2 28.8839
4.0453 1 2 28.632
4.0469 1 2 28.8635
4.0485 1 2 28.335
4.0501 1 2 28.1104
4.0517 1 2 28.1576
4.0533 1 2 28.3397
4.0549 1 2 28.1055
4.0565 1 2 28.182
4.0581 1 2 28.2794
4.0597 1 2 27.8788
4.0613 1 2 28.3889
4.0629 1 2 27.3252
4.0645 1 2 27.2367
4.0661 1 2 26.2247
4.0677 1 2 26.25
4.0693 1 2 26.381
4.0709 1 2 25.8483
4.0725 1 2 26.3209
4.0741 1 2 26.8893
4.0757 1 2 27.8141
4.0773 1 2 27.6378
4.0789 1 2 27.4318
4.0805 1 2 27.8686
4.0821 1 2 27.6556
4.0837 1 2 27.7068
4.0853 1 2 27.8243
4.0869 1 2 28.2055
4.0885 1 2 28.6189
4.0901 1 2 29.1189
4.0917 1 2 29.7541
4.0933 1 2 29.4108
4.0949 1 2 29.8997
4.0965 1 2 30.6706
4.0981 1 2 30.9423
4.0997 1 2 30.9277
4.1013 1 2 31.3537
4.1029 1 2 32.0807
4.1045 1 2 31.6842
4.1061 1 2 31.0285
4.1077 1 2 31.2058
4.1093 1 2 31.1367
4.1109 1 2 31.5554
4.1125 1 2 31.852
4.1141 1 2 31.3525
4.1157 1 2 31.4234
4.1173 1 2 31.6855
4.1189 1 2 32.3164
4.1205 1 2 32.1728
4.1221 1 2 32.683
4.1237 1 2 32.8609
4.1253 1 2 32.9519
4.1269 1 2 33.0708
4.1285 1 2 33.4616
4.1301 1 2 33.1625
4.1317 1 2 33.3704
4.1333 1 2 34.002
4.1349 1 2 34.3477
4.1365 1 2 33.6509
4.1381 1 2 33.5202
4.1397 1 2 33.6978
4.1413 1 2 34.0292
4.1429 1 2 33.7982
4.1445 1 2 33.3481
4.1461 1 2 33.4199
4.1477 1 2 33.4903
4.1493 1 2 33.2957
4.1509 1 2 33.518
4.1525 1 2 33.5121
4.1541 1 2 33.7618
4.1557 1 2 33.2917
4.1573 1 2 33.0469
4.1589 1 2 32.4262
4.1605 1 2 32.0661
4.1621 1 2 32.5964
4.1637 1 2 32.4056
4.1653 1 2 32.4973
4.1669 1 2 32.1456
4.1685 1 2 32.198
4.1701 1 2 32.7041
4.1717 1 2 32.4975
4.1733 1 2 32.6291
4.1749 1 2 32.7578
4.1765 1 2 32.1441
4.1781 1 2 31.4519
4.1797 1 2 31.2805
4.1813 1 2 31.7969
4.1829 1 2 31.8744
4.1845 1 2 31.9208
4.1861 1 2 31.872
4.1877 1 2 31.2717
4.1893 1 2 31.2433
4.1909 1 2 30.7011
4.1925 1 2 30.3709
4.1941 1 2 31.3537
4.1957 1 2 31.2445
4.1973 1 2 31.8148
4.1989 1 2 32.3181
4.2005 1 2 32.012
4.2021 1 2 31.8832
4.2037 1 2 32.3884
4.2053 1 2 32.2367
4.2069 1 2 32.7272
4.2085 1 2 32.9
4.2101 1 2 32.7476
4.2117 1 2 32.4396
4.2133 1 2 31.5298
4.2149 1 2 31.5363
4.2165 1 2 31.2074
4.2181 1 2 30.7169
4.2197 1 2 30.171
4.2213 1 2 29.6477
4.2229 1 2 29.8812
4.2245 1 2 29.4162
4.2261 1 2 29.5682
4.2277 1 2 29.1631
4.2293 1 2 29.4019
4.2309 1 2 29.0162
4.2325 1 2 28.9769
4.2341 1 2 29.0373
4.2357 1 2 29.2396
4.2373 1 2 29.2312
4.2389 1 2 28.8515
4.2405 1 2 29.208
4.2421 1 2 29.0227
4.2437 1 2 29.2031
4.2453 1 2 28.9474
4.2469 1 2 29.1818
4.2485 1 2 29.6148
4.2501 1 2 29.9988
4.2517 1 2 30.3549
4.2533 1 2 30.5768
4.2549 1 2 30.8978
4.2565 1 2 30.7392
4.2581 1 2 30.6701
4.2597 1 2 30.9907
4.2613 1 2 30.7715
4.2629 1 2 30.9076
4.2645 1 2 30.8287
4.2661 1 2 30.6636
4.2677 1 2 30.9434
4.2693 1 2 31.283
4.2709 1 2 30.436
4.2725 1 2 30.5037
4.2741 1 2 30.3284
4.2757 1 2 29.8872
4.2773 1 2 30.3433
4.2789 1 2 30.5835
4.2805 1 2 30.892
4.2821 1 2 30.7206
4.2837 1 2 30.8644
4.2853 1 2 30.9254
4.2869 1 2 30.6274
4.2885 1 2 30.5211
4.2901 1 2 30.6076
4.2917 1 2 30.8516
4.2933 1 2 31.1408
4.2949 1 2 30.5806
4.2965 1 2 30.6231
4.2981 1 2 31.29
4.2997 1 2 30.5524
4.3013 1 2 31.0882
4.3029 1 2 31.7042
4.3045 1 2 31.2223
4.3061 1 2 30.791
4.3077 1 2 29.6949
4.3093 1 2 29.1909
4.3109 1 2 29.0432
4.3125 1 2 29.3519
4.3141 1 2 29.6518
4.3157 1 2 29.1236
4.3173 1 2 28.4278
4.3189 1 2 28.3256
4.3205 1 2 27.6068
4.3221 1 2 27.6071
4.3237 1 2 27.5702
4.3253 1 2 27.8577
4.3269 1 2 27.445
4.3285 1 2 27.8522
4.3301 1 2 28.3166
4.3317 1 2 27.6952
4.3333 1 2 27.5826
4.3349 1 2 26.8657
4.3365 1 2 27.2979
4.3381 1 2 27.5784
4.3397 1 2 27.6479
4.3413 1 2 27.4889
4.3429 1 2 27.8512
4.3445 1 2 28.5413
4.3461 1 2 28.7489
4.3477 1 2 29.0277
4.3493 1 2 29.0552
4.3509 1 2 29.2979
4.3525 1 2 29.3125
4.3541 1 2 30.2436
4.3557 1 2 31.1174
4.3573 1 2 31.4236
4.3589 1 2 31.8108
4.3605 1 2 31.4936
4.3621 1 2 31.2178
4.3637 1 2 31.2338
4.3653 1 2 31.0558
4.3669 1 2 31.0419
4.3685 1 2 31.1812
4.3701 1 2 31.513
4.3717 1 2 31.1519
4.3733 1 2 31.0764
4.3749 1 2 31.2145
4.3765 1 2 31.5975
4.3781 1 2 31.4984
4.3797 1 2 31.5712
4.3813 1 2 31.5107
4.3829 1 2 31.5993
4.3845 1 2 31.7618
4.3861 1 2 32.7156
4.3877 1 2 32.2185
4.3893 1 2 32.8009
4.3909 1 2 32.8036
4.3925 1 2 32.7429
4.3941 1 2 32.4908
4.3957 1 2 33.0653
4.3973 1 2 33.6254
4.3989 1 2 33.808
4.4005 1 2 33.0278
4.4021 1 2 32.6606
4.4037 1 2 32.7193
4.4053 1 2 32.2415
4.4069 1 2 32.0598
4.4085 1 2 31.8874
4.4101 1 2 31.7832
4.4117 1 2 32.3089
4.4133 1 2 32.4866
4.4149 1 2 32.7999
4.4165 1 2 33.0772
4.4181 1 2 33.4647
4.4197 1 2 33.5215
4.4213 1 2 33.2787
4.4229 1 2 32.988
4.4245 1 2 32.5235
4.4261 1 2 32.092
4.4277 1 2 32.4321
4.4293 1 2 31.9045
4.4309 1 2 31.0722
4.4325 1 2 31.5674
4.4341 1 2 31.3313
4.4357 1 2 30.8698
4.4373 1 2 31.0883
4.4389 1 2 30.5299
4.4405 1 2 30.7067
4.4421 1 2 31.1157
4.4437 1 2 30.479
4.4453 1 2 30.7378
4.4469 1 2 30.584
4.4485 1 2 30.5802
4.4501 1 2 30.4373
4.4517 1 2 30.1175
4.4533 1 2 29.9854
4.4549 1 2 30.194
4.4565 1 2 30.0443
4.4581 1 2 29.5353
4.4597 1 2 29.6012
4.4613 1 2 30.2494
4.4629 1 2 29.7451
4.4645 1 2 30.0957
4.4661 1 2 30.4054
4.4677 1 2 30.414
4.4693 1 2 30.5661
4.4709 1 2 30.1741
4.4725 1 2 29.765
4.4741 1 2 28.8903
4.4757 1 2 29.1326
4.4773 1 2 29.5328
4.4789 1 2 29.1589
4.4805 1 2 29.0353
4.4821 1 2 28.8505
4.4837 1 2 29.0065
4.4853 1 2 28.2676
4.4869 1 2 27.9654
4.4885 1 2 26.6186
4.4901 1 2 26.4837
4.4917 1 2 25.9118
4.4933 1 2 25.7435
4.4949 1 2 25.4027
4.4965 1 2 25.6388
4.4981 1 2 26.245
4.4997 1 2 26.8926
