0.103808	0	0.003
1.31171	0.003	0.028125
1.31581	0.028125	0.0251094
1.31971	0.0251094	0.0224707
1.32361	0.0224707	0.0206619
1.32751	0.0206619	0.0190791
1.32751	0.0190791	0.0171942
1.33141	0.0171942	0.015545
1.33141	0.015545	0.0141018
1.33531	0.0141018	0.0133391
1.33531	0.0133391	0.0121717
1.33531	0.0121717	0.0111503
1.33921	0.0111503	0.0102565
1.33921	0.0102565	0.00947441
1.33921	0.00947441	0.00879011
1.34311	0.00879011	0.00869135
1.34311	0.00869135	0.00810493
1.34311	0.00810493	0.00759181
1.34701	0.00759181	0.00764283
1.34701	0.00764283	0.00718748
1.34701	0.00718748	0.00678904
1.34701	0.00678904	0.00644041
1.35091	0.00644041	0.00601036
1.35091	0.00601036	0.00563407
1.35091	0.00563407	0.00530481
1.35091	0.00530481	0.00501671
1.35481	0.00501671	0.00526462
1.35481	0.00526462	0.00510654
1.35481	0.00510654	0.00496822
1.35481	0.00496822	0.00484719
1.35481	0.00484719	0.00474129
1.35871	0.00474129	0.00464863
1.35871	0.00464863	0.00456755
1.35871	0.00456755	0.00449661
1.35871	0.00449661	0.00443453
1.35871	0.00443453	0.00438021
1.36261	0.00438021	0.00483269
1.36261	0.00483269	0.0047286
1.36261	0.0047286	0.00463753
1.36261	0.00463753	0.00455783
1.36261	0.00455783	0.00448811
1.36261	0.00448811	0.00442709
1.36651	0.00442709	0.0043737
1.36651	0.0043737	0.00432699
1.36651	0.00432699	0.00428612
1.36651	0.00428612	0.00425035
1.36651	0.00425035	0.00421906
1.36651	0.00421906	0.00419167
1.37041	0.00419167	0.00466772
1.37041	0.00466772	0.00458425
1.37041	0.00458425	0.00451122
1.37041	0.00451122	0.00444732
1.37041	0.00444732	0.0043914
1.37041	0.0043914	0.00434248
1.37041	0.00434248	0.00429967
1.37431	0.00429967	0.00426221
1.37431	0.00426221	0.00422943
1.37431	0.00422943	0.00420075
1.37431	0.00420075	0.00417566
1.37431	0.00417566	0.0041537
1.37431	0.0041537	0.00413449
1.37431	0.00413449	0.00411768
1.37821	0.00411768	0.00460296
1.37821	0.00460296	0.00452759
1.37821	0.00452759	0.00446164
1.37821	0.00446164	0.00440394
1.37821	0.00440394	0.00435345
1.37821	0.00435345	0.00430926
1.37821	0.00430926	0.00427061
1.38211	0.00427061	0.00473678
1.38211	0.00473678	0.00464468
1.38211	0.00464468	0.0045641
1.38211	0.0045641	0.00449358
1.38211	0.00449358	0.00443189
1.38211	0.00443189	0.0043779
1.38211	0.0043779	0.00433066
1.38601	0.00433066	0.00478933
1.38601	0.00478933	0.00519066
1.38601	0.00519066	0.00504183
1.38601	0.00504183	0.0049116
1.38601	0.0049116	0.00479765
1.38601	0.00479765	0.00469794
1.38601	0.00469794	0.0046107
1.38991	0.0046107	0.00490936
1.38991	0.00490936	0.00517069
1.38991	0.00517069	0.00489935
1.38991	0.00489935	0.00466193
1.38991	0.00466193	0.00445419
1.38991	0.00445419	0.00427242
1.38991	0.00427242	0.00411336
1.38991	0.00411336	0.00397419
1.39381	0.00397419	0.00435242
1.39381	0.00435242	0.00430837
1.39381	0.00430837	0.00426982
1.39381	0.00426982	0.00423609
1.39381	0.00423609	0.00420658
1.39381	0.00420658	0.00418076
1.39381	0.00418076	0.00415816
1.39381	0.00415816	0.00413839
1.39771	0.00413839	0.00462109
1.39771	0.00462109	0.00504345
1.39771	0.00504345	0.00491302
1.39771	0.00491302	0.0047989
1.39771	0.0047989	0.00469903
1.39771	0.00469903	0.00461165
1.39771	0.00461165	0.0045352
1.39771	0.0045352	0.0044683
1.39771	0.0044683	0.00440976
1.40161	0.00440976	0.00485854
1.40161	0.00485854	0.00475122
1.40161	0.00475122	0.00465732
1.40161	0.00465732	0.00457515
1.40161	0.00457515	0.00450326
1.40161	0.00450326	0.00444035
1.40161	0.00444035	0.00438531
1.40161	0.00438531	0.00433714
1.40161	0.00433714	0.004295
1.40551	0.004295	0.00475812
1.40551	0.00475812	0.00516336
1.40551	0.00516336	0.00501794
1.40551	0.00501794	0.00489069
1.40551	0.00489069	0.00477936
1.40551	0.00477936	0.00468194
1.40551	0.00468194	0.00459669
1.40551	0.00459669	0.00452211
1.40551	0.00452211	0.00445684
1.40551	0.00445684	0.00439974
1.40941	0.00439974	0.00484977
1.40941	0.00484977	0.00474355
1.40941	0.00474355	0.0046506
1.40941	0.0046506	0.00456928
1.40941	0.00456928	0.00449812
1.40941	0.00449812	0.00443585
1.40941	0.00443585	0.00438137
1.40941	0.00438137	0.0043337
1.40941	0.0043337	0.00429199
1.40941	0.00429199	0.00425549
1.41331	0.00425549	0.00472355
1.41331	0.00472355	0.00513311
1.41331	0.00513311	0.00499147
1.41331	0.00499147	0.00486753
1.41331	0.00486753	0.00475909
1.41331	0.00475909	0.00466421
1.41331	0.00466421	0.00458118
1.41331	0.00458118	0.00450853
1.41331	0.00450853	0.00444496
1.41331	0.00444496	0.00438934
1.41721	0.00438934	0.00484068
1.41721	0.00484068	0.00523559
1.41721	0.00523559	0.00508114
1.41721	0.00508114	0.004946
1.41721	0.004946	0.00482775
1.41721	0.00482775	0.00472428
1.41721	0.00472428	0.00463374
1.41721	0.00463374	0.00455453
1.41721	0.00455453	0.00448521
1.41721	0.00448521	0.00442456
1.41721	0.00442456	0.00437149
1.42111	0.00437149	0.00482505
1.42111	0.00482505	0.00472192
1.42111	0.00472192	0.00463168
1.42111	0.00463168	0.00455272
1.42111	0.00455272	0.00448363
1.42111	0.00448363	0.00442318
1.42111	0.00442318	0.00437028
1.42111	0.00437028	0.00432399
1.42111	0.00432399	0.00428349
1.42121	0.00428349	0.00424806
1.42121	0.00424806	0.00421705
1.42121	0.00421705	0.00418992
1.42501	0.00418992	0.00466618
1.42501	0.00466618	0.0045829
1.42501	0.0045829	0.00451004
1.42501	0.00451004	0.00444629
1.42501	0.00444629	0.0043905
1.42501	0.0043905	0.00434169
1.42501	0.00434169	0.00429898
1.42501	0.00429898	0.0042616
1.42501	0.0042616	0.0042289
1.42501	0.0042289	0.00420029
1.42511	0.00420029	0.00417525
1.42511	0.00417525	0.00415335
1.42511	0.00415335	0.00413418
1.42891	0.00413418	0.0039924
1.42891	0.0039924	0.00386835
1.42891	0.00386835	0.00375981
1.42891	0.00375981	0.00366483
1.42891	0.00366483	0.00358173
1.42891	0.00358173	0.00350901
1.42891	0.00350901	0.00344539
1.42891	0.00344539	0.00338971
1.42891	0.00338971	0.003341
1.42901	0.003341	0.00342337
1.42901	0.00342337	0.00349545
1.42901	0.00349545	0.00355852
1.42901	0.00355852	0.0036137
1.43281	0.0036137	0.00403699
1.43281	0.00403699	0.00403237
1.43281	0.00403237	0.00402832
1.43281	0.00402832	0.00402478
1.43281	0.00402478	0.00402168
1.43281	0.00402168	0.00401897
1.43281	0.00401897	0.0040166
1.43281	0.0040166	0.00401452
1.43281	0.00401452	0.00401271
1.43281	0.00401271	0.00401112
1.43291	0.00401112	0.00388473
1.43291	0.00388473	0.00377414
1.43291	0.00377414	0.00367737
1.43291	0.00367737	0.0035927
1.43671	0.0035927	0.00364361
1.43671	0.00364361	0.00368816
1.43671	0.00368816	0.00372714
1.43671	0.00372714	0.00376124
1.43671	0.00376124	0.00379109
1.43671	0.00379109	0.0038172
1.43671	0.0038172	0.00384005
1.43671	0.00384005	0.00386004
1.43671	0.00386004	0.00387754
1.43681	0.00387754	0.00389284
1.43681	0.00389284	0.00390624
1.43691	0.00390624	0.00391796
1.43691	0.00391796	0.00392821
1.43691	0.00392821	0.00393719
1.44061	0.00393719	0.00444504
1.44061	0.00444504	0.00438941
1.44061	0.00438941	0.00434073
1.44061	0.00434073	0.00429814
1.44061	0.00429814	0.00426087
1.44061	0.00426087	0.00422826
1.44061	0.00422826	0.00419973
1.44061	0.00419973	0.00417476
1.44061	0.00417476	0.00415292
1.44061	0.00415292	0.0041338
1.44071	0.0041338	0.00411708
1.44071	0.00411708	0.00410244
1.44071	0.00410244	0.00408964
1.44071	0.00408964	0.00407843
1.44071	0.00407843	0.00406863
1.44451	0.00406863	0.00406005
1.44451	0.00406005	0.00405254
1.44451	0.00405254	0.00404597
1.44451	0.00404597	0.00404023
1.44451	0.00404023	0.0040352
1.44451	0.0040352	0.0040308
1.44451	0.0040308	0.00402695
1.44451	0.00402695	0.00402358
1.44451	0.00402358	0.00402063
1.44461	0.00402063	0.00401805
1.44461	0.00401805	0.00401579
1.44471	0.00401579	0.00401382
1.44471	0.00401382	0.00401209
1.44471	0.00401209	0.00401058
1.44471	0.00401058	0.00400926
1.44841	0.00400926	0.0045081
1.44841	0.0045081	0.00444459
1.44841	0.00444459	0.00438901
1.44841	0.00438901	0.00434039
1.44841	0.00434039	0.00429784
1.44841	0.00429784	0.00426061
1.44841	0.00426061	0.00422803
1.44841	0.00422803	0.00419953
1.44851	0.00419953	0.00417458
1.44851	0.00417458	0.00415276
1.44851	0.00415276	0.00413366
1.44851	0.00413366	0.00411696
1.44851	0.00411696	0.00410234
1.44851	0.00410234	0.00408954
1.44851	0.00408954	0.00407835
1.45231	0.00407835	0.00456856
1.45231	0.00456856	0.00449749
1.45231	0.00449749	0.0044353
1.45231	0.0044353	0.00438089
1.45231	0.00438089	0.00433328
1.45231	0.00433328	0.00429162
1.45231	0.00429162	0.00425516
1.45231	0.00425516	0.00422327
1.45231	0.00422327	0.00419536
1.45241	0.00419536	0.00417094
1.45241	0.00417094	0.00414957
1.45251	0.00414957	0.00413087
1.45251	0.00413087	0.00411451
1.45251	0.00411451	0.0041002
1.45251	0.0041002	0.00408767
1.45251	0.00408767	0.00407671
1.45621	0.00407671	0.00456712
1.45621	0.00456712	0.00449623
1.45621	0.00449623	0.0044342
1.45621	0.0044342	0.00437993
1.45621	0.00437993	0.00433244
1.45621	0.00433244	0.00429088
1.45621	0.00429088	0.00425452
1.45621	0.00425452	0.00422271
1.45631	0.00422271	0.00419487
1.45631	0.00419487	0.00417051
1.45631	0.00417051	0.00414919
1.45631	0.00414919	0.00413054
1.45631	0.00413054	0.00411423
1.45631	0.00411423	0.00409995
1.45631	0.00409995	0.00408745
1.45631	0.00408745	0.00407652
1.46011	0.00407652	0.00456696
1.46011	0.00456696	0.00449609
1.46011	0.00449609	0.00443407
1.46011	0.00443407	0.00437981
1.46011	0.00437981	0.00433234
1.46011	0.00433234	0.00429079
1.46011	0.00429079	0.00425444
1.46011	0.00425444	0.00422264
1.46011	0.00422264	0.00419481
1.46021	0.00419481	0.00417046
1.46021	0.00417046	0.00414915
1.46031	0.00414915	0.0041305
1.46031	0.0041305	0.00411419
1.46031	0.00411419	0.00409992
1.46031	0.00409992	0.00408743
1.46031	0.00408743	0.0040765
1.46031	0.0040765	0.00406693
1.46401	0.00406693	0.00455857
1.46401	0.00455857	0.00448875
1.46401	0.00448875	0.00442765
1.46401	0.00442765	0.0043742
1.46401	0.0043742	0.00432742
1.46401	0.00432742	0.00428649
1.46401	0.00428649	0.00425068
1.46401	0.00425068	0.00421935
1.46411	0.00421935	0.00419193
1.46411	0.00419193	0.00416794
1.46411	0.00416794	0.00414694
1.46411	0.00414694	0.00412857
1.46411	0.00412857	0.0041125
1.46411	0.0041125	0.00409844
1.46411	0.00409844	0.00408614
1.46411	0.00408614	0.00407537
1.46411	0.00407537	0.00406595
1.46831	0.00406595	0.0045577
1.46831	0.0045577	0.00448799
1.46831	0.00448799	0.00442699
1.46831	0.00442699	0.00437362
1.46831	0.00437362	0.00432691
1.46831	0.00432691	0.00428605
1.46831	0.00428605	0.00425029
1.46831	0.00425029	0.004219
1.46831	0.004219	0.00419163
1.46841	0.00419163	0.00416768
1.46841	0.00416768	0.00414671
1.46841	0.00414671	0.00412838
1.46841	0.00412838	0.00411233
1.46841	0.00411233	0.00409829
1.46841	0.00409829	0.004086
1.46841	0.004086	0.00407525
1.46841	0.00407525	0.00406584
1.46841	0.00406584	0.00405761
1.47201	0.00405761	0.00455041
1.47261	0.00455041	0.00448161
1.47261	0.00448161	0.00442141
1.47261	0.00442141	0.00436873
1.47261	0.00436873	0.00432264
1.47261	0.00432264	0.00428231
1.47261	0.00428231	0.00424702
1.47261	0.00424702	0.00421614
1.47261	0.00421614	0.00418912
1.47271	0.00418912	0.00416548
1.47271	0.00416548	0.0041448
1.47281	0.0041448	0.0041267
1.47281	0.0041267	0.00411086
1.47281	0.00411086	0.004097
1.47281	0.004097	0.00408487
1.47281	0.00408487	0.00407426
1.47281	0.00407426	0.00406498
1.47281	0.00406498	0.00405686
1.47381	0.00405686	0.00417475
1.47591	0.00417475	0.00402791
1.47681	0.00402791	0.00402442
1.47681	0.00402442	0.00402136
1.47681	0.00402136	0.00401869
1.47681	0.00401869	0.00401636
1.47681	0.00401636	0.00401431
1.47681	0.00401431	0.00401252
1.47681	0.00401252	0.00401096
1.47681	0.00401096	0.00400959
1.47691	0.00400959	0.00400839
1.47691	0.00400839	0.00400734
1.47691	0.00400734	0.00400642
1.47691	0.00400642	0.00400562
1.47691	0.00400562	0.00400491
1.47691	0.00400491	0.0040043
1.47691	0.0040043	0.00400376
1.47691	0.00400376	0.00400329
1.47711	0.00400329	0.00412788
1.47781	0.00412788	0.00423689
1.48011	0.00423689	0.00458228
1.48101	0.00458228	0.00475949
1.48101	0.00475949	0.00478956
1.48101	0.00478956	0.00481586
1.48101	0.00481586	0.00483888
1.48101	0.00483888	0.00485902
1.48101	0.00485902	0.00487664
1.48101	0.00487664	0.00489206
1.48101	0.00489206	0.00490555
1.48211	0.00490555	0.00504236
1.48211	0.00504236	0.00516206
1.48211	0.00516206	0.00526681
1.48211	0.00526681	0.00535845
1.48211	0.00535845	0.00543865
1.48211	0.00543865	0.00550882
1.48211	0.00550882	0.00557021
1.48211	0.00557021	0.00562394
1.48211	0.00562394	0.00567094
1.48221	0.00567094	0.00558708
1.48221	0.00558708	0.00551369
1.48401	0.00551369	0.00532448
1.48521	0.00532448	0.00515892
1.48521	0.00515892	0.00501405
1.48521	0.00501405	0.0048873
1.48521	0.0048873	0.00477638
1.48521	0.00477638	0.00467934
1.48521	0.00467934	0.00459442
1.48521	0.00459442	0.00452012
1.48591	0.00452012	0.0044551
1.48591	0.0044551	0.00427321
1.48591	0.00427321	0.00411406
1.48591	0.00411406	0.0039748
1.48591	0.0039748	0.00385295
1.48591	0.00385295	0.00374633
1.48591	0.00374633	0.00365304
1.48591	0.00365304	0.00357141
1.48591	0.00357141	0.00349998
1.48611	0.00349998	0.00356248
1.48611	0.00356248	0.00361717
1.48621	0.00361717	0.00366503
1.48791	0.00366503	0.0038319
1.49011	0.0038319	0.00410291
1.49021	0.00410291	0.00421505
1.49021	0.00421505	0.00431316
1.49021	0.00431316	0.00439902
1.49021	0.00439902	0.00447414
1.49021	0.00447414	0.00453987
1.49021	0.00453987	0.00459739
1.49021	0.00459739	0.00464771
1.49021	0.00464771	0.00469175
1.49021	0.00469175	0.00473028
1.49021	0.00473028	0.004764
1.49021	0.004764	0.0047935
1.49021	0.0047935	0.00481931
1.49021	0.00481931	0.00484189
1.49021	0.00484189	0.00486166
1.49021	0.00486166	0.00487895
1.49031	0.00487895	0.00489408
1.49031	0.00489408	0.00478232
1.49041	0.00478232	0.00468453
1.49041	0.00468453	0.00459896
1.49181	0.00459896	0.00452409
1.49431	0.00452409	0.00445858
1.49441	0.00445858	0.00440126
1.49451	0.00440126	0.0043511
1.49451	0.0043511	0.00430721
1.49451	0.00430721	0.00426881
1.49451	0.00426881	0.00423521
1.49451	0.00423521	0.00420581
1.49451	0.00420581	0.00418008
1.49451	0.00418008	0.00415757
1.49451	0.00415757	0.00413787
1.49451	0.00413787	0.00412064
1.49451	0.00412064	0.00410556
1.49451	0.00410556	0.00409236
1.49451	0.00409236	0.00408082
1.49461	0.00408082	0.00407071
1.49461	0.00407071	0.00406187
1.49461	0.00406187	0.00405414
1.49461	0.00405414	0.00404737
1.49461	0.00404737	0.00404145
1.49461	0.00404145	0.00403627
1.49601	0.00403627	0.00428173
1.49821	0.00428173	0.00462152
1.49821	0.00462152	0.00454383
1.49831	0.00454383	0.00447585
1.49831	0.00447585	0.00441637
1.49841	0.00441637	0.00436432
1.49851	0.00436432	0.00431878
1.49851	0.00431878	0.00427893
1.49851	0.00427893	0.00424406
1.49851	0.00424406	0.00421356
1.49851	0.00421356	0.00418686
1.49851	0.00418686	0.0041635
1.49851	0.0041635	0.00414306
1.49851	0.00414306	0.00412518
1.49851	0.00412518	0.00410953
1.49851	0.00410953	0.00409584
1.49881	0.00409584	0.00408386
1.49881	0.00408386	0.00407338
1.49891	0.00407338	0.0040642
1.49891	0.0040642	0.00405618
1.49891	0.00405618	0.00404915
1.49991	0.00404915	0.00416801
1.49991	0.00416801	0.00402201
1.50251	0.00402201	0.00401926
1.50251	0.00401926	0.00401685
1.50261	0.00401685	0.00401474
1.50261	0.00401474	0.0040129
1.50261	0.0040129	0.00401129
1.50261	0.00401129	0.00400987
1.50261	0.00400987	0.00400864
1.50271	0.00400864	0.00400756
1.50271	0.00400756	0.00400661
1.50271	0.00400661	0.00400579
1.50271	0.00400579	0.00400506
1.50271	0.00400506	0.00400443
1.50271	0.00400443	0.00400388
1.50271	0.00400388	0.00400339
1.50271	0.00400339	0.00400297
1.50281	0.00400297	0.0040026
1.50281	0.0040026	0.00400227
1.50291	0.00400227	0.00400199
1.50291	0.00400199	0.00400174
1.50291	0.00400174	0.00400152
1.50381	0.00400152	0.00400133
1.50381	0.00400133	0.00400116
1.50671	0.00400116	0.00437602
1.50671	0.00437602	0.00432901
1.50671	0.00432901	0.00428789
1.50671	0.00428789	0.0042519
1.50671	0.0042519	0.00422041
1.50671	0.00422041	0.00419286
1.50671	0.00419286	0.00416875
1.50671	0.00416875	0.00414766
1.50671	0.00414766	0.0041292
1.50671	0.0041292	0.00411305
1.50671	0.00411305	0.00409892
1.50671	0.00409892	0.00408655
1.50671	0.00408655	0.00407573
1.50671	0.00407573	0.00406627
1.50671	0.00406627	0.00405798
1.50671	0.00405798	0.00405073
1.50671	0.00405073	0.00404439
1.50671	0.00404439	0.00403884
1.50671	0.00403884	0.00403399
1.50811	0.00403399	0.00427974
1.50811	0.00427974	0.00449477
1.50811	0.00449477	0.00455792
1.50811	0.00455792	0.00461318
1.51091	0.00461318	0.00453653
1.51101	0.00453653	0.00459447
1.51101	0.00459447	0.00464516
1.51101	0.00464516	0.00468951
1.51101	0.00468951	0.00472832
1.51101	0.00472832	0.00476228
1.51101	0.00476228	0.004792
1.51101	0.004792	0.004818
1.51101	0.004818	0.00484075
1.51101	0.00484075	0.00486065
1.51101	0.00486065	0.00487807
1.51101	0.00487807	0.00489331
1.51101	0.00489331	0.00490665
1.51101	0.00490665	0.00491832
1.51101	0.00491832	0.00492853
1.51101	0.00492853	0.00493746
1.51101	0.00493746	0.00494528
1.51101	0.00494528	0.00495212
1.51221	0.00495212	0.0050831
1.51241	0.0050831	0.00494771
1.51241	0.00494771	0.00482925
1.51241	0.00482925	0.00472559
1.51241	0.00472559	0.00463489
1.51481	0.00463489	0.00480553
1.51491	0.00480553	0.00470484
1.51501	0.00470484	0.00461673
1.51501	0.00461673	0.00453964
1.51501	0.00453964	0.00447219
1.51501	0.00447219	0.00441316
1.51501	0.00441316	0.00436152
1.51501	0.00436152	0.00431633
1.51501	0.00431633	0.00427678
1.51501	0.00427678	0.00424219
1.51501	0.00424219	0.00421191
1.51501	0.00421191	0.00418542
1.51501	0.00418542	0.00416225
1.51501	0.00416225	0.00414196
1.51501	0.00414196	0.00412422
1.51501	0.00412422	0.00410869
1.51501	0.00410869	0.0040951
1.51631	0.0040951	0.00420821
1.51631	0.00420821	0.00430719
1.51631	0.00430719	0.00426879
1.51631	0.00426879	0.00423519
1.51631	0.00423519	0.00420579
1.51631	0.00420579	0.00418007
1.51871	0.00418007	0.00440756
1.51871	0.00440756	0.00435661
1.51881	0.00435661	0.00431204
1.51881	0.00431204	0.00414803
1.51881	0.00414803	0.00400453
1.51891	0.00400453	0.00387896
1.51901	0.00387896	0.00389409
1.51901	0.00389409	0.00390733
1.51901	0.00390733	0.00391891
1.51901	0.00391891	0.00392905
1.51901	0.00392905	0.00393792
1.51901	0.00393792	0.00394568
1.51901	0.00394568	0.00395247
1.51901	0.00395247	0.00395841
1.51951	0.00395841	0.00396361
1.51951	0.00396361	0.00396816
1.51951	0.00396816	0.00397214
1.51951	0.00397214	0.00397562
1.52021	0.00397562	0.00397867
1.52021	0.00397867	0.00398133
1.52021	0.00398133	0.00398366
1.52021	0.00398366	0.00398571
1.52021	0.00398571	0.00398749
1.52021	0.00398749	0.00398906
1.52291	0.00398906	0.00399042
1.52291	0.00399042	0.00399162
1.52291	0.00399162	0.00399267
1.52301	0.00399267	0.00411858
1.52301	0.00411858	0.00422876
1.52301	0.00422876	0.00432516
1.52301	0.00432516	0.00440952
1.52301	0.00440952	0.00435833
1.52301	0.00435833	0.00431354
1.52351	0.00431354	0.00427434
1.52351	0.00427434	0.00424005
1.52351	0.00424005	0.00421004
1.52351	0.00421004	0.00418379
1.52351	0.00418379	0.00416081
1.52361	0.00416081	0.00414071
1.52361	0.00414071	0.00412312
1.52361	0.00412312	0.00410773
1.52361	0.00410773	0.00409426
1.52411	0.00409426	0.00420748
1.52411	0.00420748	0.00418155
1.52411	0.00418155	0.00415885
1.52411	0.00415885	0.00413899
1.52411	0.00413899	0.00412162
1.52411	0.00412162	0.00410642
1.52711	0.00410642	0.00446811
1.52711	0.00446811	0.0045346
1.52711	0.0045346	0.00459277
1.52711	0.00459277	0.00464368
1.52761	0.00464368	0.00456322
1.52761	0.00456322	0.00449281
1.52761	0.00449281	0.00443121
1.52771	0.00443121	0.00437731
1.52771	0.00437731	0.00433015
1.52771	0.00433015	0.00428888
1.52771	0.00428888	0.00425277
1.52771	0.00425277	0.00422117
1.52771	0.00422117	0.00419352
1.52771	0.00419352	0.00416933
1.52781	0.00416933	0.00414817
1.52781	0.00414817	0.00412965
1.52781	0.00412965	0.00411344
1.52781	0.00411344	0.00409926
1.52791	0.00409926	0.00408685
1.53101	0.00408685	0.00445099
1.53111	0.00445099	0.00476962
1.53111	0.00476962	0.00504842
1.53111	0.00504842	0.00529236
1.53111	0.00529236	0.00550582
1.53111	0.00550582	0.00569259
1.53111	0.00569259	0.00548102
1.53111	0.00548102	0.00529589
1.53111	0.00529589	0.0051339
1.53141	0.0051339	0.00499216
1.53141	0.00499216	0.00486814
1.53141	0.00486814	0.00475962
1.53141	0.00475962	0.00466467
1.53141	0.00466467	0.00458159
1.53161	0.00458159	0.00450889
1.53171	0.00450889	0.00444528
1.53171	0.00444528	0.00438962
1.53171	0.00438962	0.00434091
1.53171	0.00434091	0.0042983
1.53171	0.0042983	0.00426101
1.53171	0.00426101	0.00422838
1.53171	0.00422838	0.00419984
1.53181	0.00419984	0.00417486
1.53181	0.00417486	0.004153
1.53181	0.004153	0.00413387
1.53521	0.00413387	0.00461714
1.53531	0.00461714	0.00454
1.53531	0.00454	0.0044725
1.53531	0.0044725	0.00441343
1.53541	0.00441343	0.00436175
1.53541	0.00436175	0.00431653
1.53541	0.00431653	0.00427697
1.53541	0.00427697	0.00424235
1.53541	0.00424235	0.00421205
1.53541	0.00421205	0.00418554
1.53541	0.00418554	0.00416235
1.53541	0.00416235	0.00414206
1.53541	0.00414206	0.0041243
1.53541	0.0041243	0.00410876
1.53541	0.00410876	0.00409516
1.53551	0.00409516	0.00408327
1.53551	0.00408327	0.00407286
1.53561	0.00407286	0.00406375
1.53561	0.00406375	0.00405578
1.53561	0.00405578	0.00404881
1.53561	0.00404881	0.00404271
1.53561	0.00404271	0.00403737
1.53561	0.00403737	0.0040327
1.53561	0.0040327	0.00402861
1.53561	0.00402861	0.00402503
1.53641	0.00402503	0.0041469
1.53941	0.0041469	0.00412854
1.53951	0.00412854	0.00411247
1.53951	0.00411247	0.00409841
1.53951	0.00409841	0.00408611
1.53951	0.00408611	0.00407535
1.53961	0.00407535	0.00406593
1.53971	0.00406593	0.00405769
1.53971	0.00405769	0.00405048
1.53971	0.00405048	0.00404417
1.53971	0.00404417	0.00403865
1.53971	0.00403865	0.00403381
1.53971	0.00403381	0.00402959
1.53971	0.00402959	0.00402589
1.53971	0.00402589	0.00402265
1.53971	0.00402265	0.00401982
1.53971	0.00401982	0.00401734
1.53971	0.00401734	0.00401517
1.53971	0.00401517	0.00401328
1.53971	0.00401328	0.00401162
1.53971	0.00401162	0.00401016
1.53971	0.00401016	0.00400889
1.53971	0.00400889	0.00400778
1.53981	0.00400778	0.00400681
1.53981	0.00400681	0.00400596
1.53981	0.00400596	0.00400521
1.54361	0.00400521	0.00450456
1.54361	0.00450456	0.00481649
1.54371	0.00481649	0.00471443
1.54371	0.00471443	0.00462512
1.54371	0.00462512	0.00454698
1.54371	0.00454698	0.00447861
1.54371	0.00447861	0.00441878
1.54371	0.00441878	0.00436644
1.54371	0.00436644	0.00432063
1.54381	0.00432063	0.00428055
1.54391	0.00428055	0.00424548
1.54391	0.00424548	0.0042148
1.54391	0.0042148	0.00418795
1.54391	0.00418795	0.00416445
1.54391	0.00416445	0.00414389
1.54391	0.00414389	0.00412591
1.54391	0.00412591	0.00411017
1.54391	0.00411017	0.0040964
1.54391	0.0040964	0.00408435
1.54391	0.00408435	0.0040738
1.54401	0.0040738	0.00418958
1.54401	0.00418958	0.00429088
1.54411	0.00429088	0.00437952
1.54411	0.00437952	0.00445708
1.54411	0.00445708	0.00452494
1.54411	0.00452494	0.00458433
1.54411	0.00458433	0.00463629
1.54751	0.00463629	0.00455675
1.54751	0.00455675	0.00448715
1.54761	0.00448715	0.00442626
1.54771	0.00442626	0.00437298
1.54771	0.00437298	0.00432635
1.54771	0.00432635	0.00428556
1.54771	0.00428556	0.00424986
1.54771	0.00424986	0.00421863
1.54771	0.00421863	0.0041913
1.54781	0.0041913	0.00416739
1.54781	0.00416739	0.00414647
1.54781	0.00414647	0.00412816
1.54781	0.00412816	0.00411214
1.54781	0.00411214	0.00409812
1.54781	0.00409812	0.00408585
1.54791	0.00408585	0.00407512
1.54791	0.00407512	0.00406573
1.54791	0.00406573	0.00405751
1.54791	0.00405751	0.00405032
1.54791	0.00405032	0.00404403
1.54791	0.00404403	0.00403853
1.54791	0.00403853	0.00390871
1.54801	0.00390871	0.00392012
1.54801	0.00392012	0.00393011
1.54801	0.00393011	0.00393884
1.54801	0.00393884	0.00394649
1.54801	0.00394649	0.00395318
1.55141	0.00395318	0.00433403
1.55141	0.00433403	0.00429227
1.55151	0.00429227	0.00425574
1.55151	0.00425574	0.00422377
1.55151	0.00422377	0.0041958
1.55151	0.0041958	0.00417133
1.55161	0.00417133	0.00414991
1.55171	0.00414991	0.00413117
1.55171	0.00413117	0.00411477
1.55171	0.00411477	0.00410043
1.55171	0.00410043	0.00408787
1.55171	0.00408787	0.00407689
1.55171	0.00407689	0.00406728
1.55171	0.00406728	0.00405887
1.55181	0.00405887	0.00405151
1.55181	0.00405151	0.00404507
1.55181	0.00404507	0.00403944
1.55181	0.00403944	0.0040345
1.55181	0.0040345	0.00403019
1.55181	0.00403019	0.00402642
1.55191	0.00402642	0.00402311
1.55191	0.00402311	0.00402022
1.55191	0.00402022	0.0040177
1.55191	0.0040177	0.00389048
1.55191	0.00389048	0.00377917
1.55191	0.00377917	0.00368178
1.55191	0.00368178	0.00359655
1.55201	0.00359655	0.00364698
1.55561	0.00364698	0.00369111
1.55561	0.00369111	0.00372972
1.55571	0.00372972	0.00376351
1.55571	0.00376351	0.00379307
1.55571	0.00379307	0.00381893
1.55581	0.00381893	0.00384157
1.55581	0.00384157	0.00386137
1.55581	0.00386137	0.0038787
1.55581	0.0038787	0.00389386
1.55591	0.00389386	0.00390713
1.55591	0.00390713	0.00391874
1.55591	0.00391874	0.00392889
1.55591	0.00392889	0.00393778
1.55591	0.00393778	0.00394556
1.55591	0.00394556	0.00395236
1.55591	0.00395236	0.00395832
1.55591	0.00395832	0.00396353
1.55591	0.00396353	0.00396809
1.55601	0.00396809	0.00409708
1.55601	0.00409708	0.00420994
1.55601	0.00420994	0.0043087
1.55601	0.0043087	0.00439511
1.55601	0.00439511	0.00447072
1.55601	0.00447072	0.00453688
1.55601	0.00453688	0.00459477
1.55601	0.00459477	0.00464542
1.55601	0.00464542	0.00468975
1.55681	0.00468975	0.00472853
1.56021	0.00472853	0.00513746
1.56021	0.00513746	0.00512028
1.56031	0.00512028	0.00510524
1.56031	0.00510524	0.00509209
1.56031	0.00509209	0.00508058
1.56041	0.00508058	0.0050705
1.56041	0.0050705	0.00506169
1.56041	0.00506169	0.00505398
1.56041	0.00505398	0.00504723
1.56041	0.00504723	0.00504133
1.56041	0.00504133	0.00503616
1.56041	0.00503616	0.00503164
1.56041	0.00503164	0.00502768
1.56041	0.00502768	0.00502422
1.56041	0.00502422	0.0050212
1.56041	0.0050212	0.00501855
1.56041	0.00501855	0.00501623
1.56041	0.00501623	0.0050142
1.56041	0.0050142	0.00501242
1.56041	0.00501242	0.00488587
1.56041	0.00488587	0.00477514
1.56041	0.00477514	0.00467824
1.56041	0.00467824	0.00459346
1.56041	0.00459346	0.00451928
1.56041	0.00451928	0.00445437
1.56041	0.00445437	0.00439757
1.56041	0.00439757	0.00434788
1.56041	0.00434788	0.00430439
1.56441	0.00430439	0.00476634
1.56441	0.00476634	0.00467055
1.56441	0.00467055	0.00458673
1.56441	0.00458673	0.00451339
1.56441	0.00451339	0.00444921
1.56441	0.00444921	0.00439306
1.56441	0.00439306	0.00434393
1.56441	0.00434393	0.00430094
1.56441	0.00430094	0.00426332
1.56441	0.00426332	0.0042304
1.56481	0.0042304	0.0042016
1.56481	0.0042016	0.0041764
1.56481	0.0041764	0.00415435
1.56481	0.00415435	0.00413506
1.56481	0.00413506	0.00411817
1.56481	0.00411817	0.0041034
1.56481	0.0041034	0.00409048
1.56481	0.00409048	0.00407917
1.56481	0.00407917	0.00406927
1.56481	0.00406927	0.00406061
1.56491	0.00406061	0.00405303
1.56491	0.00405303	0.0040464
1.56491	0.0040464	0.0040406
1.56491	0.0040406	0.00403553
1.56491	0.00403553	0.00403109
1.56491	0.00403109	0.0040272
1.56501	0.0040272	0.0041488
1.56501	0.0041488	0.0042552
1.56501	0.0042552	0.0043483
1.56891	0.0043483	0.00480476
1.56891	0.00480476	0.00470417
1.56891	0.00470417	0.00461615
1.56891	0.00461615	0.00453913
1.56891	0.00453913	0.00447174
1.56891	0.00447174	0.00441277
1.56891	0.00441277	0.00436117
1.56891	0.00436117	0.00431603
1.56891	0.00431603	0.00427652
1.56891	0.00427652	0.00424196
1.56891	0.00424196	0.00421171
1.56891	0.00421171	0.00418525
1.56901	0.00418525	0.00428709
1.56901	0.00428709	0.0043762
1.56901	0.0043762	0.00445418
1.56901	0.00445418	0.0045224
1.56901	0.0045224	0.0045821
1.56901	0.0045821	0.00463434
1.56901	0.00463434	0.00468005
1.56951	0.00468005	0.00472004
1.56961	0.00472004	0.00475504
1.56961	0.00475504	0.00478565
1.56961	0.00478565	0.00481245
1.56971	0.00481245	0.00483589
1.56971	0.00483589	0.00485641
1.56971	0.00485641	0.00487435
1.56971	0.00487435	0.00489006
1.56971	0.00489006	0.0047788
1.57331	0.0047788	0.00518145
1.57331	0.00518145	0.00553377
1.57331	0.00553377	0.00546705
1.57331	0.00546705	0.00540867
1.57331	0.00540867	0.00535758
1.57331	0.00535758	0.00531288
1.57331	0.00531288	0.00527377
1.57331	0.00527377	0.00523955
1.57331	0.00523955	0.00520961
1.57331	0.00520961	0.00518341
1.57331	0.00518341	0.00516048
1.57331	0.00516048	0.00514042
1.57331	0.00514042	0.00512287
1.57331	0.00512287	0.00510751
1.57341	0.00510751	0.00496907
1.57341	0.00496907	0.00484794
1.57341	0.00484794	0.00474194
1.57341	0.00474194	0.0046492
1.57351	0.0046492	0.00456805
1.57351	0.00456805	0.00449704
1.57351	0.00449704	0.00443491
1.57381	0.00443491	0.00438055
1.57391	0.00438055	0.00433298
1.57391	0.00433298	0.00429136
1.57401	0.00429136	0.00437994
1.57411	0.00437994	0.00445744
1.57411	0.00445744	0.00452526
1.57411	0.00452526	0.00458461
1.57701	0.00458461	0.00501153
1.57701	0.00501153	0.00538509
1.57751	0.00538509	0.00571195
1.57751	0.00571195	0.00549796
1.57761	0.00549796	0.00531071
1.57771	0.00531071	0.00514687
1.57771	0.00514687	0.00500351
1.57771	0.00500351	0.00487807
1.57771	0.00487807	0.00476831
1.57771	0.00476831	0.00467227
1.57771	0.00467227	0.00458824
1.57771	0.00458824	0.00451471
1.57771	0.00451471	0.00445037
1.57771	0.00445037	0.00439407
1.57771	0.00439407	0.00434481
1.57771	0.00434481	0.00430171
1.57771	0.00430171	0.004264
1.57771	0.004264	0.004231
1.57771	0.004231	0.00420212
1.57781	0.00420212	0.00417686
1.57781	0.00417686	0.00415475
1.57781	0.00415475	0.0041354
1.57791	0.0041354	0.00411848
1.57791	0.00411848	0.00410367
1.57791	0.00410367	0.00409071
1.57801	0.00409071	0.00420437
1.57801	0.00420437	0.00430382
1.57811	0.00430382	0.00426585
1.57821	0.00426585	0.00423262
1.58674	0.00423262	0.00520354
1.591	0.00520354	0.0065531
1.591	0.0065531	0.00735896
1.591	0.00735896	0.00806409
1.591	0.00806409	0.00868108
1.591	0.00868108	0.00922094
1.591	0.00922094	0.00969332
1.591	0.00969332	0.0101067
1.591	0.0101067	0.0104683
1.591	0.0104683	0.0107848
1.591	0.0107848	0.0110617
1.591	0.0110617	0.011304
1.591	0.011304	0.011516
1.591	0.011516	0.0117015
1.591	0.0117015	0.0118638
1.591	0.0118638	0.0120058
1.591	0.0120058	0.0121301
1.591	0.0121301	0.0122388
1.591	0.0122388	0.012334
1.591	0.012334	0.0124172
1.591	0.0124172	0.0124901
1.591	0.0124901	0.0125538
1.591	0.0125538	0.0126096
1.591	0.0126096	0.0126584
1.591	0.0126584	0.0127011
1.591	0.0127011	0.0127385
1.591	0.0127385	0.0127711
1.591	0.0127711	0.0127998
1.591	0.0127998	0.0126998
1.591	0.0126998	0.0126123
1.60671	0.0126123	0.0145358
1.60671	0.0145358	0.0162188
1.60671	0.0162188	0.0166914
1.60671	0.0166914	0.016605
1.60671	0.016605	0.0165294
1.60671	0.0165294	0.0164632
1.60691	0.0164632	0.0164053
1.60731	0.0164053	0.0164796
1.60741	0.0164796	0.0165447
1.60741	0.0165447	0.0166016
1.60741	0.0166016	0.0166514
1.60741	0.0166514	0.016695
1.60751	0.016695	0.0167331
1.60751	0.0167331	0.0167665
1.60761	0.0167665	0.0167957
1.60771	0.0167957	0.0168212
1.60811	0.0168212	0.0169685
1.60831	0.0169685	0.0170975
1.60831	0.0170975	0.0172103
1.60831	0.0172103	0.017309
1.60831	0.017309	0.0173954
1.60841	0.0173954	0.017471
1.60851	0.017471	0.0175371
1.60861	0.0175371	0.017595
1.60861	0.017595	0.0176456
1.60871	0.0176456	0.0176899
1.60871	0.0176899	0.0177286
1.60881	0.0177286	0.0177626
1.60881	0.0177626	0.0177922
1.61051	0.0177922	0.0180682
1.61061	0.0180682	0.0183097
1.61061	0.0183097	0.018521
1.61061	0.018521	0.0187059
1.61061	0.0187059	0.0168676
1.61061	0.0168676	0.0152592
1.61061	0.0152592	0.0138518
1.61071	0.0138518	0.0126203
1.61071	0.0126203	0.0115428
1.61141	0.0115428	0.0107249
1.61161	0.0107249	0.0100093
1.61161	0.0100093	0.00925814
1.61161	0.00925814	0.00860087
1.61161	0.00860087	0.00802576
1.61161	0.00802576	0.00752254
1.61171	0.00752254	0.00708222
1.61171	0.00708222	0.00669694
1.61181	0.00669694	0.00635983
1.61181	0.00635983	0.00606485
1.61271	0.00606485	0.00593174
1.61271	0.00593174	0.00569027
1.61271	0.00569027	0.00547899
1.61271	0.00547899	0.00529411
1.61271	0.00529411	0.00513235
1.61271	0.00513235	0.00499081
1.61271	0.00499081	0.00486695
1.61281	0.00486695	0.00475858
1.61291	0.00475858	0.00466376
1.61301	0.00466376	0.00470579
1.61301	0.00470579	0.00474257
1.61301	0.00474257	0.00477475
1.61431	0.00477475	0.0049279
1.61441	0.0049279	0.00506191
1.61441	0.00506191	0.00492917
1.61441	0.00492917	0.00481303
1.61441	0.00481303	0.0047114
1.61451	0.0047114	0.00462247
1.61451	0.00462247	0.00454466
1.61451	0.00454466	0.00447658
1.61451	0.00447658	0.00441701
1.61461	0.00441701	0.00436488
1.61581	0.00436488	0.00444427
1.61591	0.00444427	0.00438874
1.61591	0.00438874	0.00434014
1.61591	0.00434014	0.00429763
1.61591	0.00429763	0.00426042
1.61601	0.00426042	0.00435287
1.61601	0.00435287	0.00443376
1.61601	0.00443376	0.00450454
1.61601	0.00450454	0.00456647
1.61611	0.00456647	0.00462066
1.61721	0.00462066	0.00479308
1.61731	0.00479308	0.00481894
1.61731	0.00481894	0.00484158
1.61731	0.00484158	0.00486138
1.61731	0.00486138	0.00487871
1.61731	0.00487871	0.00489387
1.61741	0.00489387	0.00490713
1.61741	0.00490713	0.00491874
1.61741	0.00491874	0.0049289
1.61741	0.0049289	0.00493779
1.61741	0.00493779	0.00482056
1.61741	0.00482056	0.00471799
1.61871	0.00471799	0.00475324
1.61881	0.00475324	0.00465909
1.61881	0.00465909	0.0045767
1.61881	0.0045767	0.00450461
1.61881	0.00450461	0.00444153
1.61881	0.00444153	0.00438634
1.61891	0.00438634	0.00433805
1.61891	0.00433805	0.00429579
1.61891	0.00429579	0.00425882
1.61891	0.00425882	0.00422647
1.61891	0.00422647	0.00419816
1.62041	0.00419816	0.00429839
1.62041	0.00429839	0.00438609
1.62041	0.00438609	0.00446283
1.62041	0.00446283	0.00452997
1.62041	0.00452997	0.00458873
1.62041	0.00458873	0.00451513
1.62041	0.00451513	0.00445074
1.62041	0.00445074	0.0043944
1.62041	0.0043944	0.0043451
1.62041	0.0043451	0.00430196
1.62121	0.00430196	0.00426422
1.62131	0.00426422	0.00423119
1.62131	0.00423119	0.00420229
1.62131	0.00420229	0.004177
1.62131	0.004177	0.00415488
1.62131	0.00415488	0.00413552
1.62141	0.00413552	0.00411858
1.62141	0.00411858	0.00410375
1.62141	0.00410375	0.00409078
1.62141	0.00409078	0.00407944
1.62141	0.00407944	0.00406951
1.62151	0.00406951	0.00406082
1.62281	0.00406082	0.00405321
1.62291	0.00405321	0.00404656
1.62291	0.00404656	0.00404074
1.62291	0.00404074	0.00403565
1.62291	0.00403565	0.00403119
1.62291	0.00403119	0.00402729
1.62421	0.00402729	0.00427388
1.62421	0.00427388	0.00448964
1.62421	0.00448964	0.00467844
1.62421	0.00467844	0.00484363
1.62421	0.00484363	0.00498818
1.62441	0.00498818	0.00511466
1.62441	0.00511466	0.00497532
1.62441	0.00497532	0.00485341
1.62441	0.00485341	0.00474673
1.62441	0.00474673	0.00465339
1.62441	0.00465339	0.00457172
1.62441	0.00457172	0.00450025
1.62441	0.00450025	0.00443772
1.62441	0.00443772	0.004383
1.62521	0.004383	0.00446013
1.62541	0.00446013	0.00452761
1.62541	0.00452761	0.00446166
1.62541	0.00446166	0.00440395
1.62541	0.00440395	0.00435346
1.62541	0.00435346	0.00430927
1.62541	0.00430927	0.00427062
1.62541	0.00427062	0.00423679
1.62551	0.00423679	0.00420719
1.62551	0.00420719	0.00418129
1.62551	0.00418129	0.00415863
1.62551	0.00415863	0.0041388
1.62551	0.0041388	0.00412145
1.62691	0.00412145	0.00423127
1.62701	0.00423127	0.00432736
1.62701	0.00432736	0.00441144
1.62701	0.00441144	0.00448501
1.62701	0.00448501	0.00454938
1.62701	0.00454938	0.00460571
1.62701	0.00460571	0.004655
1.62821	0.004655	0.00457312
1.62831	0.00457312	0.00450148
1.62841	0.00450148	0.00443879
1.62841	0.00443879	0.00438395
1.62841	0.00438395	0.00433595
1.62841	0.00433595	0.00429396
1.62871	0.00429396	0.00425721
1.62881	0.00425721	0.00422506
1.62881	0.00422506	0.00419693
1.62881	0.00419693	0.00417231
1.62881	0.00417231	0.00415077
1.62881	0.00415077	0.00413192
1.62881	0.00413192	0.00411543
1.62881	0.00411543	0.004101
1.62951	0.004101	0.00408838
1.62961	0.00408838	0.00407733
1.62961	0.00407733	0.00406766
1.62961	0.00406766	0.0040592
1.62961	0.0040592	0.0040518
1.62961	0.0040518	0.00404533
1.62961	0.00404533	0.00403966
1.62971	0.00403966	0.0040347
1.62971	0.0040347	0.00403037
1.62971	0.00403037	0.00402657
1.62971	0.00402657	0.00402325
1.62971	0.00402325	0.00402034
1.62971	0.00402034	0.0040178
1.63101	0.0040178	0.00414057
1.63111	0.00414057	0.004123
1.63111	0.004123	0.00410763
1.63111	0.00410763	0.00409417
1.63111	0.00409417	0.0040824
1.63111	0.0040824	0.0040721
1.63111	0.0040721	0.00406309
1.63221	0.00406309	0.0041802
1.63221	0.0041802	0.00415767
1.63221	0.00415767	0.00413797
1.63231	0.00413797	0.00412072
1.63241	0.00412072	0.00410563
1.63241	0.00410563	0.00409243
1.63241	0.00409243	0.00408087
1.63251	0.00408087	0.00407076
1.63271	0.00407076	0.00406192
1.63321	0.00406192	0.00417918
1.63321	0.00417918	0.00428178
1.63321	0.00428178	0.00437156
1.63321	0.00437156	0.00445011
1.63321	0.00445011	0.00451885
1.63491	0.00451885	0.00470399
1.63501	0.00470399	0.00486599
1.63501	0.00486599	0.00500774
1.63501	0.00500774	0.00513177
1.63501	0.00513177	0.0052403
1.63501	0.0052403	0.00533526
1.63501	0.00533526	0.00541836
1.63501	0.00541836	0.00549106
1.63511	0.00549106	0.00555468
1.63511	0.00555468	0.00561034
1.63511	0.00561034	0.00565905
1.63511	0.00565905	0.00570167
1.63511	0.00570167	0.00573896
1.63511	0.00573896	0.00577159
1.63511	0.00577159	0.00555014
1.63521	0.00555014	0.00535637
1.63521	0.00535637	0.00518682
1.63521	0.00518682	0.00503847
1.63521	0.00503847	0.00490866
1.63521	0.00490866	0.00479508
1.63521	0.00479508	0.00469569
1.63651	0.00469569	0.00460873
1.63651	0.00460873	0.00453264
1.63651	0.00453264	0.00446606
1.63651	0.00446606	0.0044078
1.63671	0.0044078	0.00435683
1.63681	0.00435683	0.00431222
1.63681	0.00431222	0.00427319
1.63681	0.00427319	0.00423904
1.63681	0.00423904	0.00420916
1.63881	0.00420916	0.00430802
1.63891	0.00430802	0.00439451
1.63891	0.00439451	0.0044702
1.63891	0.0044702	0.00453642
1.63891	0.00453642	0.00459437
1.63891	0.00459437	0.00452007
1.63891	0.00452007	0.00433006
1.63901	0.00433006	0.00428881
1.63901	0.00428881	0.0042527
1.63901	0.0042527	0.00422112
1.63901	0.00422112	0.00419348
1.63901	0.00419348	0.00416929
1.63901	0.00416929	0.00414813
1.63911	0.00414813	0.00412961
1.63911	0.00412961	0.00411341
1.63911	0.00411341	0.00409923
1.63911	0.00409923	0.00408683
1.63911	0.00408683	0.00407597
1.63911	0.00407597	0.00406648
1.63921	0.00406648	0.00405817
1.63921	0.00405817	0.0040509
1.63921	0.0040509	0.00404453
1.63921	0.00404453	0.00403897
1.63921	0.00403897	0.0040341
1.63921	0.0040341	0.00402983
1.63921	0.00402983	0.0040261
1.64071	0.0040261	0.00414784
1.64081	0.00414784	0.00412936
1.64081	0.00412936	0.00411319
1.64081	0.00411319	0.00409904
1.64081	0.00409904	0.00408666
1.64081	0.00408666	0.00407583
1.64081	0.00407583	0.00406635
1.64081	0.00406635	0.00405805
1.64271	0.00405805	0.0043008
1.64271	0.0043008	0.0045132
1.64281	0.0045132	0.00444905
1.64291	0.00444905	0.00439292
1.64291	0.00439292	0.0043438
1.64291	0.0043438	0.00430083
1.64291	0.00430083	0.00426322
1.64291	0.00426322	0.00423032
1.64291	0.00423032	0.00420153
1.64291	0.00420153	0.00405134
1.64301	0.00405134	0.00404492
1.64301	0.00404492	0.0040393
1.64301	0.0040393	0.00403439
1.64301	0.00403439	0.00403009
1.64301	0.00403009	0.00402633
1.64301	0.00402633	0.00402304
1.64301	0.00402304	0.00402016
1.64311	0.00402016	0.00401764
1.64311	0.00401764	0.00401543
1.64311	0.00401543	0.0040135
1.64311	0.0040135	0.00401182
1.64311	0.00401182	0.00401034
1.64311	0.00401034	0.00400905
1.64311	0.00400905	0.00400791
1.64321	0.00400791	0.00400692
1.64321	0.00400692	0.00400606
1.64321	0.00400606	0.0040053
1.64321	0.0040053	0.00400464
1.64461	0.00400464	0.00400406
1.64471	0.00400406	0.00400355
1.64471	0.00400355	0.0040031
1.64471	0.0040031	0.00400272
1.64471	0.00400272	0.00400238
1.64471	0.00400238	0.00400208
1.64471	0.00400208	0.00400182
1.64661	0.00400182	0.00425159
1.64661	0.00425159	0.00422014
1.64661	0.00422014	0.00419262
1.64671	0.00419262	0.00416855
1.64671	0.00416855	0.00414748
1.64671	0.00414748	0.00412904
1.64671	0.00412904	0.00411291
1.64681	0.00411291	0.0040988
1.64691	0.0040988	0.00408645
1.64691	0.00408645	0.00407564
1.64691	0.00407564	0.00406618
1.64691	0.00406618	0.00393291
1.64691	0.00393291	0.0038163
1.64691	0.0038163	0.00371426
1.64701	0.00371426	0.00374998
1.64701	0.00374998	0.00378123
1.64701	0.00378123	0.00380857
1.64701	0.00380857	0.0038325
1.64701	0.0038325	0.00385344
1.64701	0.00385344	0.00387176
1.64701	0.00387176	0.00388779
1.64711	0.00388779	0.00390182
1.64711	0.00390182	0.00391409
1.64711	0.00391409	0.00392483
1.64711	0.00392483	0.00393422
1.64711	0.00393422	0.00394245
1.64711	0.00394245	0.00394964
1.64711	0.00394964	0.00395593
1.64721	0.00395593	0.00396144
1.64851	0.00396144	0.00409126
1.64861	0.00409126	0.00407985
1.64861	0.00407985	0.00406987
1.64861	0.00406987	0.00406114
1.64861	0.00406114	0.00405349
1.64861	0.00405349	0.00404681
1.64861	0.00404681	0.00404096
1.65051	0.00404096	0.00428584
1.65051	0.00428584	0.00425011
1.65051	0.00425011	0.00421884
1.65051	0.00421884	0.00419149
1.65061	0.00419149	0.00416755
1.65071	0.00416755	0.00414661
1.65071	0.00414661	0.00412828
1.65071	0.00412828	0.00411224
1.65071	0.00411224	0.00409821
1.65071	0.00409821	0.00408594
1.65081	0.00408594	0.00407519
1.65081	0.00407519	0.00406579
1.65081	0.00406579	0.00405757
1.65081	0.00405757	0.00405037
1.65081	0.00405037	0.00404408
1.65081	0.00404408	0.00391356
1.65081	0.00391356	0.00379937
1.65091	0.00379937	0.00369945
1.65091	0.00369945	0.00361202
1.65091	0.00361202	0.00353551
1.65091	0.00353551	0.00346857
1.65091	0.00346857	0.00341
1.65091	0.00341	0.00335875
1.65101	0.00335875	0.00343891
1.65101	0.00343891	0.00350904
1.65101	0.00350904	0.00357041
1.65101	0.00357041	0.00362411
1.65101	0.00362411	0.0036711
1.65101	0.0036711	0.00371221
1.65101	0.00371221	0.00374818
1.65281	0.00374818	0.00377966
1.65281	0.00377966	0.0038072
1.65281	0.0038072	0.0038313
1.65441	0.0038313	0.00410239
1.65451	0.00410239	0.00433959
1.65451	0.00433959	0.00454714
1.65451	0.00454714	0.00472875
1.65451	0.00472875	0.00463765
1.65451	0.00463765	0.00455794
1.65451	0.00455794	0.0044882
1.65461	0.0044882	0.00442718
1.65461	0.00442718	0.00437378
1.65461	0.00437378	0.00432705
1.65461	0.00432705	0.00428617
1.65461	0.00428617	0.0042504
1.65461	0.0042504	0.0042191
1.65461	0.0042191	0.00419171
1.65471	0.00419171	0.00416775
1.65471	0.00416775	0.00414678
1.65471	0.00414678	0.00412843
1.65471	0.00412843	0.00411238
1.65471	0.00411238	0.00409833
1.65471	0.00409833	0.00408604
1.65471	0.00408604	0.00407528
1.65481	0.00407528	0.00406587
1.65481	0.00406587	0.00405764
1.65481	0.00405764	0.00405043
1.65481	0.00405043	0.00404413
1.65481	0.00404413	0.00403861
1.65481	0.00403861	0.00403378
1.65491	0.00403378	0.00390456
1.65491	0.00390456	0.00379149
1.65491	0.00379149	0.00369255
1.65491	0.00369255	0.00360598
1.65491	0.00360598	0.00353024
1.65491	0.00353024	0.00346395
1.65491	0.00346395	0.00340596
1.65671	0.00340596	0.00360522
1.65671	0.00360522	0.00365456
1.65671	0.00365456	0.00369774
1.65831	0.00369774	0.00398552
1.65841	0.00398552	0.00398733
1.65851	0.00398733	0.00398892
1.65851	0.00398892	0.0039903
1.65851	0.0039903	0.00399151
1.65851	0.00399151	0.00399257
1.65851	0.00399257	0.0039935
1.65851	0.0039935	0.00399431
1.65851	0.00399431	0.00399502
1.65861	0.00399502	0.00399564
1.65861	0.00399564	0.00399619
1.65861	0.00399619	0.00399666
1.65861	0.00399666	0.00399708
1.65861	0.00399708	0.00399744
1.65861	0.00399744	0.00399776
1.65861	0.00399776	0.00399804
1.65871	0.00399804	0.00399829
1.65871	0.00399829	0.0039985
1.65871	0.0039985	0.00399869
1.65871	0.00399869	0.00399885
1.65871	0.00399885	0.00399899
1.65871	0.00399899	0.00399912
1.65871	0.00399912	0.00399923
1.65881	0.00399923	0.00399933
1.65881	0.00399933	0.00399941
1.65881	0.00399941	0.00399948
1.65881	0.00399948	0.00399955
1.65881	0.00399955	0.0039996
1.65881	0.0039996	0.00399965
1.65891	0.00399965	0.0039997
1.65891	0.0039997	0.00399973
1.65891	0.00399973	0.00399977
1.65891	0.00399977	0.0039998
1.65891	0.0039998	0.00399982
1.65891	0.00399982	0.00399984
1.66061	0.00399984	0.00399986
1.66061	0.00399986	0.00399988
1.66061	0.00399988	0.00399989
1.66221	0.00399989	0.00399991
1.66231	0.00399991	0.00399992
1.66231	0.00399992	0.00399993
1.66241	0.00399993	0.00399994
1.66251	0.00399994	0.00399994
1.66251	0.00399994	0.00399995
1.66251	0.00399995	0.00399996
1.66251	0.00399996	0.00399996
1.66251	0.00399996	0.00399997
1.66251	0.00399997	0.00399997
1.66251	0.00399997	0.00399997
1.66261	0.00399997	0.00399998
1.66261	0.00399998	0.00399998
1.66261	0.00399998	0.00399998
1.66261	0.00399998	0.00399998
1.66261	0.00399998	0.00399999
1.66261	0.00399999	0.00399999
1.66261	0.00399999	0.00399999
1.66271	0.00399999	0.00399999
1.66271	0.00399999	0.00399999
1.66271	0.00399999	0.00399999
1.66271	0.00399999	0.00399999
1.66271	0.00399999	0.00399999
1.66271	0.00399999	0.00399999
1.66451	0.00399999	0.00424999
1.66451	0.00424999	0.00421874
1.66451	0.00421874	0.0041914
1.66611	0.0041914	0.00441747
1.66621	0.00441747	0.00436529
1.66621	0.00436529	0.00431963
1.66621	0.00431963	0.00427967
1.66621	0.00427967	0.00424471
1.66661	0.00424471	0.00421412
1.66661	0.00421412	0.00418736
1.66661	0.00418736	0.00416394
1.66661	0.00416394	0.00414344
1.66661	0.00414344	0.00412551
1.66661	0.00412551	0.00410982
1.66661	0.00410982	0.0040961
1.66661	0.0040961	0.00408408
1.66661	0.00408408	0.00407357
1.66661	0.00407357	0.00406438
1.66661	0.00406438	0.00405633
1.66661	0.00405633	0.00404929
1.66661	0.00404929	0.00404313
1.66661	0.00404313	0.00403773
1.66661	0.00403773	0.00403302
1.66661	0.00403302	0.00402889
1.66661	0.00402889	0.00402528
1.66661	0.00402528	0.00402212
1.66671	0.00402212	0.00401935
1.66671	0.00401935	0.00401693
1.66681	0.00401693	0.00401482
1.66681	0.00401482	0.00401296
1.66681	0.00401296	0.00401134
1.66681	0.00401134	0.00400993
1.66681	0.00400993	0.00400868
1.66681	0.00400868	0.0040076
1.66681	0.0040076	0.00400665
1.66691	0.00400665	0.00400582
1.66691	0.00400582	0.00400509
1.66691	0.00400509	0.00400445
1.66691	0.00400445	0.0040039
1.66841	0.0040039	0.00400341
1.66841	0.00400341	0.00400298
1.66841	0.00400298	0.00400261
1.67001	0.00400261	0.00400228
1.67011	0.00400228	0.004002
1.67011	0.004002	0.00400175
1.67011	0.00400175	0.00400153
1.67011	0.00400153	0.00400134
1.67051	0.00400134	0.00400117
1.67061	0.00400117	0.00400102
1.67061	0.00400102	0.00400089
1.67061	0.00400089	0.00400078
1.67061	0.00400078	0.00400068
1.67061	0.00400068	0.0040006
1.67061	0.0040006	0.00400052
1.67061	0.00400052	0.00400046
1.67071	0.00400046	0.0040004
1.67071	0.0040004	0.00400035
1.67071	0.00400035	0.00400031
1.67071	0.00400031	0.00400027
1.67071	0.00400027	0.00400023
1.67071	0.00400023	0.0040002
1.67071	0.0040002	0.00400018
1.67081	0.00400018	0.00400015
1.67081	0.00400015	0.00400013
1.67081	0.00400013	0.00400012
1.67081	0.00400012	0.0040001
1.67081	0.0040001	0.00400009
1.67081	0.00400009	0.00400008
1.67081	0.00400008	0.00400007
1.67091	0.00400007	0.00400006
1.67091	0.00400006	0.00400005
1.67091	0.00400005	0.00400004
1.67091	0.00400004	0.00400004
1.67091	0.00400004	0.00400003
1.67091	0.00400003	0.00400003
1.67091	0.00400003	0.00400002
1.67091	0.00400002	0.00400002
1.67201	0.00400002	0.00425002
1.67261	0.00425002	0.00446876
1.67261	0.00446876	0.00441017
1.67391	0.00441017	0.0044839
1.67391	0.0044839	0.00454841
1.67401	0.00454841	0.00447986
1.67401	0.00447986	0.00441987
1.67401	0.00441987	0.00436739
1.67401	0.00436739	0.00432147
1.67431	0.00432147	0.00428128
1.67431	0.00428128	0.00424612
1.67461	0.00424612	0.00421535
1.67461	0.00421535	0.00418843
1.67461	0.00418843	0.00416488
1.67461	0.00416488	0.00414427
1.67461	0.00414427	0.00412624
1.67461	0.00412624	0.00411046
1.67461	0.00411046	0.00409665
1.67501	0.00409665	0.00420957
1.67501	0.00420957	0.00430837
1.67511	0.00430837	0.00439482
1.67511	0.00439482	0.00447047
1.67511	0.00447047	0.00453666
1.67511	0.00453666	0.00459458
1.67511	0.00459458	0.00464526
1.67511	0.00464526	0.0046896
1.67511	0.0046896	0.0047284
1.67601	0.0047284	0.00488735
1.67601	0.00488735	0.00502643
1.67601	0.00502643	0.00514813
1.67601	0.00514813	0.00525461
1.67601	0.00525461	0.00534778
1.67601	0.00534778	0.00542931
1.67651	0.00542931	0.00550065
1.67791	0.00550065	0.00568806
1.67791	0.00568806	0.00585206
1.67791	0.00585206	0.00599555
1.67791	0.00599555	0.0061211
1.67791	0.0061211	0.00623097
1.67791	0.00623097	0.00632709
1.67791	0.00632709	0.00616121
1.67791	0.00616121	0.00601606
1.67791	0.00601606	0.00588905
1.67791	0.00588905	0.00565292
1.67791	0.00565292	0.0054463
1.67791	0.0054463	0.00514051
1.67791	0.00514051	0.00487295
1.67791	0.00487295	0.00463883
1.67861	0.00463883	0.00455898
1.67861	0.00455898	0.0044891
1.67861	0.0044891	0.00442797
1.67861	0.00442797	0.00437447
1.67861	0.00437447	0.00432766
1.67861	0.00432766	0.0042867
1.67861	0.0042867	0.00425087
1.67901	0.00425087	0.00434451
1.67901	0.00434451	0.00442644
1.67911	0.00442644	0.00449814
1.67911	0.00449814	0.00443587
1.67911	0.00443587	0.00438138
1.67911	0.00438138	0.00433371
1.67911	0.00433371	0.004292
1.67911	0.004292	0.0042555
1.67911	0.0042555	0.00422356
1.67911	0.00422356	0.00419561
1.68041	0.00419561	0.00429616
1.68041	0.00429616	0.00438414
1.68051	0.00438414	0.00433612
1.68051	0.00433612	0.00429411
1.68051	0.00429411	0.00425734
1.68051	0.00425734	0.00422518
1.68051	0.00422518	0.00419703
1.68051	0.00419703	0.0041724
1.68051	0.0041724	0.00415085
1.68181	0.00415085	0.00413199
1.68191	0.00413199	0.00411549
1.68191	0.00411549	0.00410106
1.68191	0.00410106	0.00408842
1.68191	0.00408842	0.00407737
1.68191	0.00407737	0.0040677
1.68191	0.0040677	0.00405924
1.68191	0.00405924	0.00405183
1.68191	0.00405183	0.00404535
1.68191	0.00404535	0.00403968
1.68191	0.00403968	0.00403472
1.68191	0.00403472	0.00403038
1.68191	0.00403038	0.00402658
1.68251	0.00402658	0.00414826
1.68251	0.00414826	0.00425473
1.68251	0.00425473	0.00422289
1.68251	0.00422289	0.00419502
1.68251	0.00419502	0.00417065
1.68251	0.00417065	0.00414931
1.68261	0.00414931	0.00413065
1.68261	0.00413065	0.00411432
1.68471	0.00411432	0.00435003
1.68481	0.00435003	0.00443127
1.68481	0.00443127	0.00450236
1.68481	0.00450236	0.00456457
1.68481	0.00456457	0.004619
1.68481	0.004619	0.00466662
1.68481	0.00466662	0.00470829
1.68481	0.00470829	0.00474476
1.68481	0.00474476	0.00477666
1.68481	0.00477666	0.00480458
1.68481	0.00480458	0.00482901
1.68481	0.00482901	0.00472538
1.68481	0.00472538	0.00463471
1.68481	0.00463471	0.00455537
1.68481	0.00455537	0.00448595
1.68481	0.00448595	0.0044252
1.68481	0.0044252	0.00437205
1.68481	0.00437205	0.00432555
1.68541	0.00432555	0.00440985
1.68571	0.00440985	0.00448362
1.68581	0.00448362	0.00442317
1.68591	0.00442317	0.00437027
1.68591	0.00437027	0.00432399
1.68591	0.00432399	0.00428349
1.68591	0.00428349	0.00424805
1.68591	0.00424805	0.00421704
1.68591	0.00421704	0.00418991
1.68591	0.00418991	0.00416617
1.68591	0.00416617	0.0041454
1.68591	0.0041454	0.00412722
1.68591	0.00412722	0.00411132
1.68591	0.00411132	0.00409741
1.68671	0.00409741	0.00421023
1.68671	0.00421023	0.00418395
1.68671	0.00418395	0.00416096
1.68671	0.00416096	0.00414084
1.68671	0.00414084	0.00412323
1.68671	0.00412323	0.00410783
1.68671	0.00410783	0.00409435
1.68671	0.00409435	0.00408255
1.68841	0.00408255	0.00432223
1.68841	0.00432223	0.00428195
1.68861	0.00428195	0.00424671
1.68871	0.00424671	0.00421587
1.68881	0.00421587	0.00418889
1.68881	0.00418889	0.00416527
1.68881	0.00416527	0.00414461
1.68881	0.00414461	0.00412654
1.68881	0.00412654	0.00411072
1.68881	0.00411072	0.00409688
1.68881	0.00409688	0.00408477
1.68881	0.00408477	0.00407417
1.68881	0.00407417	0.0040649
1.68881	0.0040649	0.00405679
1.68881	0.00405679	0.00404969
1.68881	0.00404969	0.00404348
1.68881	0.00404348	0.00403804
1.68881	0.00403804	0.00403329
1.68951	0.00403329	0.00415412
1.68981	0.00415412	0.00413486
1.68991	0.00413486	0.004118
1.68991	0.004118	0.00410325
1.68991	0.00410325	0.00409034
1.68991	0.00409034	0.00407905
1.68991	0.00407905	0.00406917
1.68991	0.00406917	0.00406052
1.68991	0.00406052	0.00405296
1.68991	0.00405296	0.00404634
1.68991	0.00404634	0.00404054
1.68991	0.00404054	0.00403548
1.69001	0.00403548	0.00415604
1.69001	0.00415604	0.00426154
1.69001	0.00426154	0.00435384
1.69241	0.00435384	0.00468461
1.69241	0.00468461	0.00484903
1.69241	0.00484903	0.0049929
1.69241	0.0049929	0.00511879
1.69241	0.00511879	0.00522894
1.69241	0.00522894	0.00532532
1.69241	0.00532532	0.00540966
1.69241	0.00540966	0.00548345
1.69241	0.00548345	0.00554802
1.69241	0.00554802	0.00535451
1.69251	0.00535451	0.0051852
1.69251	0.0051852	0.00503705
1.69261	0.00503705	0.00490742
1.69261	0.00490742	0.00479399
1.69261	0.00479399	0.00469474
1.69261	0.00469474	0.0046079
1.69261	0.0046079	0.00453191
1.69261	0.00453191	0.00446542
1.69261	0.00446542	0.00440724
1.69261	0.00440724	0.00435634
1.69261	0.00435634	0.00431179
1.69261	0.00431179	0.00427282
1.69261	0.00427282	0.00423872
1.69271	0.00423872	0.00420888
1.69271	0.00420888	0.00418277
1.69281	0.00418277	0.00415992
1.69391	0.00415992	0.00426493
1.69401	0.00426493	0.00435681
1.69401	0.00435681	0.00443721
1.69401	0.00443721	0.00450756
1.69401	0.00450756	0.00456911
1.69401	0.00456911	0.00462297
1.69401	0.00462297	0.0046701
1.69401	0.0046701	0.00471134
1.69401	0.00471134	0.00474742
1.69401	0.00474742	0.00477899
1.69491	0.00477899	0.00480662
1.69641	0.00480662	0.00508079
1.69641	0.00508079	0.00532069
1.69641	0.00532069	0.0054056
1.69641	0.0054056	0.0054799
1.69641	0.0054799	0.00554492
1.69641	0.00554492	0.0053518
1.69641	0.0053518	0.00518283
1.69641	0.00518283	0.00503497
1.69641	0.00503497	0.0049056
1.69641	0.0049056	0.0047924
1.69641	0.0047924	0.00469335
1.69651	0.00469335	0.00460668
1.69651	0.00460668	0.00453085
1.69651	0.00453085	0.00446449
1.69651	0.00446449	0.00440643
1.69651	0.00440643	0.00435562
1.69651	0.00435562	0.00431117
1.69651	0.00431117	0.00427227
1.69651	0.00427227	0.00423824
1.69651	0.00423824	0.00420846
1.69651	0.00420846	0.0041824
1.69651	0.0041824	0.0041596
1.69661	0.0041596	0.00413965
1.69661	0.00413965	0.00412219
1.69661	0.00412219	0.00410692
1.69661	0.00410692	0.00409355
1.69661	0.00409355	0.00408186
1.69661	0.00408186	0.00407162
1.69661	0.00407162	0.00406267
1.69661	0.00406267	0.00405484
1.69741	0.00405484	0.00417298
1.69791	0.00417298	0.00415136
1.69801	0.00415136	0.00413244
1.69801	0.00413244	0.00411588
1.69801	0.00411588	0.0041014
1.69801	0.0041014	0.00408872
1.69801	0.00408872	0.00407763
1.69801	0.00407763	0.00406793
1.69801	0.00406793	0.00405944
1.69801	0.00405944	0.00405201
1.69891	0.00405201	0.00404551
1.70031	0.00404551	0.00428982
1.70041	0.00428982	0.00425359
1.70041	0.00425359	0.00422189
1.70041	0.00422189	0.00419415
1.70041	0.00419415	0.00416988
1.70041	0.00416988	0.00414865
1.70041	0.00414865	0.00413007
1.70041	0.00413007	0.00411381
1.70041	0.00411381	0.00409958
1.70041	0.00409958	0.00408713
1.70041	0.00408713	0.00407624
1.70051	0.00407624	0.00406671
1.70051	0.00406671	0.00405837
1.70051	0.00405837	0.00405107
1.70051	0.00405107	0.00404469
1.70051	0.00404469	0.0040391
1.70051	0.0040391	0.00403421
1.70051	0.00403421	0.00402994
1.70051	0.00402994	0.00402619
1.70051	0.00402619	0.00402292
1.70051	0.00402292	0.00402005
1.70051	0.00402005	0.00401755
1.70061	0.00401755	0.00401535
1.70061	0.00401535	0.00401343
1.70061	0.00401343	0.00401175
1.70061	0.00401175	0.00401028
1.70061	0.00401028	0.004009
1.70061	0.004009	0.00400787
1.70061	0.00400787	0.00400689
1.70061	0.00400689	0.00400603
1.70151	0.00400603	0.00413027
1.70181	0.00413027	0.00423899
1.70221	0.00423899	0.00433411
1.70231	0.00433411	0.00441735
1.70231	0.00441735	0.00436518
1.70231	0.00436518	0.00431953
1.70231	0.00431953	0.00427959
1.70231	0.00427959	0.00424464
1.70231	0.00424464	0.00421406
1.70231	0.00421406	0.0041873
1.70301	0.0041873	0.00428889
1.70421	0.00428889	0.00450278
1.70421	0.00450278	0.00468993
1.70431	0.00468993	0.00460369
1.70441	0.00460369	0.00452823
1.70441	0.00452823	0.0044622
1.70441	0.0044622	0.00440442
1.70441	0.00440442	0.00435387
1.70441	0.00435387	0.00430964
1.70441	0.00430964	0.00427093
1.70441	0.00427093	0.00423706
1.70441	0.00423706	0.00420743
1.70441	0.00420743	0.0041815
1.70441	0.0041815	0.00415881
1.70451	0.00415881	0.00413896
1.70451	0.00413896	0.00412159
1.70451	0.00412159	0.00410639
1.70451	0.00410639	0.00409309
1.70451	0.00409309	0.00408146
1.70451	0.00408146	0.00407127
1.70451	0.00407127	0.00406236
1.70451	0.00406236	0.00405457
1.70451	0.00405457	0.00404775
1.70451	0.00404775	0.00404178
1.70451	0.00404178	0.00403655
1.70481	0.00403655	0.00403198
1.70481	0.00403198	0.00402799
1.70491	0.00402799	0.00402449
1.70491	0.00402449	0.00402143
1.70491	0.00402143	0.00401875
1.70491	0.00401875	0.0040164
1.70491	0.0040164	0.00401435
1.70491	0.00401435	0.00401256
1.70601	0.00401256	0.00413599
1.70601	0.00413599	0.00424399
1.70601	0.00424399	0.00421349
1.70601	0.00421349	0.0041868
1.70621	0.0041868	0.00416345
1.70811	0.00416345	0.00439302
1.70811	0.00439302	0.00459389
1.70811	0.00459389	0.00476966
1.70811	0.00476966	0.00492345
1.70811	0.00492345	0.00505802
1.70811	0.00505802	0.00505076
1.70811	0.00505076	0.00491942
1.70811	0.00491942	0.00480449
1.70861	0.00480449	0.00470393
1.70861	0.00470393	0.00461594
1.70861	0.00461594	0.00453894
1.70861	0.00453894	0.00447158
1.70861	0.00447158	0.00441263
1.70861	0.00441263	0.00436105
1.70861	0.00436105	0.00431592
1.70861	0.00431592	0.00427643
1.70861	0.00427643	0.00424187
1.70861	0.00424187	0.00421164
1.70861	0.00421164	0.00418518
1.70861	0.00418518	0.00416204
1.70861	0.00416204	0.00414178
1.70861	0.00414178	0.00412406
1.70861	0.00412406	0.00410855
1.70861	0.00410855	0.00409498
1.70861	0.00409498	0.00408311
1.70861	0.00408311	0.00407272
1.70861	0.00407272	0.00406363
1.70861	0.00406363	0.00405567
1.70861	0.00405567	0.00404871
1.70861	0.00404871	0.00404263
1.70861	0.00404263	0.0040373
1.70861	0.0040373	0.00403263
1.70861	0.00403263	0.00402855
1.70861	0.00402855	0.00402498
1.70861	0.00402498	0.00402186
1.70881	0.00402186	0.00401913
1.70881	0.00401913	0.00401674
1.70881	0.00401674	0.00401464
1.71001	0.00401464	0.00426281
1.71001	0.00426281	0.00422996
1.71001	0.00422996	0.00420122
1.71001	0.00420122	0.00417606
1.71001	0.00417606	0.00415406
1.71231	0.00415406	0.0043848
1.71231	0.0043848	0.0043367
1.71231	0.0043367	0.00429461
1.71231	0.00429461	0.00425778
1.71231	0.00425778	0.00422556
1.71231	0.00422556	0.00419736
1.71231	0.00419736	0.00417269
1.71261	0.00417269	0.00415111
1.71261	0.00415111	0.00413222
1.71271	0.00413222	0.00411569
1.71271	0.00411569	0.00410123
1.71271	0.00410123	0.00408857
1.71271	0.00408857	0.0040775
1.71271	0.0040775	0.00406781
1.71271	0.00406781	0.00405934
1.71271	0.00405934	0.00405192
1.71271	0.00405192	0.00404543
1.71271	0.00404543	0.00403975
1.71281	0.00403975	0.00403478
1.71281	0.00403478	0.00403043
1.71281	0.00403043	0.00402663
1.71281	0.00402663	0.0040233
1.71281	0.0040233	0.00402039
1.71281	0.00402039	0.00401784
1.71281	0.00401784	0.00401561
1.71281	0.00401561	0.00401366
1.71281	0.00401366	0.00401195
1.71281	0.00401195	0.00401045
1.71291	0.00401045	0.00400915
1.71291	0.00400915	0.004008
1.71291	0.004008	0.004007
1.71291	0.004007	0.00400613
1.71291	0.00400613	0.00400536
1.71291	0.00400536	0.00400469
1.71291	0.00400469	0.0040041
1.71291	0.0040041	0.00400359
1.71291	0.00400359	0.00400314
1.71291	0.00400314	0.00400275
1.71351	0.00400275	0.0041274
1.71621	0.0041274	0.00436148
1.71631	0.00436148	0.00456629
1.71631	0.00456629	0.00474551
1.71631	0.00474551	0.00490232
1.71631	0.00490232	0.00503953
1.71631	0.00503953	0.00490959
1.71631	0.00490959	0.00479589
1.71631	0.00479589	0.0046964
1.71631	0.0046964	0.00460935
1.71631	0.00460935	0.00453318
1.71631	0.00453318	0.00446653
1.71651	0.00446653	0.00440822
1.71651	0.00440822	0.00435719
1.71651	0.00435719	0.00431254
1.71651	0.00431254	0.00427347
1.71651	0.00427347	0.00423929
1.71651	0.00423929	0.00420938
1.71661	0.00420938	0.0041832
1.71671	0.0041832	0.0041603
1.71671	0.0041603	0.00414026
1.71671	0.00414026	0.00412273
1.71671	0.00412273	0.00410739
1.71671	0.00410739	0.00409396
1.71671	0.00409396	0.00408222
1.71671	0.00408222	0.00407194
1.71671	0.00407194	0.00406295
1.71671	0.00406295	0.00405508
1.71681	0.00405508	0.00404819
1.71681	0.00404819	0.00404217
1.71681	0.00404217	0.0040369
1.71681	0.0040369	0.00403228
1.71681	0.00403228	0.00402825
1.71681	0.00402825	0.00402472
1.71681	0.00402472	0.00402163
1.71681	0.00402163	0.00401892
1.71681	0.00401892	0.00401656
1.71681	0.00401656	0.00401449
1.71691	0.00401449	0.00401268
1.71691	0.00401268	0.00401109
1.71691	0.00401109	0.0040097
1.71691	0.0040097	0.00400849
1.71691	0.00400849	0.00400743
1.71691	0.00400743	0.0040065
1.72011	0.0040065	0.00450569
1.72011	0.00450569	0.00481748
1.92411	0.00481748	0.0302153
