0.103808	1
0.103808	1201
1.10381	1
1.10381	1201
1.10781	2401
1.31171	3601
1.31171	4801
1.31581	6001
1.31581	7201
1.31581	8401
1.31971	9601
1.31971	10801
1.32361	12001
1.32361	13201
1.32361	14401
1.32751	15601
1.32751	16801
1.32751	18001
1.32751	19201
1.32751	20401
1.33141	21601
1.33141	22801
1.33141	24001
1.33141	25201
1.33141	26401
1.33531	27601
1.33531	28801
1.33531	30001
1.33531	31201
1.33531	32401
1.33531	33601
1.33531	34801
1.33921	36001
1.33921	37201
1.33921	38401
1.33921	39601
1.33921	40801
1.33921	42001
1.34311	43201
1.34311	44401
1.34311	45601
1.34311	46801
1.34311	48001
1.34311	49201
1.34311	50401
1.34701	51601
1.34701	52801
1.34701	54001
1.34701	55201
1.34701	56401
1.34701	57601
1.34701	58801
1.34701	60001
1.34701	61201
1.35091	62401
1.35091	63601
1.35091	64801
1.35091	66001
1.35091	67201
1.35091	68401
1.35091	69601
1.35091	70801
1.35091	72001
1.35481	73201
1.35481	74401
1.35481	75601
1.35481	76801
1.35481	78001
1.35481	79201
1.35481	80401
1.35481	81601
1.35481	82801
1.35481	84001
1.35481	85201
1.35871	86401
1.35871	87601
1.35871	88801
1.35871	90001
1.35871	91201
1.35871	92401
1.35871	93601
1.35871	94801
1.35871	96001
1.35871	97201
1.35871	98401
1.36261	99601
1.36261	100801
1.36261	102001
1.36261	103201
1.36261	104401
1.36261	105601
1.36261	106801
1.36261	108001
1.36261	109201
1.36261	110401
1.36261	111601
1.36261	112801
1.36261	114001
1.36651	115201
1.36651	116401
1.36651	117601
1.36651	118801
1.36651	120001
1.36651	121201
1.36651	122401
1.36651	123601
1.36651	124801
1.36651	126001
1.36651	127201
1.36651	128401
1.36651	129601
1.37041	130801
1.37041	132001
1.37041	133201
1.37041	134401
1.37041	135601
1.37041	136801
1.37041	138001
1.37041	139201
1.37041	140401
1.37041	141601
1.37041	142801
1.37041	144001
1.37041	145201
1.37041	146401
1.37041	147601
1.37431	148801
1.37431	150001
1.37431	151201
1.37431	152401
1.37431	153601
1.37431	154801
1.37431	156001
1.37431	157201
1.37431	158401
1.37431	159601
1.37431	160801
1.37431	162001
1.37431	163201
1.37431	164401
1.37431	165601
1.37821	166801
1.37821	168001
1.37821	169201
1.37821	170401
1.37821	171601
1.37821	172801
1.37821	174001
1.37821	175201
1.37821	176401
1.37821	177601
1.37821	178801
1.37821	180001
1.37821	181201
1.37821	182401
1.37821	183601
1.38211	184801
1.38211	186001
1.38211	187201
1.38211	188401
1.38211	189601
1.38211	190801
1.38211	192001
1.38211	193201
1.38211	194401
1.38211	195601
1.38211	196801
1.38211	198001
1.38211	199201
1.38211	200401
1.38601	201601
1.38601	202801
1.38601	204001
1.38601	205201
1.38601	206401
1.38601	207601
1.38601	208801
1.38601	210001
1.38601	211201
1.38601	212401
1.38601	213601
1.38601	214801
1.38601	216001
1.38601	217201
1.38601	218401
1.38991	219601
1.38991	220801
1.38991	222001
1.38991	223201
1.38991	224401
1.38991	225601
1.38991	226801
1.38991	228001
1.38991	229201
1.38991	230401
1.38991	231601
1.38991	232801
1.38991	234001
1.38991	235201
1.38991	236401
1.38991	237601
1.38991	238801
1.39381	240001
1.39381	241201
1.39381	242401
1.39381	243601
1.39381	244801
1.39381	246001
1.39381	247201
1.39381	248401
1.39381	249601
1.39381	250801
1.39381	252001
1.39381	253201
1.39381	254401
1.39381	255601
1.39381	256801
1.39381	258001
1.39381	259201
1.39771	260401
1.39771	261601
1.39771	262801
1.39771	264001
1.39771	265201
1.39771	266401
1.39771	267601
1.39771	268801
1.39771	270001
1.39771	271201
1.39771	272401
1.39771	273601
1.39771	274801
1.39771	276001
1.39771	277201
1.39771	278401
1.39771	279601
1.39771	280801
1.39771	282001
1.40161	283201
1.40161	284401
1.40161	285601
1.40161	286801
1.40161	288001
1.40161	289201
1.40161	290401
1.40161	291601
1.40161	292801
1.40161	294001
1.40161	295201
1.40161	296401
1.40161	297601
1.40161	298801
1.40161	300001
1.40161	301201
1.40161	302401
1.40161	303601
1.40161	304801
1.40551	306001
1.40551	307201
1.40551	308401
1.40551	309601
1.40551	310801
1.40551	312001
1.40551	313201
1.40551	314401
1.40551	315601
1.40551	316801
1.40551	318001
1.40551	319201
1.40551	320401
1.40551	321601
1.40551	322801
1.40551	324001
1.40551	325201
1.40551	326401
1.40551	327601
1.40551	328801
1.40551	330001
1.40941	331201
1.40941	332401
1.40941	333601
1.40941	334801
1.40941	336001
1.40941	337201
1.40941	338401
1.40941	339601
1.40941	340801
1.40941	342001
1.40941	343201
1.40941	344401
1.40941	345601
1.40941	346801
1.40941	348001
1.40941	349201
1.40941	350401
1.40941	351601
1.40941	352801
1.40941	354001
1.41331	355201
1.41331	356401
1.41331	357601
1.41331	358801
1.41331	360001
1.41331	361201
1.41331	362401
1.41331	363601
1.41331	364801
1.41331	366001
1.41331	367201
1.41331	368401
1.41331	369601
1.41331	370801
1.41331	372001
1.41331	373201
1.41331	374401
1.41331	375601
1.41331	376801
1.41331	378001
1.41331	379201
1.41721	380401
1.41721	381601
1.41721	382801
1.41721	384001
1.41721	385201
1.41721	386401
1.41721	387601
1.41721	388801
1.41721	390001
1.41721	391201
1.41721	392401
1.41721	393601
1.41721	394801
1.41721	396001
1.41721	397201
1.41721	398401
1.41721	399601
1.41721	400801
1.41721	402001
1.41721	403201
1.41721	404401
1.41721	405601
1.41721	406801
1.42111	408001
1.42111	409201
1.42111	410401
1.42111	411601
1.42111	412801
1.42111	414001
1.42111	415201
1.42111	416401
1.42111	417601
1.42111	418801
1.42111	420001
1.42111	421201
1.42111	422401
1.42111	423601
1.42111	424801
1.42111	426001
1.42111	427201
1.42111	428401
1.42111	429601
1.42121	430801
1.42121	432001
1.42121	433201
1.42121	434401
1.42121	435601
1.42121	436801
1.42501	438001
1.42501	439201
1.42501	440401
1.42501	441601
1.42501	442801
1.42501	444001
1.42501	445201
1.42501	446401
1.42501	447601
1.42501	448801
1.42501	450001
1.42501	451201
1.42501	452401
1.42501	453601
1.42501	454801
1.42501	456001
1.42501	457201
1.42501	458401
1.42501	459601
1.42501	460801
1.42501	462001
1.42511	463201
1.42511	464401
1.42511	465601
1.42511	466801
1.42511	468001
1.42511	469201
1.42891	470401
1.42891	471601
1.42891	472801
1.42891	474001
1.42891	475201
1.42891	476401
1.42891	477601
1.42891	478801
1.42891	480001
1.42891	481201
1.42891	482401
1.42891	483601
1.42891	484801
1.42891	486001
1.42891	487201
1.42891	488401
1.42891	489601
1.42891	490801
1.42891	492001
1.42901	493201
1.42901	494401
1.42901	495601
1.42901	496801
1.42901	498001
1.42901	499201
1.42901	500401
1.42901	501601
1.43281	502801
1.43281	504001
1.43281	505201
1.43281	506401
1.43281	507601
1.43281	508801
1.43281	510001
1.43281	511201
1.43281	512401
1.43281	513601
1.43281	514801
1.43281	516001
1.43281	517201
1.43281	518401
1.43281	519601
1.43281	520801
1.43281	522001
1.43281	523201
1.43281	524401
1.43281	525601
1.43281	526801
1.43291	528001
1.43291	529201
1.43291	530401
1.43291	531601
1.43291	532801
1.43291	534001
1.43291	535201
1.43291	536401
1.43671	537601
1.43671	538801
1.43671	540001
1.43671	541201
1.43671	542401
1.43671	543601
1.43671	544801
1.43671	546001
1.43671	547201
1.43671	548401
1.43671	549601
1.43671	550801
1.43671	552001
1.43671	553201
1.43671	554401
1.43671	555601
1.43671	556801
1.43671	558001
1.43671	559201
1.43681	560401
1.43681	561601
1.43681	562801
1.43681	564001
1.43691	565201
1.43691	566401
1.43691	567601
1.43691	568801
1.43691	570001
1.43691	571201
1.44061	572401
1.44061	573601
1.44061	574801
1.44061	576001
1.44061	577201
1.44061	578401
1.44061	579601
1.44061	580801
1.44061	582001
1.44061	583201
1.44061	584401
1.44061	585601
1.44061	586801
1.44061	588001
1.44061	589201
1.44061	590401
1.44061	591601
1.44061	592801
1.44061	594001
1.44061	595201
1.44061	596401
1.44071	597601
1.44071	598801
1.44071	600001
1.44071	601201
1.44071	602401
1.44071	603601
1.44071	604801
1.44071	606001
1.44071	607201
1.44071	608401
1.44451	609601
1.44451	610801
1.44451	612001
1.44451	613201
1.44451	614401
1.44451	615601
1.44451	616801
1.44451	618001
1.44451	619201
1.44451	620401
1.44451	621601
1.44451	622801
1.44451	624001
1.44451	625201
1.44451	626401
1.44451	627601
1.44451	628801
1.44451	630001
1.44461	631201
1.44461	632401
1.44461	633601
1.44461	634801
1.44461	636001
1.44471	637201
1.44471	638401
1.44471	639601
1.44471	640801
1.44471	642001
1.44471	643201
1.44471	644401
1.44471	645601
1.44841	646801
1.44841	648001
1.44841	649201
1.44841	650401
1.44841	651601
1.44841	652801
1.44841	654001
1.44841	655201
1.44841	656401
1.44841	657601
1.44841	658801
1.44841	660001
1.44841	661201
1.44841	662401
1.44841	663601
1.44841	664801
1.44851	666001
1.44851	667201
1.44851	668401
1.44851	669601
1.44851	670801
1.44851	672001
1.44851	673201
1.44851	674401
1.44851	675601
1.44851	676801
1.44851	678001
1.44851	679201
1.44851	680401
1.44851	681601
1.44851	682801
1.45231	684001
1.45231	685201
1.45231	686401
1.45231	687601
1.45231	688801
1.45231	690001
1.45231	691201
1.45231	692401
1.45231	693601
1.45231	694801
1.45231	696001
1.45231	697201
1.45231	698401
1.45231	699601
1.45231	700801
1.45231	702001
1.45231	703201
1.45231	704401
1.45241	705601
1.45241	706801
1.45241	708001
1.45241	709201
1.45251	710401
1.45251	711601
1.45251	712801
1.45251	714001
1.45251	715201
1.45251	716401
1.45251	717601
1.45251	718801
1.45251	720001
1.45251	721201
1.45251	722401
1.45621	723601
1.45621	724801
1.45621	726001
1.45621	727201
1.45621	728401
1.45621	729601
1.45621	730801
1.45621	732001
1.45621	733201
1.45621	734401
1.45621	735601
1.45621	736801
1.45621	738001
1.45621	739201
1.45621	740401
1.45621	741601
1.45631	742801
1.45631	744001
1.45631	745201
1.45631	746401
1.45631	747601
1.45631	748801
1.45631	750001
1.45631	751201
1.45631	752401
1.45631	753601
1.45631	754801
1.45631	756001
1.45631	757201
1.45631	758401
1.45631	759601
1.45631	760801
1.45631	762001
1.46011	763201
1.46011	764401
1.46011	765601
1.46011	766801
1.46011	768001
1.46011	769201
1.46011	770401
1.46011	771601
1.46011	772801
1.46011	774001
1.46011	775201
1.46011	776401
1.46011	777601
1.46011	778801
1.46011	780001
1.46011	781201
1.46011	782401
1.46011	783601
1.46021	784801
1.46021	786001
1.46021	787201
1.46021	788401
1.46031	789601
1.46031	790801
1.46031	792001
1.46031	793201
1.46031	794401
1.46031	795601
1.46031	796801
1.46031	798001
1.46031	799201
1.46031	800401
1.46031	801601
1.46031	802801
1.46031	804001
1.46401	805201
1.46401	806401
1.46401	807601
1.46401	808801
1.46401	810001
1.46401	811201
1.46401	812401
1.46401	813601
1.46401	814801
1.46401	816001
1.46401	817201
1.46401	818401
1.46401	819601
1.46401	820801
1.46401	822001
1.46401	823201
1.46411	824401
1.46411	825601
1.46411	826801
1.46411	828001
1.46411	829201
1.46411	830401
1.46411	831601
1.46411	832801
1.46411	834001
1.46411	835201
1.46411	836401
1.46411	837601
1.46411	838801
1.46411	840001
1.46411	841201
1.46411	842401
1.46411	843601
1.46411	844801
1.46411	846001
1.46831	847201
1.46831	848401
1.46831	849601
1.46831	850801
1.46831	852001
1.46831	853201
1.46831	854401
1.46831	855601
1.46831	856801
1.46831	858001
1.46831	859201
1.46831	860401
1.46831	861601
1.46831	862801
1.46831	864001
1.46831	865201
1.46831	866401
1.46831	867601
1.46841	868801
1.46841	870001
1.46841	871201
1.46841	872401
1.46841	873601
1.46841	874801
1.46841	876001
1.46841	877201
1.46841	878401
1.46841	879601
1.46841	880801
1.46841	882001
1.46841	883201
1.46841	884401
1.46841	885601
1.46841	886801
1.46841	888001
1.46841	889201
1.46841	890401
1.47201	891601
1.47201	892801
1.47261	894001
1.47261	895201
1.47261	896401
1.47261	897601
1.47261	898801
1.47261	900001
1.47261	901201
1.47261	902401
1.47261	903601
1.47261	904801
1.47261	906001
1.47261	907201
1.47261	908401
1.47261	909601
1.47261	910801
1.47261	912001
1.47271	913201
1.47271	914401
1.47271	915601
1.47271	916801
1.47281	918001
1.47281	919201
1.47281	920401
1.47281	921601
1.47281	922801
1.47281	924001
1.47281	925201
1.47281	926401
1.47281	927601
1.47281	928801
1.47281	930001
1.47281	931201
1.47281	932401
1.47281	933601
1.47281	934801
1.47381	936001
1.47381	937201
1.47591	938401
1.47591	939601
1.47681	940801
1.47681	942001
1.47681	943201
1.47681	944401
1.47681	945601
1.47681	946801
1.47681	948001
1.47681	949201
1.47681	950401
1.47681	951601
1.47681	952801
1.47681	954001
1.47681	955201
1.47681	956401
1.47681	957601
1.47681	958801
1.47691	960001
1.47691	961201
1.47691	962401
1.47691	963601
1.47691	964801
1.47691	966001
1.47691	967201
1.47691	968401
1.47691	969601
1.47691	970801
1.47691	972001
1.47691	973201
1.47691	974401
1.47691	975601
1.47691	976801
1.47691	978001
1.47711	979201
1.47711	980401
1.47781	981601
1.47781	982801
1.47781	984001
1.48011	985201
1.48011	986401
1.48101	987601
1.48101	988801
1.48101	990001
1.48101	991201
1.48101	992401
1.48101	993601
1.48101	994801
1.48101	996001
1.48101	997201
1.48101	998401
1.48101	999601
1.48101	1000801
1.48101	1002001
1.48101	1003201
1.48101	1004401
1.48101	1005601
1.48211	1006801
1.48211	1008001
1.48211	1009201
1.48211	1010401
1.48211	1011601
1.48211	1012801
1.48211	1014001
1.48211	1015201
1.48211	1016401
1.48211	1017601
1.48211	1018801
1.48211	1020001
1.48211	1021201
1.48211	1022401
1.48211	1023601
1.48211	1024801
1.48211	1026001
1.48211	1027201
1.48221	1028401
1.48221	1029601
1.48221	1030801
1.48221	1032001
1.48221	1033201
1.48401	1034401
1.48401	1035601
1.48521	1036801
1.48521	1038001
1.48521	1039201
1.48521	1040401
1.48521	1041601
1.48521	1042801
1.48521	1044001
1.48521	1045201
1.48521	1046401
1.48521	1047601
1.48521	1048801
1.48521	1050001
1.48521	1051201
1.48521	1052401
1.48591	1053601
1.48591	1054801
1.48591	1056001
1.48591	1057201
1.48591	1058401
1.48591	1059601
1.48591	1060801
1.48591	1062001
1.48591	1063201
1.48591	1064401
1.48591	1065601
1.48591	1066801
1.48591	1068001
1.48591	1069201
1.48591	1070401
1.48591	1071601
1.48591	1072801
1.48591	1074001
1.48611	1075201
1.48611	1076401
1.48611	1077601
1.48611	1078801
1.48621	1080001
1.48621	1081201
1.48621	1082401
1.48791	1083601
1.48791	1084801
1.49011	1086001
1.49011	1087201
1.49021	1088401
1.49021	1089601
1.49021	1090801
1.49021	1092001
1.49021	1093201
1.49021	1094401
1.49021	1095601
1.49021	1096801
1.49021	1098001
1.49021	1099201
1.49021	1100401
1.49021	1101601
1.49021	1102801
1.49021	1104001
1.49021	1105201
1.49021	1106401
1.49021	1107601
1.49021	1108801
1.49021	1110001
1.49021	1111201
1.49021	1112401
1.49021	1113601
1.49021	1114801
1.49021	1116001
1.49021	1117201
1.49021	1118401
1.49021	1119601
1.49021	1120801
1.49021	1122001
1.49021	1123201
1.49031	1124401
1.49031	1125601
1.49031	1126801
1.49031	1128001
1.49041	1129201
1.49041	1130401
1.49041	1131601
1.49041	1132801
1.49041	1134001
1.49181	1135201
1.49181	1136401
1.49431	1137601
1.49431	1138801
1.49441	1140001
1.49441	1141201
1.49451	1142401
1.49451	1143601
1.49451	1144801
1.49451	1146001
1.49451	1147201
1.49451	1148401
1.49451	1149601
1.49451	1150801
1.49451	1152001
1.49451	1153201
1.49451	1154401
1.49451	1155601
1.49451	1156801
1.49451	1158001
1.49451	1159201
1.49451	1160401
1.49451	1161601
1.49451	1162801
1.49451	1164001
1.49451	1165201
1.49451	1166401
1.49451	1167601
1.49451	1168801
1.49451	1170001
1.49461	1171201
1.49461	1172401
1.49461	1173601
1.49461	1174801
1.49461	1176001
1.49461	1177201
1.49461	1178401
1.49461	1179601
1.49461	1180801
1.49461	1182001
1.49461	1183201
1.49461	1184401
1.49601	1185601
1.49601	1186801
1.49601	1188001
1.49821	1189201
1.49821	1190401
1.49821	1191601
1.49821	1192801
1.49831	1194001
1.49831	1195201
1.49831	1196401
1.49831	1197601
1.49841	1198801
1.49841	1200001
1.49851	1201201
1.49851	1202401
1.49851	1203601
1.49851	1204801
1.49851	1206001
1.49851	1207201
1.49851	1208401
1.49851	1209601
1.49851	1210801
1.49851	1212001
1.49851	1213201
1.49851	1214401
1.49851	1215601
1.49851	1216801
1.49851	1218001
1.49851	1219201
1.49851	1220401
1.49851	1221601
1.49851	1222801
1.49851	1224001
1.49881	1225201
1.49881	1226401
1.49881	1227601
1.49881	1228801
1.49891	1230001
1.49891	1231201
1.49891	1232401
1.49891	1233601
1.49891	1234801
1.49891	1236001
1.49991	1237201
1.49991	1238401
1.49991	1239601
1.49991	1240801
1.49991	1242001
1.50251	1243201
1.50251	1244401
1.50251	1245601
1.50251	1246801
1.50261	1248001
1.50261	1249201
1.50261	1250401
1.50261	1251601
1.50261	1252801
1.50261	1254001
1.50261	1255201
1.50261	1256401
1.50261	1257601
1.50261	1258801
1.50271	1260001
1.50271	1261201
1.50271	1262401
1.50271	1263601
1.50271	1264801
1.50271	1266001
1.50271	1267201
1.50271	1268401
1.50271	1269601
1.50271	1270801
1.50271	1272001
1.50271	1273201
1.50271	1274401
1.50271	1275601
1.50271	1276801
1.50271	1278001
1.50281	1279201
1.50281	1280401
1.50281	1281601
1.50281	1282801
1.50291	1284001
1.50291	1285201
1.50291	1286401
1.50291	1287601
1.50291	1288801
1.50291	1290001
1.50381	1291201
1.50381	1292401
1.50381	1293601
1.50381	1294801
1.50381	1296001
1.50671	1297201
1.50671	1298401
1.50671	1299601
1.50671	1300801
1.50671	1302001
1.50671	1303201
1.50671	1304401
1.50671	1305601
1.50671	1306801
1.50671	1308001
1.50671	1309201
1.50671	1310401
1.50671	1311601
1.50671	1312801
1.50671	1314001
1.50671	1315201
1.50671	1316401
1.50671	1317601
1.50671	1318801
1.50671	1320001
1.50671	1321201
1.50671	1322401
1.50671	1323601
1.50671	1324801
1.50671	1326001
1.50671	1327201
1.50671	1328401
1.50671	1329601
1.50671	1330801
1.50671	1332001
1.50671	1333201
1.50671	1334401
1.50671	1335601
1.50671	1336801
1.50671	1338001
1.50671	1339201
1.50671	1340401
1.50671	1341601
1.50811	1342801
1.50811	1344001
1.50811	1345201
1.50811	1346401
1.50811	1347601
1.50811	1348801
1.50811	1350001
1.50811	1351201
1.50811	1352401
1.51091	1353601
1.51091	1354801
1.51101	1356001
1.51101	1357201
1.51101	1358401
1.51101	1359601
1.51101	1360801
1.51101	1362001
1.51101	1363201
1.51101	1364401
1.51101	1365601
1.51101	1366801
1.51101	1368001
1.51101	1369201
1.51101	1370401
1.51101	1371601
1.51101	1372801
1.51101	1374001
1.51101	1375201
1.51101	1376401
1.51101	1377601
1.51101	1378801
1.51101	1380001
1.51101	1381201
1.51101	1382401
1.51101	1383601
1.51101	1384801
1.51101	1386001
1.51101	1387201
1.51101	1388401
1.51101	1389601
1.51101	1390801
1.51101	1392001
1.51101	1393201
1.51101	1394401
1.51101	1395601
1.51221	1396801
1.51221	1398001
1.51241	1399201
1.51241	1400401
1.51241	1401601
1.51241	1402801
1.51241	1404001
1.51241	1405201
1.51241	1406401
1.51241	1407601
1.51481	1408801
1.51481	1410001
1.51481	1411201
1.51491	1412401
1.51491	1413601
1.51501	1414801
1.51501	1416001
1.51501	1417201
1.51501	1418401
1.51501	1419601
1.51501	1420801
1.51501	1422001
1.51501	1423201
1.51501	1424401
1.51501	1425601
1.51501	1426801
1.51501	1428001
1.51501	1429201
1.51501	1430401
1.51501	1431601
1.51501	1432801
1.51501	1434001
1.51501	1435201
1.51501	1436401
1.51501	1437601
1.51501	1438801
1.51501	1440001
1.51501	1441201
1.51501	1442401
1.51501	1443601
1.51501	1444801
1.51501	1446001
1.51501	1447201
1.51501	1448401
1.51501	1449601
1.51631	1450801
1.51631	1452001
1.51631	1453201
1.51631	1454401
1.51631	1455601
1.51631	1456801
1.51631	1458001
1.51631	1459201
1.51631	1460401
1.51631	1461601
1.51631	1462801
1.51631	1464001
1.51871	1465201
1.51871	1466401
1.51871	1467601
1.51871	1468801
1.51871	1470001
1.51881	1471201
1.51881	1472401
1.51881	1473601
1.51881	1474801
1.51881	1476001
1.51881	1477201
1.51891	1478401
1.51891	1479601
1.51901	1480801
1.51901	1482001
1.51901	1483201
1.51901	1484401
1.51901	1485601
1.51901	1486801
1.51901	1488001
1.51901	1489201
1.51901	1490401
1.51901	1491601
1.51901	1492801
1.51901	1494001
1.51901	1495201
1.51901	1496401
1.51901	1497601
1.51901	1498801
1.51951	1500001
1.51951	1501201
1.51951	1502401
1.51951	1503601
1.51951	1504801
1.51951	1506001
1.51951	1507201
1.51951	1508401
1.52021	1509601
1.52021	1510801
1.52021	1512001
1.52021	1513201
1.52021	1514401
1.52021	1515601
1.52021	1516801
1.52021	1518001
1.52021	1519201
1.52021	1520401
1.52021	1521601
1.52021	1522801
1.52291	1524001
1.52291	1525201
1.52291	1526401
1.52291	1527601
1.52291	1528801
1.52291	1530001
1.52291	1531201
1.52301	1532401
1.52301	1533601
1.52301	1534801
1.52301	1536001
1.52301	1537201
1.52301	1538401
1.52301	1539601
1.52301	1540801
1.52301	1542001
1.52301	1543201
1.52301	1544401
1.52301	1545601
1.52351	1546801
1.52351	1548001
1.52351	1549201
1.52351	1550401
1.52351	1551601
1.52351	1552801
1.52351	1554001
1.52351	1555201
1.52351	1556401
1.52351	1557601
1.52361	1558801
1.52361	1560001
1.52361	1561201
1.52361	1562401
1.52361	1563601
1.52361	1564801
1.52361	1566001
1.52361	1567201
1.52411	1568401
1.52411	1569601
1.52411	1570801
1.52411	1572001
1.52411	1573201
1.52411	1574401
1.52411	1575601
1.52411	1576801
1.52411	1578001
1.52411	1579201
1.52411	1580401
1.52411	1581601
1.52711	1582801
1.52711	1584001
1.52711	1585201
1.52711	1586401
1.52711	1587601
1.52711	1588801
1.52711	1590001
1.52711	1591201
1.52711	1592401
1.52761	1593601
1.52761	1594801
1.52761	1596001
1.52761	1597201
1.52761	1598401
1.52761	1599601
1.52771	1600801
1.52771	1602001
1.52771	1603201
1.52771	1604401
1.52771	1605601
1.52771	1606801
1.52771	1608001
1.52771	1609201
1.52771	1610401
1.52771	1611601
1.52771	1612801
1.52771	1614001
1.52771	1615201
1.52771	1616401
1.52781	1617601
1.52781	1618801
1.52781	1620001
1.52781	1621201
1.52781	1622401
1.52781	1623601
1.52781	1624801
1.52781	1626001
1.52791	1627201
1.52791	1628401
1.53101	1629601
1.53101	1630801
1.53111	1632001
1.53111	1633201
1.53111	1634401
1.53111	1635601
1.53111	1636801
1.53111	1638001
1.53111	1639201
1.53111	1640401
1.53111	1641601
1.53111	1642801
1.53111	1644001
1.53111	1645201
1.53111	1646401
1.53111	1647601
1.53111	1648801
1.53111	1650001
1.53111	1651201
1.53141	1652401
1.53141	1653601
1.53141	1654801
1.53141	1656001
1.53141	1657201
1.53141	1658401
1.53141	1659601
1.53141	1660801
1.53141	1662001
1.53141	1663201
1.53161	1664401
1.53161	1665601
1.53171	1666801
1.53171	1668001
1.53171	1669201
1.53171	1670401
1.53171	1671601
1.53171	1672801
1.53171	1674001
1.53171	1675201
1.53171	1676401
1.53171	1677601
1.53171	1678801
1.53171	1680001
1.53171	1681201
1.53171	1682401
1.53181	1683601
1.53181	1684801
1.53181	1686001
1.53181	1687201
1.53181	1688401
1.53181	1689601
1.53521	1690801
1.53521	1692001
1.53531	1693201
1.53531	1694401
1.53531	1695601
1.53531	1696801
1.53531	1698001
1.53531	1699201
1.53541	1700401
1.53541	1701601
1.53541	1702801
1.53541	1704001
1.53541	1705201
1.53541	1706401
1.53541	1707601
1.53541	1708801
1.53541	1710001
1.53541	1711201
1.53541	1712401
1.53541	1713601
1.53541	1714801
1.53541	1716001
1.53541	1717201
1.53541	1718401
1.53541	1719601
1.53541	1720801
1.53541	1722001
1.53541	1723201
1.53541	1724401
1.53541	1725601
1.53541	1726801
1.53551	1728001
1.53551	1729201
1.53551	1730401
1.53551	1731601
1.53561	1732801
1.53561	1734001
1.53561	1735201
1.53561	1736401
1.53561	1737601
1.53561	1738801
1.53561	1740001
1.53561	1741201
1.53561	1742401
1.53561	1743601
1.53561	1744801
1.53561	1746001
1.53561	1747201
1.53561	1748401
1.53561	1749601
1.53561	1750801
1.53641	1752001
1.53641	1753201
1.53941	1754401
1.53941	1755601
1.53951	1756801
1.53951	1758001
1.53951	1759201
1.53951	1760401
1.53951	1761601
1.53951	1762801
1.53951	1764001
1.53951	1765201
1.53961	1766401
1.53961	1767601
1.53971	1768801
1.53971	1770001
1.53971	1771201
1.53971	1772401
1.53971	1773601
1.53971	1774801
1.53971	1776001
1.53971	1777201
1.53971	1778401
1.53971	1779601
1.53971	1780801
1.53971	1782001
1.53971	1783201
1.53971	1784401
1.53971	1785601
1.53971	1786801
1.53971	1788001
1.53971	1789201
1.53971	1790401
1.53971	1791601
1.53971	1792801
1.53971	1794001
1.53971	1795201
1.53971	1796401
1.53971	1797601
1.53971	1798801
1.53971	1800001
1.53971	1801201
1.53971	1802401
1.53971	1803601
1.53971	1804801
1.53971	1806001
1.53971	1807201
1.53981	1808401
1.53981	1809601
1.53981	1810801
1.53981	1812001
1.53981	1813201
1.53981	1814401
1.54361	1815601
1.54361	1816801
1.54361	1818001
1.54361	1819201
1.54371	1820401
1.54371	1821601
1.54371	1822801
1.54371	1824001
1.54371	1825201
1.54371	1826401
1.54371	1827601
1.54371	1828801
1.54371	1830001
1.54371	1831201
1.54371	1832401
1.54371	1833601
1.54371	1834801
1.54371	1836001
1.54381	1837201
1.54381	1838401
1.54391	1839601
1.54391	1840801
1.54391	1842001
1.54391	1843201
1.54391	1844401
1.54391	1845601
1.54391	1846801
1.54391	1848001
1.54391	1849201
1.54391	1850401
1.54391	1851601
1.54391	1852801
1.54391	1854001
1.54391	1855201
1.54391	1856401
1.54391	1857601
1.54391	1858801
1.54391	1860001
1.54391	1861201
1.54391	1862401
1.54391	1863601
1.54401	1864801
1.54401	1866001
1.54401	1867201
1.54401	1868401
1.54411	1869601
1.54411	1870801
1.54411	1872001
1.54411	1873201
1.54411	1874401
1.54411	1875601
1.54411	1876801
1.54411	1878001
1.54411	1879201
1.54411	1880401
1.54751	1881601
1.54751	1882801
1.54751	1884001
1.54751	1885201
1.54761	1886401
1.54761	1887601
1.54771	1888801
1.54771	1890001
1.54771	1891201
1.54771	1892401
1.54771	1893601
1.54771	1894801
1.54771	1896001
1.54771	1897201
1.54771	1898401
1.54771	1899601
1.54771	1900801
1.54771	1902001
1.54781	1903201
1.54781	1904401
1.54781	1905601
1.54781	1906801
1.54781	1908001
1.54781	1909201
1.54781	1910401
1.54781	1911601
1.54781	1912801
1.54781	1914001
1.54781	1915201
1.54781	1916401
1.54781	1917601
1.54791	1918801
1.54791	1920001
1.54791	1921201
1.54791	1922401
1.54791	1923601
1.54791	1924801
1.54791	1926001
1.54791	1927201
1.54791	1928401
1.54791	1929601
1.54791	1930801
1.54791	1932001
1.54791	1933201
1.54791	1934401
1.54801	1935601
1.54801	1936801
1.54801	1938001
1.54801	1939201
1.54801	1940401
1.54801	1941601
1.54801	1942801
1.54801	1944001
1.54801	1945201
1.54801	1946401
1.55141	1947601
1.55141	1948801
1.55141	1950001
1.55141	1951201
1.55151	1952401
1.55151	1953601
1.55151	1954801
1.55151	1956001
1.55151	1957201
1.55151	1958401
1.55151	1959601
1.55151	1960801
1.55161	1962001
1.55161	1963201
1.55171	1964401
1.55171	1965601
1.55171	1966801
1.55171	1968001
1.55171	1969201
1.55171	1970401
1.55171	1971601
1.55171	1972801
1.55171	1974001
1.55171	1975201
1.55171	1976401
1.55171	1977601
1.55171	1978801
1.55171	1980001
1.55171	1981201
1.55181	1982401
1.55181	1983601
1.55181	1984801
1.55181	1986001
1.55181	1987201
1.55181	1988401
1.55181	1989601
1.55181	1990801
1.55181	1992001
1.55181	1993201
1.55181	1994401
1.55181	1995601
1.55191	1996801
1.55191	1998001
1.55191	1999201
1.55191	2000401
1.55191	2001601
1.55191	2002801
1.55191	2004001
1.55191	2005201
1.55191	2006401
1.55191	2007601
1.55191	2008801
1.55191	2010001
1.55191	2011201
1.55191	2012401
1.55201	2013601
1.55201	2014801
1.55561	2016001
1.55561	2017201
1.55561	2018401
1.55561	2019601
1.55571	2020801
1.55571	2022001
1.55571	2023201
1.55571	2024401
1.55571	2025601
1.55571	2026801
1.55581	2028001
1.55581	2029201
1.55581	2030401
1.55581	2031601
1.55581	2032801
1.55581	2034001
1.55581	2035201
1.55581	2036401
1.55591	2037601
1.55591	2038801
1.55591	2040001
1.55591	2041201
1.55591	2042401
1.55591	2043601
1.55591	2044801
1.55591	2046001
1.55591	2047201
1.55591	2048401
1.55591	2049601
1.55591	2050801
1.55591	2052001
1.55591	2053201
1.55591	2054401
1.55591	2055601
1.55591	2056801
1.55591	2058001
1.55591	2059201
1.55601	2060401
1.55601	2061601
1.55601	2062801
1.55601	2064001
1.55601	2065201
1.55601	2066401
1.55601	2067601
1.55601	2068801
1.55601	2070001
1.55601	2071201
1.55601	2072401
1.55601	2073601
1.55601	2074801
1.55601	2076001
1.55601	2077201
1.55601	2078401
1.55601	2079601
1.55601	2080801
1.55681	2082001
1.55681	2083201
1.56021	2084401
1.56021	2085601
1.56021	2086801
1.56021	2088001
1.56031	2089201
1.56031	2090401
1.56031	2091601
1.56031	2092801
1.56031	2094001
1.56031	2095201
1.56041	2096401
1.56041	2097601
1.56041	2098801
1.56041	2100001
1.56041	2101201
1.56041	2102401
1.56041	2103601
1.56041	2104801
1.56041	2106001
1.56041	2107201
1.56041	2108401
1.56041	2109601
1.56041	2110801
1.56041	2112001
1.56041	2113201
1.56041	2114401
1.56041	2115601
1.56041	2116801
1.56041	2118001
1.56041	2119201
1.56041	2120401
1.56041	2121601
1.56041	2122801
1.56041	2124001
1.56041	2125201
1.56041	2126401
1.56041	2127601
1.56041	2128801
1.56041	2130001
1.56041	2131201
1.56041	2132401
1.56041	2133601
1.56041	2134801
1.56041	2136001
1.56041	2137201
1.56041	2138401
1.56041	2139601
1.56041	2140801
1.56041	2142001
1.56041	2143201
1.56041	2144401
1.56041	2145601
1.56041	2146801
1.56041	2148001
1.56041	2149201
1.56041	2150401
1.56041	2151601
1.56441	2152801
1.56441	2154001
1.56441	2155201
1.56441	2156401
1.56441	2157601
1.56441	2158801
1.56441	2160001
1.56441	2161201
1.56441	2162401
1.56441	2163601
1.56441	2164801
1.56441	2166001
1.56441	2167201
1.56441	2168401
1.56441	2169601
1.56441	2170801
1.56441	2172001
1.56441	2173201
1.56441	2174401
1.56441	2175601
1.56481	2176801
1.56481	2178001
1.56481	2179201
1.56481	2180401
1.56481	2181601
1.56481	2182801
1.56481	2184001
1.56481	2185201
1.56481	2186401
1.56481	2187601
1.56481	2188801
1.56481	2190001
1.56481	2191201
1.56481	2192401
1.56481	2193601
1.56481	2194801
1.56481	2196001
1.56481	2197201
1.56481	2198401
1.56481	2199601
1.56481	2200801
1.56491	2202001
1.56491	2203201
1.56491	2204401
1.56491	2205601
1.56491	2206801
1.56491	2208001
1.56491	2209201
1.56491	2210401
1.56491	2211601
1.56491	2212801
1.56491	2214001
1.56491	2215201
1.56501	2216401
1.56501	2217601
1.56501	2218801
1.56501	2220001
1.56501	2221201
1.56501	2222401
1.56891	2223601
1.56891	2224801
1.56891	2226001
1.56891	2227201
1.56891	2228401
1.56891	2229601
1.56891	2230801
1.56891	2232001
1.56891	2233201
1.56891	2234401
1.56891	2235601
1.56891	2236801
1.56891	2238001
1.56891	2239201
1.56891	2240401
1.56891	2241601
1.56891	2242801
1.56891	2244001
1.56891	2245201
1.56891	2246401
1.56891	2247601
1.56891	2248801
1.56891	2250001
1.56891	2251201
1.56901	2252401
1.56901	2253601
1.56901	2254801
1.56901	2256001
1.56901	2257201
1.56901	2258401
1.56901	2259601
1.56901	2260801
1.56901	2262001
1.56901	2263201
1.56901	2264401
1.56901	2265601
1.56901	2266801
1.56901	2268001
1.56901	2269201
1.56951	2270401
1.56951	2271601
1.56961	2272801
1.56961	2274001
1.56961	2275201
1.56961	2276401
1.56961	2277601
1.56961	2278801
1.56971	2280001
1.56971	2281201
1.56971	2282401
1.56971	2283601
1.56971	2284801
1.56971	2286001
1.56971	2287201
1.56971	2288401
1.56971	2289601
1.56971	2290801
1.57331	2292001
1.57331	2293201
1.57331	2294401
1.57331	2295601
1.57331	2296801
1.57331	2298001
1.57331	2299201
1.57331	2300401
1.57331	2301601
1.57331	2302801
1.57331	2304001
1.57331	2305201
1.57331	2306401
1.57331	2307601
1.57331	2308801
1.57331	2310001
1.57331	2311201
1.57331	2312401
1.57331	2313601
1.57331	2314801
1.57331	2316001
1.57331	2317201
1.57331	2318401
1.57331	2319601
1.57331	2320801
1.57331	2322001
1.57331	2323201
1.57331	2324401
1.57341	2325601
1.57341	2326801
1.57341	2328001
1.57341	2329201
1.57341	2330401
1.57341	2331601
1.57341	2332801
1.57341	2334001
1.57351	2335201
1.57351	2336401
1.57351	2337601
1.57351	2338801
1.57351	2340001
1.57351	2341201
1.57351	2342401
1.57381	2343601
1.57381	2344801
1.57391	2346001
1.57391	2347201
1.57391	2348401
1.57391	2349601
1.57401	2350801
1.57401	2352001
1.57411	2353201
1.57411	2354401
1.57411	2355601
1.57411	2356801
1.57411	2358001
1.57411	2359201
1.57701	2360401
1.57701	2361601
1.57701	2362801
1.57701	2364001
1.57751	2365201
1.57751	2366401
1.57751	2367601
1.57751	2368801
1.57761	2370001
1.57761	2371201
1.57771	2372401
1.57771	2373601
1.57771	2374801
1.57771	2376001
1.57771	2377201
1.57771	2378401
1.57771	2379601
1.57771	2380801
1.57771	2382001
1.57771	2383201
1.57771	2384401
1.57771	2385601
1.57771	2386801
1.57771	2388001
1.57771	2389201
1.57771	2390401
1.57771	2391601
1.57771	2392801
1.57771	2394001
1.57771	2395201
1.57771	2396401
1.57771	2397601
1.57771	2398801
1.57771	2400001
1.57771	2401201
1.57771	2402401
1.57771	2403601
1.57771	2404801
1.57781	2406001
1.57781	2407201
1.57781	2408401
1.57781	2409601
1.57781	2410801
1.57781	2412001
1.57791	2413201
1.57791	2414401
1.57791	2415601
1.57791	2416801
1.57791	2418001
1.57791	2419201
1.57791	2420401
1.57801	2421601
1.57801	2422801
1.57801	2424001
1.57801	2425201
1.57811	2426401
1.57811	2427601
1.57821	2428801
1.57821	2430001
1.58674	2431201
1.58674	2432401
1.591	2433601
1.591	2434801
1.591	2436001
1.591	2437201
1.591	2438401
1.591	2439601
1.591	2440801
1.591	2442001
1.591	2443201
1.591	2444401
1.591	2445601
1.591	2446801
1.591	2448001
1.591	2449201
1.591	2450401
1.591	2451601
1.591	2452801
1.591	2454001
1.591	2455201
1.591	2456401
1.591	2457601
1.591	2458801
1.591	2460001
1.591	2461201
1.591	2462401
1.591	2463601
1.591	2464801
1.591	2466001
1.591	2467201
1.591	2468401
1.591	2469601
1.591	2470801
1.591	2472001
1.591	2473201
1.591	2474401
1.591	2475601
1.591	2476801
1.591	2478001
1.591	2479201
1.591	2480401
1.591	2481601
1.591	2482801
1.591	2484001
1.591	2485201
1.591	2486401
1.591	2487601
1.591	2488801
1.591	2490001
1.591	2491201
1.591	2492401
1.591	2493601
1.591	2494801
1.591	2496001
1.591	2497201
1.591	2498401
1.591	2499601
1.591	2500801
1.591	2502001
1.591	2503201
1.60671	2504401
1.60671	2505601
1.60671	2506801
1.60671	2508001
1.60671	2509201
1.60671	2510401
1.60671	2511601
1.60671	2512801
1.60671	2514001
1.60671	2515201
1.60671	2516401
1.60691	2517601
1.60691	2518801
1.60731	2520001
1.60731	2521201
1.60741	2522401
1.60741	2523601
1.60741	2524801
1.60741	2526001
1.60741	2527201
1.60741	2528401
1.60741	2529601
1.60741	2530801
1.60751	2532001
1.60751	2533201
1.60751	2534401
1.60751	2535601
1.60761	2536801
1.60761	2538001
1.60771	2539201
1.60771	2540401
1.60811	2541601
1.60811	2542801
1.60831	2544001
1.60831	2545201
1.60831	2546401
1.60831	2547601
1.60831	2548801
1.60831	2550001
1.60831	2551201
1.60831	2552401
1.60841	2553601
1.60841	2554801
1.60851	2556001
1.60851	2557201
1.60861	2558401
1.60861	2559601
1.60861	2560801
1.60861	2562001
1.60871	2563201
1.60871	2564401
1.60871	2565601
1.60871	2566801
1.60881	2568001
1.60881	2569201
1.60881	2570401
1.60881	2571601
1.61051	2572801
1.61051	2574001
1.61061	2575201
1.61061	2576401
1.61061	2577601
1.61061	2578801
1.61061	2580001
1.61061	2581201
1.61061	2582401
1.61061	2583601
1.61061	2584801
1.61061	2586001
1.61061	2587201
1.61061	2588401
1.61071	2589601
1.61071	2590801
1.61071	2592001
1.61071	2593201
1.61141	2594401
1.61141	2595601
1.61161	2596801
1.61161	2598001
1.61161	2599201
1.61161	2600401
1.61161	2601601
1.61161	2602801
1.61161	2604001
1.61161	2605201
1.61161	2606401
1.61161	2607601
1.61171	2608801
1.61171	2610001
1.61171	2611201
1.61171	2612401
1.61181	2613601
1.61181	2614801
1.61181	2616001
1.61181	2617201
1.61271	2618401
1.61271	2619601
1.61271	2620801
1.61271	2622001
1.61271	2623201
1.61271	2624401
1.61271	2625601
1.61271	2626801
1.61271	2628001
1.61271	2629201
1.61271	2630401
1.61271	2631601
1.61271	2632801
1.61271	2634001
1.61281	2635201
1.61281	2636401
1.61291	2637601
1.61291	2638801
1.61301	2640001
1.61301	2641201
1.61301	2642401
1.61301	2643601
1.61301	2644801
1.61301	2646001
1.61431	2647201
1.61431	2648401
1.61441	2649601
1.61441	2650801
1.61441	2652001
1.61441	2653201
1.61441	2654401
1.61441	2655601
1.61441	2656801
1.61441	2658001
1.61441	2659201
1.61451	2660401
1.61451	2661601
1.61451	2662801
1.61451	2664001
1.61451	2665201
1.61451	2666401
1.61451	2667601
1.61451	2668801
1.61461	2670001
1.61461	2671201
1.61581	2672401
1.61581	2673601
1.61591	2674801
1.61591	2676001
1.61591	2677201
1.61591	2678401
1.61591	2679601
1.61591	2680801
1.61591	2682001
1.61591	2683201
1.61601	2684401
1.61601	2685601
1.61601	2686801
1.61601	2688001
1.61601	2689201
1.61601	2690401
1.61601	2691601
1.61601	2692801
1.61611	2694001
1.61611	2695201
1.61721	2696401
1.61721	2697601
1.61731	2698801
1.61731	2700001
1.61731	2701201
1.61731	2702401
1.61731	2703601
1.61731	2704801
1.61731	2706001
1.61731	2707201
1.61731	2708401
1.61731	2709601
1.61741	2710801
1.61741	2712001
1.61741	2713201
1.61741	2714401
1.61741	2715601
1.61741	2716801
1.61741	2718001
1.61741	2719201
1.61741	2720401
1.61741	2721601
1.61741	2722801
1.61741	2724001
1.61871	2725201
1.61871	2726401
1.61881	2727601
1.61881	2728801
1.61881	2730001
1.61881	2731201
1.61881	2732401
1.61881	2733601
1.61881	2734801
1.61881	2736001
1.61881	2737201
1.61881	2738401
1.61881	2739601
1.61891	2740801
1.61891	2742001
1.61891	2743201
1.61891	2744401
1.61891	2745601
1.61891	2746801
1.61891	2748001
1.61891	2749201
1.61891	2750401
1.61891	2751601
1.62041	2752801
1.62041	2754001
1.62041	2755201
1.62041	2756401
1.62041	2757601
1.62041	2758801
1.62041	2760001
1.62041	2761201
1.62041	2762401
1.62041	2763601
1.62041	2764801
1.62041	2766001
1.62041	2767201
1.62041	2768401
1.62041	2769601
1.62041	2770801
1.62041	2772001
1.62041	2773201
1.62041	2774401
1.62041	2775601
1.62121	2776801
1.62121	2778001
1.62131	2779201
1.62131	2780401
1.62131	2781601
1.62131	2782801
1.62131	2784001
1.62131	2785201
1.62131	2786401
1.62131	2787601
1.62131	2788801
1.62131	2790001
1.62141	2791201
1.62141	2792401
1.62141	2793601
1.62141	2794801
1.62141	2796001
1.62141	2797201
1.62141	2798401
1.62141	2799601
1.62141	2800801
1.62141	2802001
1.62151	2803201
1.62151	2804401
1.62281	2805601
1.62281	2806801
1.62291	2808001
1.62291	2809201
1.62291	2810401
1.62291	2811601
1.62291	2812801
1.62291	2814001
1.62291	2815201
1.62291	2816401
1.62291	2817601
1.62291	2818801
1.62291	2820001
1.62421	2821201
1.62421	2822401
1.62421	2823601
1.62421	2824801
1.62421	2826001
1.62421	2827201
1.62421	2828401
1.62421	2829601
1.62421	2830801
1.62421	2832001
1.62441	2833201
1.62441	2834401
1.62441	2835601
1.62441	2836801
1.62441	2838001
1.62441	2839201
1.62441	2840401
1.62441	2841601
1.62441	2842801
1.62441	2844001
1.62441	2845201
1.62441	2846401
1.62441	2847601
1.62441	2848801
1.62441	2850001
1.62441	2851201
1.62441	2852401
1.62441	2853601
1.62521	2854801
1.62521	2856001
1.62541	2857201
1.62541	2858401
1.62541	2859601
1.62541	2860801
1.62541	2862001
1.62541	2863201
1.62541	2864401
1.62541	2865601
1.62541	2866801
1.62541	2868001
1.62541	2869201
1.62541	2870401
1.62541	2871601
1.62541	2872801
1.62551	2874001
1.62551	2875201
1.62551	2876401
1.62551	2877601
1.62551	2878801
1.62551	2880001
1.62551	2881201
1.62551	2882401
1.62551	2883601
1.62551	2884801
1.62691	2886001
1.62691	2887201
1.62701	2888401
1.62701	2889601
1.62701	2890801
1.62701	2892001
1.62701	2893201
1.62701	2894401
1.62701	2895601
1.62701	2896801
1.62701	2898001
1.62701	2899201
1.62701	2900401
1.62701	2901601
1.62701	2902801
1.62821	2904001
1.62821	2905201
1.62831	2906401
1.62831	2907601
1.62841	2908801
1.62841	2910001
1.62841	2911201
1.62841	2912401
1.62841	2913601
1.62841	2914801
1.62841	2916001
1.62841	2917201
1.62871	2918401
1.62871	2919601
1.62881	2920801
1.62881	2922001
1.62881	2923201
1.62881	2924401
1.62881	2925601
1.62881	2926801
1.62881	2928001
1.62881	2929201
1.62881	2930401
1.62881	2931601
1.62881	2932801
1.62881	2934001
1.62881	2935201
1.62881	2936401
1.62951	2937601
1.62951	2938801
1.62961	2940001
1.62961	2941201
1.62961	2942401
1.62961	2943601
1.62961	2944801
1.62961	2946001
1.62961	2947201
1.62961	2948401
1.62961	2949601
1.62961	2950801
1.62961	2952001
1.62961	2953201
1.62971	2954401
1.62971	2955601
1.62971	2956801
1.62971	2958001
1.62971	2959201
1.62971	2960401
1.62971	2961601
1.62971	2962801
1.62971	2964001
1.62971	2965201
1.62971	2966401
1.62971	2967601
1.63101	2968801
1.63101	2970001
1.63111	2971201
1.63111	2972401
1.63111	2973601
1.63111	2974801
1.63111	2976001
1.63111	2977201
1.63111	2978401
1.63111	2979601
1.63111	2980801
1.63111	2982001
1.63111	2983201
1.63111	2984401
1.63111	2985601
1.63221	2986801
1.63221	2988001
1.63221	2989201
1.63221	2990401
1.63221	2991601
1.63221	2992801
1.63231	2994001
1.63231	2995201
1.63241	2996401
1.63241	2997601
1.63241	2998801
1.63241	3000001
1.63241	3001201
1.63241	3002401
1.63251	3003601
1.63251	3004801
1.63271	3006001
1.63271	3007201
1.63321	3008401
1.63321	3009601
1.63321	3010801
1.63321	3012001
1.63321	3013201
1.63321	3014401
1.63321	3015601
1.63321	3016801
1.63321	3018001
1.63321	3019201
1.63491	3020401
1.63491	3021601
1.63501	3022801
1.63501	3024001
1.63501	3025201
1.63501	3026401
1.63501	3027601
1.63501	3028801
1.63501	3030001
1.63501	3031201
1.63501	3032401
1.63501	3033601
1.63501	3034801
1.63501	3036001
1.63501	3037201
1.63501	3038401
1.63511	3039601
1.63511	3040801
1.63511	3042001
1.63511	3043201
1.63511	3044401
1.63511	3045601
1.63511	3046801
1.63511	3048001
1.63511	3049201
1.63511	3050401
1.63511	3051601
1.63511	3052801
1.63511	3054001
1.63511	3055201
1.63521	3056401
1.63521	3057601
1.63521	3058801
1.63521	3060001
1.63521	3061201
1.63521	3062401
1.63521	3063601
1.63521	3064801
1.63521	3066001
1.63521	3067201
1.63521	3068401
1.63521	3069601
1.63521	3070801
1.63651	3072001
1.63651	3073201
1.63651	3074401
1.63651	3075601
1.63651	3076801
1.63651	3078001
1.63651	3079201
1.63651	3080401
1.63671	3081601
1.63671	3082801
1.63681	3084001
1.63681	3085201
1.63681	3086401
1.63681	3087601
1.63681	3088801
1.63681	3090001
1.63681	3091201
1.63681	3092401
1.63881	3093601
1.63881	3094801
1.63891	3096001
1.63891	3097201
1.63891	3098401
1.63891	3099601
1.63891	3100801
1.63891	3102001
1.63891	3103201
1.63891	3104401
1.63891	3105601
1.63891	3106801
1.63891	3108001
1.63891	3109201
1.63901	3110401
1.63901	3111601
1.63901	3112801
1.63901	3114001
1.63901	3115201
1.63901	3116401
1.63901	3117601
1.63901	3118801
1.63901	3120001
1.63901	3121201
1.63901	3122401
1.63901	3123601
1.63911	3124801
1.63911	3126001
1.63911	3127201
1.63911	3128401
1.63911	3129601
1.63911	3130801
1.63911	3132001
1.63911	3133201
1.63911	3134401
1.63911	3135601
1.63911	3136801
1.63911	3138001
1.63921	3139201
1.63921	3140401
1.63921	3141601
1.63921	3142801
1.63921	3144001
1.63921	3145201
1.63921	3146401
1.63921	3147601
1.63921	3148801
1.63921	3150001
1.63921	3151201
1.63921	3152401
1.63921	3153601
1.63921	3154801
1.63921	3156001
1.64071	3157201
1.64071	3158401
1.64081	3159601
1.64081	3160801
1.64081	3162001
1.64081	3163201
1.64081	3164401
1.64081	3165601
1.64081	3166801
1.64081	3168001
1.64081	3169201
1.64081	3170401
1.64081	3171601
1.64081	3172801
1.64081	3174001
1.64081	3175201
1.64271	3176401
1.64271	3177601
1.64271	3178801
1.64271	3180001
1.64281	3181201
1.64281	3182401
1.64291	3183601
1.64291	3184801
1.64291	3186001
1.64291	3187201
1.64291	3188401
1.64291	3189601
1.64291	3190801
1.64291	3192001
1.64291	3193201
1.64291	3194401
1.64291	3195601
1.64291	3196801
1.64291	3198001
1.64291	3199201
1.64301	3200401
1.64301	3201601
1.64301	3202801
1.64301	3204001
1.64301	3205201
1.64301	3206401
1.64301	3207601
1.64301	3208801
1.64301	3210001
1.64301	3211201
1.64301	3212401
1.64301	3213601
1.64301	3214801
1.64301	3216001
1.64311	3217201
1.64311	3218401
1.64311	3219601
1.64311	3220801
1.64311	3222001
1.64311	3223201
1.64311	3224401
1.64311	3225601
1.64311	3226801
1.64311	3228001
1.64311	3229201
1.64311	3230401
1.64311	3231601
1.64311	3232801
1.64321	3234001
1.64321	3235201
1.64321	3236401
1.64321	3237601
1.64321	3238801
1.64321	3240001
1.64321	3241201
1.64321	3242401
1.64321	3243601
1.64461	3244801
1.64461	3246001
1.64471	3247201
1.64471	3248401
1.64471	3249601
1.64471	3250801
1.64471	3252001
1.64471	3253201
1.64471	3254401
1.64471	3255601
1.64471	3256801
1.64471	3258001
1.64471	3259201
1.64471	3260401
1.64661	3261601
1.64661	3262801
1.64661	3264001
1.64661	3265201
1.64661	3266401
1.64661	3267601
1.64671	3268801
1.64671	3270001
1.64671	3271201
1.64671	3272401
1.64671	3273601
1.64671	3274801
1.64671	3276001
1.64671	3277201
1.64681	3278401
1.64681	3279601
1.64691	3280801
1.64691	3282001
1.64691	3283201
1.64691	3284401
1.64691	3285601
1.64691	3286801
1.64691	3288001
1.64691	3289201
1.64691	3290401
1.64691	3291601
1.64691	3292801
1.64691	3294001
1.64701	3295201
1.64701	3296401
1.64701	3297601
1.64701	3298801
1.64701	3300001
1.64701	3301201
1.64701	3302401
1.64701	3303601
1.64701	3304801
1.64701	3306001
1.64701	3307201
1.64701	3308401
1.64701	3309601
1.64701	3310801
1.64711	3312001
1.64711	3313201
1.64711	3314401
1.64711	3315601
1.64711	3316801
1.64711	3318001
1.64711	3319201
1.64711	3320401
1.64711	3321601
1.64711	3322801
1.64711	3324001
1.64711	3325201
1.64711	3326401
1.64711	3327601
1.64711	3328801
1.64721	3330001
1.64721	3331201
1.64851	3332401
1.64851	3333601
1.64861	3334801
1.64861	3336001
1.64861	3337201
1.64861	3338401
1.64861	3339601
1.64861	3340801
1.64861	3342001
1.64861	3343201
1.64861	3344401
1.64861	3345601
1.64861	3346801
1.64861	3348001
1.65051	3349201
1.65051	3350401
1.65051	3351601
1.65051	3352801
1.65051	3354001
1.65051	3355201
1.65051	3356401
1.65051	3357601
1.65061	3358801
1.65061	3360001
1.65071	3361201
1.65071	3362401
1.65071	3363601
1.65071	3364801
1.65071	3366001
1.65071	3367201
1.65071	3368401
1.65071	3369601
1.65071	3370801
1.65071	3372001
1.65081	3373201
1.65081	3374401
1.65081	3375601
1.65081	3376801
1.65081	3378001
1.65081	3379201
1.65081	3380401
1.65081	3381601
1.65081	3382801
1.65081	3384001
1.65081	3385201
1.65081	3386401
1.65081	3387601
1.65081	3388801
1.65091	3390001
1.65091	3391201
1.65091	3392401
1.65091	3393601
1.65091	3394801
1.65091	3396001
1.65091	3397201
1.65091	3398401
1.65091	3399601
1.65091	3400801
1.65091	3402001
1.65091	3403201
1.65101	3404401
1.65101	3405601
1.65101	3406801
1.65101	3408001
1.65101	3409201
1.65101	3410401
1.65101	3411601
1.65101	3412801
1.65101	3414001
1.65101	3415201
1.65101	3416401
1.65101	3417601
1.65101	3418801
1.65101	3420001
1.65101	3421201
1.65281	3422401
1.65281	3423601
1.65281	3424801
1.65281	3426001
1.65281	3427201
1.65281	3428401
1.65441	3429601
1.65441	3430801
1.65451	3432001
1.65451	3433201
1.65451	3434401
1.65451	3435601
1.65451	3436801
1.65451	3438001
1.65451	3439201
1.65451	3440401
1.65451	3441601
1.65451	3442801
1.65451	3444001
1.65451	3445201
1.65461	3446401
1.65461	3447601
1.65461	3448801
1.65461	3450001
1.65461	3451201
1.65461	3452401
1.65461	3453601
1.65461	3454801
1.65461	3456001
1.65461	3457201
1.65461	3458401
1.65461	3459601
1.65461	3460801
1.65461	3462001
1.65471	3463201
1.65471	3464401
1.65471	3465601
1.65471	3466801
1.65471	3468001
1.65471	3469201
1.65471	3470401
1.65471	3471601
1.65471	3472801
1.65471	3474001
1.65471	3475201
1.65471	3476401
1.65471	3477601
1.65471	3478801
1.65481	3480001
1.65481	3481201
1.65481	3482401
1.65481	3483601
1.65481	3484801
1.65481	3486001
1.65481	3487201
1.65481	3488401
1.65481	3489601
1.65481	3490801
1.65481	3492001
1.65481	3493201
1.65491	3494401
1.65491	3495601
1.65491	3496801
1.65491	3498001
1.65491	3499201
1.65491	3500401
1.65491	3501601
1.65491	3502801
1.65491	3504001
1.65491	3505201
1.65491	3506401
1.65491	3507601
1.65491	3508801
1.65491	3510001
1.65491	3511201
1.65671	3512401
1.65671	3513601
1.65671	3514801
1.65671	3516001
1.65671	3517201
1.65671	3518401
1.65831	3519601
1.65831	3520801
1.65841	3522001
1.65841	3523201
1.65851	3524401
1.65851	3525601
1.65851	3526801
1.65851	3528001
1.65851	3529201
1.65851	3530401
1.65851	3531601
1.65851	3532801
1.65851	3534001
1.65851	3535201
1.65851	3536401
1.65851	3537601
1.65851	3538801
1.65851	3540001
1.65861	3541201
1.65861	3542401
1.65861	3543601
1.65861	3544801
1.65861	3546001
1.65861	3547201
1.65861	3548401
1.65861	3549601
1.65861	3550801
1.65861	3552001
1.65861	3553201
1.65861	3554401
1.65861	3555601
1.65861	3556801
1.65871	3558001
1.65871	3559201
1.65871	3560401
1.65871	3561601
1.65871	3562801
1.65871	3564001
1.65871	3565201
1.65871	3566401
1.65871	3567601
1.65871	3568801
1.65871	3570001
1.65871	3571201
1.65871	3572401
1.65871	3573601
1.65881	3574801
1.65881	3576001
1.65881	3577201
1.65881	3578401
1.65881	3579601
1.65881	3580801
1.65881	3582001
1.65881	3583201
1.65881	3584401
1.65881	3585601
1.65881	3586801
1.65881	3588001
1.65891	3589201
1.65891	3590401
1.65891	3591601
1.65891	3592801
1.65891	3594001
1.65891	3595201
1.65891	3596401
1.65891	3597601
1.65891	3598801
1.65891	3600001
1.65891	3601201
1.65891	3602401
1.65891	3603601
1.66061	3604801
1.66061	3606001
1.66061	3607201
1.66061	3608401
1.66061	3609601
1.66061	3610801
1.66221	3612001
1.66221	3613201
1.66231	3614401
1.66231	3615601
1.66231	3616801
1.66231	3618001
1.66241	3619201
1.66241	3620401
1.66251	3621601
1.66251	3622801
1.66251	3624001
1.66251	3625201
1.66251	3626401
1.66251	3627601
1.66251	3628801
1.66251	3630001
1.66251	3631201
1.66251	3632401
1.66251	3633601
1.66251	3634801
1.66251	3636001
1.66251	3637201
1.66261	3638401
1.66261	3639601
1.66261	3640801
1.66261	3642001
1.66261	3643201
1.66261	3644401
1.66261	3645601
1.66261	3646801
1.66261	3648001
1.66261	3649201
1.66261	3650401
1.66261	3651601
1.66261	3652801
1.66261	3654001
1.66271	3655201
1.66271	3656401
1.66271	3657601
1.66271	3658801
1.66271	3660001
1.66271	3661201
1.66271	3662401
1.66271	3663601
1.66271	3664801
1.66271	3666001
1.66271	3667201
1.66271	3668401
1.66271	3669601
1.66271	3670801
1.66281	3672001
1.66281	3673201
1.66281	3674401
1.66281	3675601
1.66281	3676801
1.66281	3678001
1.66281	3679201
1.66281	3680401
1.66281	3681601
1.66281	3682801
1.66281	3684001
1.66281	3685201
1.66281	3686401
1.66281	3687601
1.66291	3688801
1.66291	3690001
1.66291	3691201
1.66291	3692401
1.66291	3693601
1.66291	3694801
1.66291	3696001
1.66451	3697201
1.66451	3698401
1.66451	3699601
1.66451	3700801
1.66451	3702001
1.66451	3703201
1.66611	3704401
1.66611	3705601
1.66621	3706801
1.66621	3708001
1.66621	3709201
1.66621	3710401
1.66621	3711601
1.66621	3712801
1.66621	3714001
1.66621	3715201
1.66661	3716401
1.66661	3717601
1.66661	3718801
1.66661	3720001
1.66661	3721201
1.66661	3722401
1.66661	3723601
1.66661	3724801
1.66661	3726001
1.66661	3727201
1.66661	3728401
1.66661	3729601
1.66661	3730801
1.66661	3732001
1.66661	3733201
1.66661	3734401
1.66661	3735601
1.66661	3736801
1.66661	3738001
1.66661	3739201
1.66661	3740401
1.66661	3741601
1.66661	3742801
1.66661	3744001
1.66661	3745201
1.66661	3746401
1.66661	3747601
1.66661	3748801
1.66661	3750001
1.66661	3751201
1.66661	3752401
1.66661	3753601
1.66661	3754801
1.66661	3756001
1.66661	3757201
1.66661	3758401
1.66671	3759601
1.66671	3760801
1.66671	3762001
1.66671	3763201
1.66681	3764401
1.66681	3765601
1.66681	3766801
1.66681	3768001
1.66681	3769201
1.66681	3770401
1.66681	3771601
1.66681	3772801
1.66681	3774001
1.66681	3775201
1.66681	3776401
1.66681	3777601
1.66681	3778801
1.66681	3780001
1.66691	3781201
1.66691	3782401
1.66691	3783601
1.66691	3784801
1.66691	3786001
1.66691	3787201
1.66691	3788401
1.66691	3789601
1.66691	3790801
1.66841	3792001
1.66841	3793201
1.66841	3794401
1.66841	3795601
1.66841	3796801
1.66841	3798001
1.67001	3799201
1.67001	3800401
1.67011	3801601
1.67011	3802801
1.67011	3804001
1.67011	3805201
1.67011	3806401
1.67011	3807601
1.67011	3808801
1.67011	3810001
1.67051	3811201
1.67051	3812401
1.67061	3813601
1.67061	3814801
1.67061	3816001
1.67061	3817201
1.67061	3818401
1.67061	3819601
1.67061	3820801
1.67061	3822001
1.67061	3823201
1.67061	3824401
1.67061	3825601
1.67061	3826801
1.67061	3828001
1.67061	3829201
1.67071	3830401
1.67071	3831601
1.67071	3832801
1.67071	3834001
1.67071	3835201
1.67071	3836401
1.67071	3837601
1.67071	3838801
1.67071	3840001
1.67071	3841201
1.67071	3842401
1.67071	3843601
1.67071	3844801
1.67071	3846001
1.67081	3847201
1.67081	3848401
1.67081	3849601
1.67081	3850801
1.67081	3852001
1.67081	3853201
1.67081	3854401
1.67081	3855601
1.67081	3856801
1.67081	3858001
1.67081	3859201
1.67081	3860401
1.67081	3861601
1.67081	3862801
1.67091	3864001
1.67091	3865201
1.67091	3866401
1.67091	3867601
1.67091	3868801
1.67091	3870001
1.67091	3871201
1.67091	3872401
1.67091	3873601
1.67091	3874801
1.67091	3876001
1.67091	3877201
1.67091	3878401
1.67091	3879601
1.67091	3880801
1.67091	3882001
1.67201	3883201
1.67201	3884401
1.67201	3885601
1.67261	3886801
1.67261	3888001
1.67261	3889201
1.67261	3890401
1.67391	3891601
1.67391	3892801
1.67391	3894001
1.67391	3895201
1.67401	3896401
1.67401	3897601
1.67401	3898801
1.67401	3900001
1.67401	3901201
1.67401	3902401
1.67401	3903601
1.67401	3904801
1.67431	3906001
1.67431	3907201
1.67431	3908401
1.67431	3909601
1.67461	3910801
1.67461	3912001
1.67461	3913201
1.67461	3914401
1.67461	3915601
1.67461	3916801
1.67461	3918001
1.67461	3919201
1.67461	3920401
1.67461	3921601
1.67461	3922801
1.67461	3924001
1.67461	3925201
1.67461	3926401
1.67501	3927601
1.67501	3928801
1.67501	3930001
1.67501	3931201
1.67511	3932401
1.67511	3933601
1.67511	3934801
1.67511	3936001
1.67511	3937201
1.67511	3938401
1.67511	3939601
1.67511	3940801
1.67511	3942001
1.67511	3943201
1.67511	3944401
1.67511	3945601
1.67511	3946801
1.67511	3948001
1.67601	3949201
1.67601	3950401
1.67601	3951601
1.67601	3952801
1.67601	3954001
1.67601	3955201
1.67601	3956401
1.67601	3957601
1.67601	3958801
1.67601	3960001
1.67601	3961201
1.67601	3962401
1.67651	3963601
1.67651	3964801
1.67791	3966001
1.67791	3967201
1.67791	3968401
1.67791	3969601
1.67791	3970801
1.67791	3972001
1.67791	3973201
1.67791	3974401
1.67791	3975601
1.67791	3976801
1.67791	3978001
1.67791	3979201
1.67791	3980401
1.67791	3981601
1.67791	3982801
1.67791	3984001
1.67791	3985201
1.67791	3986401
1.67791	3987601
1.67791	3988801
1.67791	3990001
1.67791	3991201
1.67791	3992401
1.67791	3993601
1.67791	3994801
1.67791	3996001
1.67791	3997201
1.67791	3998401
1.67791	3999601
1.67861	4000801
1.67861	4002001
1.67861	4003201
1.67861	4004401
1.67861	4005601
1.67861	4006801
1.67861	4008001
1.67861	4009201
1.67861	4010401
1.67861	4011601
1.67861	4012801
1.67861	4014001
1.67861	4015201
1.67861	4016401
1.67901	4017601
1.67901	4018801
1.67901	4020001
1.67901	4021201
1.67911	4022401
1.67911	4023601
1.67911	4024801
1.67911	4026001
1.67911	4027201
1.67911	4028401
1.67911	4029601
1.67911	4030801
1.67911	4032001
1.67911	4033201
1.67911	4034401
1.67911	4035601
1.67911	4036801
1.67911	4038001
1.67911	4039201
1.67911	4040401
1.68041	4041601
1.68041	4042801
1.68041	4044001
1.68041	4045201
1.68051	4046401
1.68051	4047601
1.68051	4048801
1.68051	4050001
1.68051	4051201
1.68051	4052401
1.68051	4053601
1.68051	4054801
1.68051	4056001
1.68051	4057201
1.68051	4058401
1.68051	4059601
1.68051	4060801
1.68051	4062001
1.68181	4063201
1.68181	4064401
1.68191	4065601
1.68191	4066801
1.68191	4068001
1.68191	4069201
1.68191	4070401
1.68191	4071601
1.68191	4072801
1.68191	4074001
1.68191	4075201
1.68191	4076401
1.68191	4077601
1.68191	4078801
1.68191	4080001
1.68191	4081201
1.68191	4082401
1.68191	4083601
1.68191	4084801
1.68191	4086001
1.68191	4087201
1.68191	4088401
1.68191	4089601
1.68191	4090801
1.68191	4092001
1.68191	4093201
1.68191	4094401
1.68251	4095601
1.68251	4096801
1.68251	4098001
1.68251	4099201
1.68251	4100401
1.68251	4101601
1.68251	4102801
1.68251	4104001
1.68251	4105201
1.68251	4106401
1.68251	4107601
1.68251	4108801
1.68261	4110001
1.68261	4111201
1.68261	4112401
1.68261	4113601
1.68471	4114801
1.68471	4116001
1.68481	4117201
1.68481	4118401
1.68481	4119601
1.68481	4120801
1.68481	4122001
1.68481	4123201
1.68481	4124401
1.68481	4125601
1.68481	4126801
1.68481	4128001
1.68481	4129201
1.68481	4130401
1.68481	4131601
1.68481	4132801
1.68481	4134001
1.68481	4135201
1.68481	4136401
1.68481	4137601
1.68481	4138801
1.68481	4140001
1.68481	4141201
1.68481	4142401
1.68481	4143601
1.68481	4144801
1.68481	4146001
1.68481	4147201
1.68481	4148401
1.68481	4149601
1.68481	4150801
1.68481	4152001
1.68481	4153201
1.68481	4154401
1.68481	4155601
1.68481	4156801
1.68541	4158001
1.68541	4159201
1.68571	4160401
1.68571	4161601
1.68581	4162801
1.68581	4164001
1.68591	4165201
1.68591	4166401
1.68591	4167601
1.68591	4168801
1.68591	4170001
1.68591	4171201
1.68591	4172401
1.68591	4173601
1.68591	4174801
1.68591	4176001
1.68591	4177201
1.68591	4178401
1.68591	4179601
1.68591	4180801
1.68591	4182001
1.68591	4183201
1.68591	4184401
1.68591	4185601
1.68591	4186801
1.68591	4188001
1.68591	4189201
1.68591	4190401
1.68591	4191601
1.68671	4192801
1.68671	4194001
1.68671	4195201
1.68671	4196401
1.68671	4197601
1.68671	4198801
1.68671	4200001
1.68671	4201201
1.68671	4202401
1.68671	4203601
1.68671	4204801
1.68671	4206001
1.68671	4207201
1.68671	4208401
1.68671	4209601
1.68671	4210801
1.68841	4212001
1.68841	4213201
1.68841	4214401
1.68841	4215601
1.68861	4216801
1.68861	4218001
1.68871	4219201
1.68871	4220401
1.68881	4221601
1.68881	4222801
1.68881	4224001
1.68881	4225201
1.68881	4226401
1.68881	4227601
1.68881	4228801
1.68881	4230001
1.68881	4231201
1.68881	4232401
1.68881	4233601
1.68881	4234801
1.68881	4236001
1.68881	4237201
1.68881	4238401
1.68881	4239601
1.68881	4240801
1.68881	4242001
1.68881	4243201
1.68881	4244401
1.68881	4245601
1.68881	4246801
1.68881	4248001
1.68881	4249201
1.68881	4250401
1.68881	4251601
1.68881	4252801
1.68881	4254001
1.68951	4255201
1.68951	4256401
1.68981	4257601
1.68981	4258801
1.68991	4260001
1.68991	4261201
1.68991	4262401
1.68991	4263601
1.68991	4264801
1.68991	4266001
1.68991	4267201
1.68991	4268401
1.68991	4269601
1.68991	4270801
1.68991	4272001
1.68991	4273201
1.68991	4274401
1.68991	4275601
1.68991	4276801
1.68991	4278001
1.68991	4279201
1.68991	4280401
1.68991	4281601
1.68991	4282801
1.68991	4284001
1.69001	4285201
1.69001	4286401
1.69001	4287601
1.69001	4288801
1.69001	4290001
1.69001	4291201
1.69241	4292401
1.69241	4293601
1.69241	4294801
1.69241	4296001
1.69241	4297201
1.69241	4298401
1.69241	4299601
1.69241	4300801
1.69241	4302001
1.69241	4303201
1.69241	4304401
1.69241	4305601
1.69241	4306801
1.69241	4308001
1.69241	4309201
1.69241	4310401
1.69241	4311601
1.69241	4312801
1.69241	4314001
1.69241	4315201
1.69251	4316401
1.69251	4317601
1.69251	4318801
1.69251	4320001
1.69261	4321201
1.69261	4322401
1.69261	4323601
1.69261	4324801
1.69261	4326001
1.69261	4327201
1.69261	4328401
1.69261	4329601
1.69261	4330801
1.69261	4332001
1.69261	4333201
1.69261	4334401
1.69261	4335601
1.69261	4336801
1.69261	4338001
1.69261	4339201
1.69261	4340401
1.69261	4341601
1.69261	4342801
1.69261	4344001
1.69261	4345201
1.69261	4346401
1.69271	4347601
1.69271	4348801
1.69271	4350001
1.69271	4351201
1.69281	4352401
1.69281	4353601
1.69391	4354801
1.69391	4356001
1.69401	4357201
1.69401	4358401
1.69401	4359601
1.69401	4360801
1.69401	4362001
1.69401	4363201
1.69401	4364401
1.69401	4365601
1.69401	4366801
1.69401	4368001
1.69401	4369201
1.69401	4370401
1.69401	4371601
1.69401	4372801
1.69401	4374001
1.69401	4375201
1.69401	4376401
1.69401	4377601
1.69491	4378801
1.69491	4380001
1.69641	4381201
1.69641	4382401
1.69641	4383601
1.69641	4384801
1.69641	4386001
1.69641	4387201
1.69641	4388401
1.69641	4389601
1.69641	4390801
1.69641	4392001
1.69641	4393201
1.69641	4394401
1.69641	4395601
1.69641	4396801
1.69641	4398001
1.69641	4399201
1.69641	4400401
1.69641	4401601
1.69641	4402801
1.69641	4404001
1.69641	4405201
1.69641	4406401
1.69641	4407601
1.69651	4408801
1.69651	4410001
1.69651	4411201
1.69651	4412401
1.69651	4413601
1.69651	4414801
1.69651	4416001
1.69651	4417201
1.69651	4418401
1.69651	4419601
1.69651	4420801
1.69651	4422001
1.69651	4423201
1.69651	4424401
1.69651	4425601
1.69651	4426801
1.69651	4428001
1.69651	4429201
1.69651	4430401
1.69651	4431601
1.69651	4432801
1.69651	4434001
1.69661	4435201
1.69661	4436401
1.69661	4437601
1.69661	4438801
1.69661	4440001
1.69661	4441201
1.69661	4442401
1.69661	4443601
1.69661	4444801
1.69661	4446001
1.69661	4447201
1.69661	4448401
1.69661	4449601
1.69661	4450801
1.69661	4452001
1.69661	4453201
1.69741	4454401
1.69741	4455601
1.69791	4456801
1.69791	4458001
1.69801	4459201
1.69801	4460401
1.69801	4461601
1.69801	4462801
1.69801	4464001
1.69801	4465201
1.69801	4466401
1.69801	4467601
1.69801	4468801
1.69801	4470001
1.69801	4471201
1.69801	4472401
1.69801	4473601
1.69801	4474801
1.69801	4476001
1.69801	4477201
1.69891	4478401
1.69891	4479601
1.70031	4480801
1.70031	4482001
1.70041	4483201
1.70041	4484401
1.70041	4485601
1.70041	4486801
1.70041	4488001
1.70041	4489201
1.70041	4490401
1.70041	4491601
1.70041	4492801
1.70041	4494001
1.70041	4495201
1.70041	4496401
1.70041	4497601
1.70041	4498801
1.70041	4500001
1.70041	4501201
1.70041	4502401
1.70041	4503601
1.70041	4504801
1.70041	4506001
1.70041	4507201
1.70051	4508401
1.70051	4509601
1.70051	4510801
1.70051	4512001
1.70051	4513201
1.70051	4514401
1.70051	4515601
1.70051	4516801
1.70051	4518001
1.70051	4519201
1.70051	4520401
1.70051	4521601
1.70051	4522801
1.70051	4524001
1.70051	4525201
1.70051	4526401
1.70051	4527601
1.70051	4528801
1.70051	4530001
1.70051	4531201
1.70051	4532401
1.70051	4533601
1.70061	4534801
1.70061	4536001
1.70061	4537201
1.70061	4538401
1.70061	4539601
1.70061	4540801
1.70061	4542001
1.70061	4543201
1.70061	4544401
1.70061	4545601
1.70061	4546801
1.70061	4548001
1.70061	4549201
1.70061	4550401
1.70061	4551601
1.70061	4552801
1.70151	4554001
1.70151	4555201
1.70181	4556401
1.70181	4557601
1.70221	4558801
1.70221	4560001
1.70231	4561201
1.70231	4562401
1.70231	4563601
1.70231	4564801
1.70231	4566001
1.70231	4567201
1.70231	4568401
1.70231	4569601
1.70231	4570801
1.70231	4572001
1.70231	4573201
1.70231	4574401
1.70231	4575601
1.70231	4576801
1.70301	4578001
1.70301	4579201
1.70421	4580401
1.70421	4581601
1.70421	4582801
1.70421	4584001
1.70431	4585201
1.70431	4586401
1.70441	4587601
1.70441	4588801
1.70441	4590001
1.70441	4591201
1.70441	4592401
1.70441	4593601
1.70441	4594801
1.70441	4596001
1.70441	4597201
1.70441	4598401
1.70441	4599601
1.70441	4600801
1.70441	4602001
1.70441	4603201
1.70441	4604401
1.70441	4605601
1.70441	4606801
1.70441	4608001
1.70441	4609201
1.70441	4610401
1.70441	4611601
1.70451	4612801
1.70451	4614001
1.70451	4615201
1.70451	4616401
1.70451	4617601
1.70451	4618801
1.70451	4620001
1.70451	4621201
1.70451	4622401
1.70451	4623601
1.70451	4624801
1.70451	4626001
1.70451	4627201
1.70451	4628401
1.70451	4629601
1.70451	4630801
1.70451	4632001
1.70451	4633201
1.70451	4634401
1.70451	4635601
1.70451	4636801
1.70451	4638001
1.70481	4639201
1.70481	4640401
1.70481	4641601
1.70481	4642801
1.70491	4644001
1.70491	4645201
1.70491	4646401
1.70491	4647601
1.70491	4648801
1.70491	4650001
1.70491	4651201
1.70491	4652401
1.70491	4653601
1.70491	4654801
1.70491	4656001
1.70491	4657201
1.70601	4658401
1.70601	4659601
1.70601	4660801
1.70601	4662001
1.70601	4663201
1.70601	4664401
1.70601	4665601
1.70601	4666801
1.70621	4668001
1.70621	4669201
1.70811	4670401
1.70811	4671601
1.70811	4672801
1.70811	4674001
1.70811	4675201
1.70811	4676401
1.70811	4677601
1.70811	4678801
1.70811	4680001
1.70811	4681201
1.70811	4682401
1.70811	4683601
1.70811	4684801
1.70811	4686001
1.70811	4687201
1.70811	4688401
1.70861	4689601
1.70861	4690801
1.70861	4692001
1.70861	4693201
1.70861	4694401
1.70861	4695601
1.70861	4696801
1.70861	4698001
1.70861	4699201
1.70861	4700401
1.70861	4701601
1.70861	4702801
1.70861	4704001
1.70861	4705201
1.70861	4706401
1.70861	4707601
1.70861	4708801
1.70861	4710001
1.70861	4711201
1.70861	4712401
1.70861	4713601
1.70861	4714801
1.70861	4716001
1.70861	4717201
1.70861	4718401
1.70861	4719601
1.70861	4720801
1.70861	4722001
1.70861	4723201
1.70861	4724401
1.70861	4725601
1.70861	4726801
1.70861	4728001
1.70861	4729201
1.70861	4730401
1.70861	4731601
1.70861	4732801
1.70861	4734001
1.70861	4735201
1.70861	4736401
1.70861	4737601
1.70861	4738801
1.70861	4740001
1.70861	4741201
1.70861	4742401
1.70861	4743601
1.70861	4744801
1.70861	4746001
1.70861	4747201
1.70861	4748401
1.70861	4749601
1.70861	4750801
1.70861	4752001
1.70861	4753201
1.70861	4754401
1.70881	4755601
1.70881	4756801
1.70881	4758001
1.70881	4759201
1.70881	4760401
1.70881	4761601
1.71001	4762801
1.71001	4764001
1.71001	4765201
1.71001	4766401
1.71001	4767601
1.71001	4768801
1.71001	4770001
1.71001	4771201
1.71001	4772401
1.71001	4773601
1.71231	4774801
1.71231	4776001
1.71231	4777201
1.71231	4778401
1.71231	4779601
1.71231	4780801
1.71231	4782001
1.71231	4783201
1.71231	4784401
1.71231	4785601
1.71231	4786801
1.71231	4788001
1.71231	4789201
1.71231	4790401
1.71261	4791601
1.71261	4792801
1.71261	4794001
1.71261	4795201
1.71271	4796401
1.71271	4797601
1.71271	4798801
1.71271	4800001
1.71271	4801201
1.71271	4802401
1.71271	4803601
1.71271	4804801
1.71271	4806001
1.71271	4807201
1.71271	4808401
1.71271	4809601
1.71271	4810801
1.71271	4812001
1.71271	4813201
1.71271	4814401
1.71271	4815601
1.71271	4816801
1.71271	4818001
1.71281	4819201
1.71281	4820401
1.71281	4821601
1.71281	4822801
1.71281	4824001
1.71281	4825201
1.71281	4826401
1.71281	4827601
1.71281	4828801
1.71281	4830001
1.71281	4831201
1.71281	4832401
1.71281	4833601
1.71281	4834801
1.71281	4836001
1.71281	4837201
1.71281	4838401
1.71281	4839601
1.71281	4840801
1.71281	4842001
1.71291	4843201
1.71291	4844401
1.71291	4845601
1.71291	4846801
1.71291	4848001
1.71291	4849201
1.71291	4850401
1.71291	4851601
1.71291	4852801
1.71291	4854001
1.71291	4855201
1.71291	4856401
1.71291	4857601
1.71291	4858801
1.71291	4860001
1.71291	4861201
1.71291	4862401
1.71291	4863601
1.71291	4864801
1.71291	4866001
1.71351	4867201
1.71351	4868401
1.71621	4869601
1.71621	4870801
1.71631	4872001
1.71631	4873201
1.71631	4874401
1.71631	4875601
1.71631	4876801
1.71631	4878001
1.71631	4879201
1.71631	4880401
1.71631	4881601
1.71631	4882801
1.71631	4884001
1.71631	4885201
1.71631	4886401
1.71631	4887601
1.71631	4888801
1.71631	4890001
1.71631	4891201
1.71631	4892401
1.71631	4893601
1.71631	4894801
1.71651	4896001
1.71651	4897201
1.71651	4898401
1.71651	4899601
1.71651	4900801
1.71651	4902001
1.71651	4903201
1.71651	4904401
1.71651	4905601
1.71651	4906801
1.71651	4908001
1.71651	4909201
1.71661	4910401
1.71661	4911601
1.71661	4912801
1.71671	4914001
1.71671	4915201
1.71671	4916401
1.71671	4917601
1.71671	4918801
1.71671	4920001
1.71671	4921201
1.71671	4922401
1.71671	4923601
1.71671	4924801
1.71671	4926001
1.71671	4927201
1.71671	4928401
1.71671	4929601
1.71671	4930801
1.71671	4932001
1.71671	4933201
1.71671	4934401
1.71681	4935601
1.71681	4936801
1.71681	4938001
1.71681	4939201
1.71681	4940401
1.71681	4941601
1.71681	4942801
1.71681	4944001
1.71681	4945201
1.71681	4946401
1.71681	4947601
1.71681	4948801
1.71681	4950001
1.71681	4951201
1.71681	4952401
1.71681	4953601
1.71681	4954801
1.71681	4956001
1.71681	4957201
1.71681	4958401
1.71691	4959601
1.71691	4960801
1.71691	4962001
1.71691	4963201
1.71691	4964401
1.71691	4965601
1.71691	4966801
1.71691	4968001
1.71691	4969201
1.71691	4970401
1.71691	4971601
1.71691	4972801
1.72011	4974001
1.72011	4975201
1.72011	4976401
1.72011	4977601
1.92411	4978801
2.92411	4870801
2.92411	4872001
