0.0005 1 2 17.9266
0.0021 1 2 18.0961
0.0037 1 2 18.2128
0.0053 1 2 18.2376
0.0069 1 2 17.777
0.0085 1 2 17.9223
0.0101 1 2 18.6982
0.0117 1 2 19.3969
0.0133 1 2 19.5022
0.0149 1 2 19.4674
0.0165 1 2 19.2685
0.0181 1 2 19.3749
0.0197 1 2 18.9979
0.0213 1 2 18.5834
0.0229 1 2 5.4388
0.0245 1 2 5.01949
0.0261 1 2 4.65591
0.0277 1 2 5.55157
0.0293 1 2 5.68567
0.0309 1 2 5.41921
0.0325 1 2 6.95345
0.0341 1 2 7.62687
0.0357 1 2 8.1753
0.0373 1 2 7.84973
0.0389 1 2 8.87615
0.0405 1 2 9.40257
0.0421 1 2 15.9581
0.0437 1 2 11.2204
0.0453 1 2 17.9748
0.0469 1 2 12.3952
0.0485 1 2 17.1118
0.0501 1 2 12.147
0.0517 1 2 11.0648
0.0533 1 2 16.678
0.0549 1 2 17.101
0.0565 1 2 9.93334
0.0581 1 2 17.0722
0.0597 1 2 17.723
0.0613 1 2 16.7336
0.0629 1 2 15.0154
0.0645 1 2 6.40214
0.0661 1 2 14.4484
0.0677 1 2 5.14499
0.0693 1 2 15.2755
0.0709 1 2 4.00744
0.0725 1 2 18.6239
0.0741 1 2 18.525
0.0757 1 2 17.1269
0.0773 1 2 14.4992
0.0789 1 2 16.1129
0.0805 1 2 15.2693
0.0821 1 2 16.4178
0.0837 1 2 19.153
0.0853 1 2 15.6908
0.0869 1 2 16.9791
0.0885 1 2 16.5991
0.0901 1 2 17.1684
0.0917 1 2 17.0053
0.0933 1 2 18.3762
0.0949 1 2 14.4683
0.0965 1 2 17.8213
0.0981 1 2 -11.6217
0.0997 1 2 16.8124
0.1013 1 2 13.588
0.1029 1 2 15.2614
0.1045 1 2 13.5654
0.1061 1 2 13.3601
0.1077 1 2 16.183
0.1093 1 2 15.5447
0.1109 1 2 17.0434
0.1125 1 2 12.2446
0.1141 1 2 14.026
0.1157 1 2 10.2678
0.1173 1 2 9.08482
0.1189 1 2 0.47176
0.1205 1 2 2.06165
0.1221 1 2 12.0337
0.1237 1 2 12.5579
0.1253 1 2 0.335978
0.1269 1 2 9.59378
0.1285 1 2 8.29883
0.1301 1 2 -2.57043
0.1317 1 2 6.44653
0.1333 1 2 10.3461
0.1349 1 2 37.1184
0.1365 1 2 36.8133
0.1381 1 2 37.3486
0.1397 1 2 36.9707
0.1413 1 2 36.8982
0.1429 1 2 37.1233
0.1445 1 2 36.7195
0.1461 1 2 36.7375
0.1477 1 2 36.7333
0.1493 1 2 37.1026
0.1509 1 2 36.9697
0.1525 1 2 36.6459
0.1541 1 2 37.01
0.1557 1 2 37.8864
0.1573 1 2 37.7699
0.1589 1 2 37.301
0.1605 1 2 37.2114
0.1621 1 2 37.4329
0.1637 1 2 37.1466
0.1653 1 2 37.2239
0.1669 1 2 36.9094
0.1685 1 2 36.2647
0.1701 1 2 35.962
0.1717 1 2 35.8088
0.1733 1 2 36.3085
0.1749 1 2 36.123
0.1765 1 2 36.3188
0.1781 1 2 36.2594
0.1797 1 2 36.1241
0.1813 1 2 35.4837
0.1829 1 2 35.0495
0.1845 1 2 35.6358
0.1861 1 2 35.9402
0.1877 1 2 36.3823
0.1893 1 2 36.0819
0.1909 1 2 35.8222
0.1925 1 2 35.5608
0.1941 1 2 35.8269
0.1957 1 2 35.5972
0.1973 1 2 35.2733
0.1989 1 2 36.2177
0.2005 1 2 36.2813
0.2021 1 2 36.6551
0.2037 1 2 36.6567
0.2053 1 2 36.4331
0.2069 1 2 36.658
0.2085 1 2 36.3283
0.2101 1 2 35.8156
0.2117 1 2 36.2288
0.2133 1 2 36.8125
0.2149 1 2 36.8397
0.2165 1 2 36.9459
0.2181 1 2 36.9636
0.2197 1 2 37.0832
0.2213 1 2 36.8705
0.2229 1 2 37.5194
0.2245 1 2 37.0805
0.2261 1 2 38.1055
0.2277 1 2 37.5688
0.2293 1 2 37.279
0.2309 1 2 36.4967
0.2325 1 2 37.0665
0.2341 1 2 37.1326
0.2357 1 2 37.1553
0.2373 1 2 36.6194
0.2389 1 2 36.8703
0.2405 1 2 36.8798
0.2421 1 2 36.7333
0.2437 1 2 36.8224
0.2453 1 2 37.3526
0.2469 1 2 37.3202
0.2485 1 2 37.0105
0.2501 1 2 37.2414
0.2517 1 2 37.6215
0.2533 1 2 38.0038
0.2549 1 2 37.9454
0.2565 1 2 37.6233
0.2581 1 2 36.9632
0.2597 1 2 37.0941
0.2613 1 2 37.1166
0.2629 1 2 37.0046
0.2645 1 2 37.1332
0.2661 1 2 37.2589
0.2677 1 2 36.7005
0.2693 1 2 36.3349
0.2709 1 2 36.2608
0.2725 1 2 36.7178
0.2741 1 2 36.9067
0.2757 1 2 36.8887
0.2773 1 2 37.1801
0.2789 1 2 37.2458
0.2805 1 2 37.4339
0.2821 1 2 36.908
0.2837 1 2 37.6341
0.2853 1 2 37.4237
0.2869 1 2 37.7572
0.2885 1 2 38.1394
0.2901 1 2 38.7602
0.2917 1 2 38.7793
0.2933 1 2 38.9676
0.2949 1 2 39.7154
0.2965 1 2 39.8712
0.2981 1 2 40.1575
0.2997 1 2 40.034
0.3013 1 2 17.2039
0.3029 1 2 17.1402
0.3045 1 2 18.6814
0.3061 1 2 20.2262
0.3077 1 2 16.6055
0.3093 1 2 19.1328
0.3109 1 2 15.7938
0.3125 1 2 13.8177
0.3141 1 2 18.2715
0.3157 1 2 16.6503
0.3173 1 2 15.7767
0.3189 1 2 18.3792
0.3205 1 2 18.9935
0.3221 1 2 14.1332
0.3237 1 2 16.9658
0.3253 1 2 19.7634
0.3269 1 2 19.5731
0.3285 1 2 17.2961
0.3301 1 2 17.2302
0.3317 1 2 22.8708
0.3333 1 2 21.0009
0.3349 1 2 18.0932
0.3365 1 2 19.621
0.3381 1 2 22.2331
0.3397 1 2 21.7356
0.3413 1 2 25.1205
0.3429 1 2 22.6006
0.3445 1 2 25.3001
0.3461 1 2 23.2214
0.3477 1 2 25.3583
0.3493 1 2 25.6171
0.3509 1 2 23.5572
0.3525 1 2 24.1233
0.3541 1 2 20.8154
0.3557 1 2 23.712
0.3573 1 2 41.2564
0.3589 1 2 41.932
0.3605 1 2 41.2762
0.3621 1 2 41.16
0.3637 1 2 41.9194
0.3653 1 2 42.6177
0.3669 1 2 41.6543
0.3685 1 2 41.3331
0.3701 1 2 43.2334
0.3717 1 2 42.5332
0.3733 1 2 42.4411
0.3749 1 2 43.0161
0.3765 1 2 44.0306
0.3781 1 2 42.4594
0.3797 1 2 42.9676
0.3813 1 2 44.0326
0.3829 1 2 45.6627
0.3845 1 2 44.0227
0.3861 1 2 44.3384
0.3877 1 2 44.6583
0.3893 1 2 44.4766
0.3909 1 2 45.4416
0.3925 1 2 44.5189
0.3941 1 2 45.961
0.3957 1 2 45.4646
0.3973 1 2 45.3548
0.3989 1 2 46.086
0.4005 1 2 46.4778
0.4021 1 2 46.5776
0.4037 1 2 46.9723
0.4053 1 2 48.0899
0.4069 1 2 48.0265
0.4085 1 2 47.6221
0.4101 1 2 47.625
0.4117 1 2 48.061
0.4133 1 2 47.7839
0.4149 1 2 47.6044
0.4165 1 2 48.1871
0.4181 1 2 48.2499
0.4197 1 2 47.8285
0.4213 1 2 47.9112
0.4229 1 2 48.0267
0.4245 1 2 47.426
0.4261 1 2 47.7587
0.4277 1 2 47.2344
0.4293 1 2 47.9245
0.4309 1 2 47.3155
0.4325 1 2 48.0976
0.4341 1 2 47.9285
0.4357 1 2 48.0034
0.4373 1 2 47.3956
0.4389 1 2 47.4759
0.4405 1 2 47.3738
0.4421 1 2 47.3666
0.4437 1 2 47.662
0.4453 1 2 47.0685
0.4469 1 2 47.5058
0.4485 1 2 47.6072
0.4501 1 2 47.6531
0.4517 1 2 47.2972
0.4533 1 2 46.4525
0.4549 1 2 46.6168
0.4565 1 2 46.6286
0.4581 1 2 46.6965
0.4597 1 2 46.7988
0.4613 1 2 46.527
0.4629 1 2 46.6191
0.4645 1 2 46.9785
0.4661 1 2 47.0055
0.4677 1 2 47.2978
0.4693 1 2 47.1941
0.4709 1 2 46.8963
0.4725 1 2 46.7874
0.4741 1 2 46.5506
0.4757 1 2 46.1005
0.4773 1 2 46.1781
0.4789 1 2 45.9483
0.4805 1 2 45.6225
0.4821 1 2 45.4502
0.4837 1 2 44.9867
0.4853 1 2 45.11
0.4869 1 2 44.9818
0.4885 1 2 45.4564
0.4901 1 2 45.5024
0.4917 1 2 44.7526
0.4933 1 2 44.9574
0.4949 1 2 44.1509
0.4965 1 2 43.67
0.4981 1 2 43.2957
0.4997 1 2 42.4941
0.5013 1 2 41.4797
0.5029 1 2 40.4705
0.5045 1 2 40.116
0.5061 1 2 40.0126
0.5077 1 2 39.6655
0.5093 1 2 3.48236
0.5109 1 2 1.56831
0.5125 1 2 -4.9785
0.5141 1 2 -3.48745
0.5157 1 2 3.98286
0.5173 1 2 -3.5222
0.5189 1 2 -1.2359
0.5205 1 2 -0.882086
0.5221 1 2 0.31049
0.5237 1 2 0.64603
0.5253 1 2 6.01191
0.5269 1 2 5.59815
0.5285 1 2 -1.05746
0.5301 1 2 1.89678
0.5317 1 2 5.35431
0.5333 1 2 0.488593
0.5349 1 2 2.79092
0.5365 1 2 4.91835
0.5381 1 2 3.1926
0.5397 1 2 -2.08301
0.5413 1 2 6.0741
0.5429 1 2 -0.949311
0.5445 1 2 3.88742
0.5461 1 2 3.12413
0.5477 1 2 -2.5849
0.5493 1 2 2.57987
0.5509 1 2 0.212171
0.5525 1 2 -3.03456
0.5541 1 2 0.550909
0.5557 1 2 -2.78145
0.5573 1 2 -0.64187
0.5589 1 2 0.693007
0.5605 1 2 -1.86395
0.5621 1 2 2.96095
0.5637 1 2 2.00093
0.5653 1 2 -6.20342
0.5669 1 2 0.76682
0.5685 1 2 2.95903
0.5701 1 2 -5.06041
0.5717 1 2 -4.84506
0.5733 1 2 -4.28449
0.5749 1 2 -1.68965
0.5765 1 2 2.23286
0.5781 1 2 0.029736
0.5797 1 2 1.2498
0.5813 1 2 -1.12318
0.5829 1 2 -0.690734
0.5845 1 2 1.27445
0.5861 1 2 -3.18677
0.5877 1 2 -3.41383
0.5893 1 2 -3.61607
0.5909 1 2 -2.50091
0.5925 1 2 -0.186288
0.5941 1 2 -4.06011
0.5957 1 2 2.4293
0.5973 1 2 2.00792
0.5989 1 2 0.565347
0.6005 1 2 5.38195
0.6021 1 2 -1.99876
0.6037 1 2 -3.69866
0.6053 1 2 -0.617788
0.6069 1 2 2.43485
0.6085 1 2 -1.88478
0.6101 1 2 -2.70612
0.6117 1 2 -2.60489
0.6133 1 2 -3.32749
0.6149 1 2 -1.55518
0.6165 1 2 -0.564657
0.6181 1 2 -2.12723
0.6197 1 2 -0.672214
0.6213 1 2 -4.78568
0.6229 1 2 -4.24832
0.6245 1 2 -3.57947
0.6261 1 2 -4.14328
0.6277 1 2 -0.941812
0.6293 1 2 -2.04808
0.6309 1 2 -2.98532
0.6325 1 2 1.3293
0.6341 1 2 33.3121
0.6357 1 2 33.9811
0.6373 1 2 34.0304
0.6389 1 2 32.6454
0.6405 1 2 32.6341
0.6421 1 2 34.0633
0.6437 1 2 33.1471
0.6453 1 2 34.7003
0.6469 1 2 33.4009
0.6485 1 2 34.9116
0.6501 1 2 34.6882
0.6517 1 2 34.4854
0.6533 1 2 34.8914
0.6549 1 2 34.9787
0.6565 1 2 34.7783
0.6581 1 2 35.5007
0.6597 1 2 34.6736
0.6613 1 2 34.5699
0.6629 1 2 34.7262
0.6645 1 2 34.9353
0.6661 1 2 35.1035
0.6677 1 2 34.8932
0.6693 1 2 34.8302
0.6709 1 2 34.4089
0.6725 1 2 34.6112
0.6741 1 2 33.5776
0.6757 1 2 33.5615
0.6773 1 2 33.7858
0.6789 1 2 33.3296
0.6805 1 2 33.8746
0.6821 1 2 35.2156
0.6837 1 2 35.0268
0.6853 1 2 34.4958
0.6869 1 2 35.1281
0.6885 1 2 35.0567
0.6901 1 2 35.5929
0.6917 1 2 35.8464
0.6933 1 2 36.2096
0.6949 1 2 36.1328
0.6965 1 2 36.6179
0.6981 1 2 35.1436
0.6997 1 2 34.9389
0.7013 1 2 34.3505
0.7029 1 2 35.3139
0.7045 1 2 35.0659
0.7061 1 2 34.2821
0.7077 1 2 35.5556
0.7093 1 2 35.6215
0.7109 1 2 35.8013
0.7125 1 2 36.3583
0.7141 1 2 35.7114
0.7157 1 2 36.0327
0.7173 1 2 36.5993
0.7189 1 2 36.4704
0.7205 1 2 37.0668
0.7221 1 2 37.8097
0.7237 1 2 36.6271
0.7253 1 2 36.0184
0.7269 1 2 36.4816
0.7285 1 2 36.1653
0.7301 1 2 36.0857
0.7317 1 2 36.3363
0.7333 1 2 35.8001
0.7349 1 2 35.5848
0.7365 1 2 34.1866
0.7381 1 2 35.2049
0.7397 1 2 35.6234
0.7413 1 2 34.3225
0.7429 1 2 35.4433
0.7445 1 2 35.1596
0.7461 1 2 34.5578
0.7477 1 2 35.3017
0.7493 1 2 34.362
0.7509 1 2 34.1194
0.7525 1 2 34.1579
0.7541 1 2 33.6896
0.7557 1 2 32.679
0.7573 1 2 32.4922
0.7589 1 2 32.194
0.7605 1 2 33.8313
0.7621 1 2 32.7121
0.7637 1 2 32.7341
0.7653 1 2 33.0951
0.7669 1 2 31.7105
0.7685 1 2 33.0879
0.7701 1 2 32.5353
0.7717 1 2 32.1323
0.7733 1 2 32.2787
0.7749 1 2 31.7856
0.7765 1 2 31.9096
0.7781 1 2 30.8692
0.7797 1 2 31.4041
0.7813 1 2 31.4631
0.7829 1 2 30.0583
0.7845 1 2 30.2085
0.7861 1 2 29.6614
0.7877 1 2 30.1066
0.7893 1 2 29.3106
0.7909 1 2 30.3577
0.7925 1 2 29.7822
0.7941 1 2 29.8825
0.7957 1 2 30.1738
0.7973 1 2 30.4772
0.7989 1 2 29.9867
0.8005 1 2 30.1906
0.8021 1 2 30.1998
0.8037 1 2 31.0952
0.8053 1 2 30.2229
0.8069 1 2 28.7307
0.8085 1 2 29.5731
0.8101 1 2 28.0289
0.8117 1 2 29.8101
0.8133 1 2 28.7217
0.8149 1 2 29.2875
0.8165 1 2 28.4262
0.8181 1 2 28.0505
0.8197 1 2 26.9615
0.8213 1 2 26.2545
0.8229 1 2 28.2354
0.8245 1 2 29.1142
0.8261 1 2 28.2422
0.8277 1 2 28.0636
0.8293 1 2 30.1239
0.8309 1 2 28.1106
0.8325 1 2 28.4018
0.8341 1 2 27.8294
0.8357 1 2 26.7899
0.8373 1 2 29.3762
0.8389 1 2 26.6813
0.8405 1 2 26.3045
0.8421 1 2 26.1574
0.8437 1 2 24.7644
0.8453 1 2 24.638
0.8469 1 2 24.1416
0.8485 1 2 28.0541
0.8501 1 2 27.3831
0.8517 1 2 24.838
0.8533 1 2 26.4684
0.8549 1 2 29.4086
0.8565 1 2 27.8082
0.8581 1 2 26.5584
0.8597 1 2 24.9967
0.8613 1 2 25.5143
0.8629 1 2 18.6593
0.8645 1 2 20.428
0.8661 1 2 26.1985
0.8677 1 2 21.4273
0.8693 1 2 26.6461
0.8709 1 2 24.651
0.8725 1 2 22.256
0.8741 1 2 24.1905
0.8757 1 2 24.1101
0.8773 1 2 26.9945
0.8789 1 2 23.4811
0.8805 1 2 23.9303
0.8821 1 2 25.7492
0.8837 1 2 24.6272
0.8853 1 2 25.5223
0.8869 1 2 24.5069
0.8885 1 2 25.8909
0.8901 1 2 24.5984
0.8917 1 2 24.6064
0.8933 1 2 25.93
0.8949 1 2 20.9963
0.8965 1 2 21.864
0.8981 1 2 25.74
0.8997 1 2 26.9584
0.9013 1 2 24.4378
0.9029 1 2 22.5048
0.9045 1 2 23.2294
0.9061 1 2 26.3905
0.9077 1 2 24.5313
0.9093 1 2 26.1619
0.9109 1 2 24.642
0.9125 1 2 27.5705
0.9141 1 2 26.5727
0.9157 1 2 26.1424
0.9173 1 2 24.9437
0.9189 1 2 27.38
0.9205 1 2 26.1983
0.9221 1 2 27.7154
0.9237 1 2 27.7973
0.9253 1 2 27.3604
0.9269 1 2 26.1662
0.9285 1 2 26.3705
0.9301 1 2 26.1374
0.9317 1 2 27.1722
0.9333 1 2 25.9919
0.9349 1 2 26.5019
0.9365 1 2 26.1151
0.9381 1 2 25.7276
0.9397 1 2 26.5155
0.9413 1 2 25.84
0.9429 1 2 26.303
0.9445 1 2 26.4243
0.9461 1 2 26.005
0.9477 1 2 26.7856
0.9493 1 2 27.2567
0.9509 1 2 27.58
0.9525 1 2 27.6981
0.9541 1 2 28.1971
0.9557 1 2 28.4294
0.9573 1 2 28.6283
0.9589 1 2 28.7986
0.9605 1 2 28.5656
0.9621 1 2 29.6604
0.9637 1 2 29.0309
0.9653 1 2 28.8328
0.9669 1 2 28.9853
0.9685 1 2 28.5363
0.9701 1 2 28.0276
0.9717 1 2 27.84
0.9733 1 2 27.6745
0.9749 1 2 27.4879
0.9765 1 2 27.3889
0.9781 1 2 27.7166
0.9797 1 2 27.7835
0.9813 1 2 27.7213
0.9829 1 2 28.1873
0.9845 1 2 27.3598
0.9861 1 2 27.2239
0.9877 1 2 27.0495
0.9893 1 2 27.385
0.9909 1 2 26.9975
0.9925 1 2 27.231
0.9941 1 2 27.8617
0.9957 1 2 28.6821
0.9973 1 2 28.1792
0.9989 1 2 27.7492
1.0005 1 2 27.9912
1.0021 1 2 28.2921
1.0037 1 2 28.5911
1.0053 1 2 28.9063
1.0069 1 2 29.9357
1.0085 1 2 30.421
1.0101 1 2 31.0772
1.0117 1 2 30.9509
1.0133 1 2 30.9154
1.0149 1 2 30.8419
1.0165 1 2 30.7977
1.0181 1 2 30.4505
1.0197 1 2 31.0204
1.0213 1 2 31.6947
1.0229 1 2 31.9961
1.0245 1 2 31.6584
1.0261 1 2 31.6966
1.0277 1 2 32.018
1.0293 1 2 32.1577
1.0309 1 2 31.9462
1.0325 1 2 31.5134
1.0341 1 2 31.7091
1.0357 1 2 31.0548
1.0373 1 2 30.994
1.0389 1 2 31.104
1.0405 1 2 31.3081
1.0421 1 2 32.2624
1.0437 1 2 32.3881
1.0453 1 2 32.6136
1.0469 1 2 32.9894
1.0485 1 2 33.0001
1.0501 1 2 32.8309
1.0517 1 2 32.7896
1.0533 1 2 32.2071
1.0549 1 2 31.4034
1.0565 1 2 31.4498
1.0581 1 2 31.7502
1.0597 1 2 31.744
1.0613 1 2 31.7079
1.0629 1 2 31.0944
1.0645 1 2 31.5299
1.0661 1 2 31.3814
1.0677 1 2 31.1432
1.0693 1 2 31.1741
1.0709 1 2 31.7244
1.0725 1 2 30.8351
1.0741 1 2 30.763
1.0757 1 2 30.6288
1.0773 1 2 31.4639
1.0789 1 2 31.279
1.0805 1 2 31.6686
1.0821 1 2 31.5405
1.0837 1 2 31.4664
1.0853 1 2 31.3495
1.0869 1 2 31.4464
1.0885 1 2 31.1156
1.0901 1 2 31.3089
1.0917 1 2 31.6307
1.0933 1 2 31.5672
1.0949 1 2 30.9591
1.0965 1 2 30.5178
1.0981 1 2 30.1672
1.0997 1 2 29.5734
1.1013 1 2 29.3322
1.1029 1 2 30.073
1.1045 1 2 29.9307
1.1061 1 2 29.9976
1.1077 1 2 30.2217
1.1093 1 2 30.2923
1.1109 1 2 30.7922
1.1125 1 2 30.1436
1.1141 1 2 29.247
1.1157 1 2 29.6068
1.1173 1 2 29.0478
1.1189 1 2 29.5782
1.1205 1 2 29.5707
1.1221 1 2 29.3674
1.1237 1 2 28.4148
1.1253 1 2 27.9029
1.1269 1 2 28.0794
1.1285 1 2 27.5184
1.1301 1 2 27.7966
1.1317 1 2 27.7639
1.1333 1 2 27.4031
1.1349 1 2 28.5763
1.1365 1 2 28.6097
1.1381 1 2 28.2135
1.1397 1 2 27.513
1.1413 1 2 27.2487
1.1429 1 2 27.8302
1.1445 1 2 28.0458
1.1461 1 2 28.1803
1.1477 1 2 27.7459
1.1493 1 2 27.7946
1.1509 1 2 27.5742
1.1525 1 2 27.6868
1.1541 1 2 28.0378
1.1557 1 2 27.7457
1.1573 1 2 28.5806
1.1589 1 2 28.9878
1.1605 1 2 28.4744
1.1621 1 2 28.3564
1.1637 1 2 29.3302
1.1653 1 2 29.247
1.1669 1 2 29.506
1.1685 1 2 29.5849
1.1701 1 2 29.4234
1.1717 1 2 29.6778
1.1733 1 2 29.9055
1.1749 1 2 29.8045
1.1765 1 2 29.8672
1.1781 1 2 30.1133
1.1797 1 2 29.8977
1.1813 1 2 29.3257
1.1829 1 2 29.5957
1.1845 1 2 28.9216
1.1861 1 2 29.1617
1.1877 1 2 29.0539
1.1893 1 2 29.7305
1.1909 1 2 29.543
1.1925 1 2 28.8434
1.1941 1 2 28.2596
1.1957 1 2 27.925
1.1973 1 2 28.3558
1.1989 1 2 28.4587
1.2005 1 2 28.8351
1.2021 1 2 28.5256
1.2037 1 2 28.7125
1.2053 1 2 28.6303
1.2069 1 2 28.9192
1.2085 1 2 28.9009
1.2101 1 2 28.4223
1.2117 1 2 28.7679
1.2133 1 2 29.4669
1.2149 1 2 29.4222
1.2165 1 2 30.0154
1.2181 1 2 30.8864
1.2197 1 2 30.5027
1.2213 1 2 31.2105
1.2229 1 2 31.2713
1.2245 1 2 31.1983
1.2261 1 2 31.047
1.2277 1 2 30.6842
1.2293 1 2 30.4798
1.2309 1 2 29.7855
1.2325 1 2 29.6184
1.2341 1 2 29.5125
1.2357 1 2 29.3718
1.2373 1 2 28.9779
1.2389 1 2 28.8781
1.2405 1 2 28.8957
1.2421 1 2 28.8678
1.2437 1 2 28.6179
1.2453 1 2 28.5463
1.2469 1 2 28.2578
1.2485 1 2 28.58
1.2501 1 2 28.178
1.2517 1 2 27.6125
1.2533 1 2 27.2444
1.2549 1 2 27.2784
1.2565 1 2 27.0765
1.2581 1 2 26.5544
1.2597 1 2 26.0473
1.2613 1 2 26.2111
1.2629 1 2 26.3003
1.2645 1 2 26.262
1.2661 1 2 25.8892
1.2677 1 2 25.6566
1.2693 1 2 26.1573
1.2709 1 2 26.6038
1.2725 1 2 25.8146
1.2741 1 2 25.8489
1.2757 1 2 25.9536
1.2773 1 2 25.8652
1.2789 1 2 25.8314
1.2805 1 2 26.5215
1.2821 1 2 26.5866
1.2837 1 2 26.9196
1.2853 1 2 26.5967
1.2869 1 2 27.4941
1.2885 1 2 27.2432
1.2901 1 2 28.2832
1.2917 1 2 28.4126
1.2933 1 2 28.1175
1.2949 1 2 27.8775
1.2965 1 2 27.5848
1.2981 1 2 27.3049
1.2997 1 2 27.6214
1.3013 1 2 27.839
1.3029 1 2 27.8469
1.3045 1 2 27.0178
1.3061 1 2 27.1048
1.3077 1 2 27.5375
1.3093 1 2 27.7095
1.3109 1 2 27.86
1.3125 1 2 28.0232
1.3141 1 2 27.6218
1.3157 1 2 27.7202
1.3173 1 2 27.6206
1.3189 1 2 27.7569
1.3205 1 2 27.8555
1.3221 1 2 27.9075
1.3237 1 2 27.7413
1.3253 1 2 27.9579
1.3269 1 2 27.8369
1.3285 1 2 27.6332
1.3301 1 2 27.3089
1.3317 1 2 27.4548
1.3333 1 2 27.3515
1.3349 1 2 27.6732
1.3365 1 2 27.7427
1.3381 1 2 28.0151
1.3397 1 2 28.401
1.3413 1 2 27.9398
1.3429 1 2 28.6466
1.3445 1 2 29.4684
1.3461 1 2 29.2155
1.3477 1 2 28.5613
1.3493 1 2 28.229
1.3509 1 2 28.3192
1.3525 1 2 28.4112
1.3541 1 2 28.176
1.3557 1 2 28.1952
1.3573 1 2 27.761
1.3589 1 2 27.6068
1.3605 1 2 27.3201
1.3621 1 2 26.8877
1.3637 1 2 27.3905
1.3653 1 2 27.6391
1.3669 1 2 27.5101
1.3685 1 2 27.4444
1.3701 1 2 27.706
1.3717 1 2 27.6113
1.3733 1 2 27.4324
1.3749 1 2 27.2355
1.3765 1 2 26.9212
1.3781 1 2 26.2856
1.3797 1 2 26.6098
1.3813 1 2 26.0734
1.3829 1 2 25.4503
1.3845 1 2 24.6014
1.3861 1 2 24.3924
1.3877 1 2 24.5033
1.3893 1 2 23.5766
1.3909 1 2 23.3176
1.3925 1 2 23.0454
1.3941 1 2 22.9478
1.3957 1 2 22.8201
1.3973 1 2 22.5297
1.3989 1 2 23.0784
1.4005 1 2 22.7045
1.4021 1 2 23.1177
1.4037 1 2 23.3656
1.4053 1 2 22.9957
1.4069 1 2 22.7066
1.4085 1 2 22.8151
1.4101 1 2 22.5603
1.4117 1 2 22.7418
1.4133 1 2 23.1341
1.4149 1 2 23.5508
1.4165 1 2 23.5346
1.4181 1 2 22.6777
1.4197 1 2 22.6653
1.4213 1 2 22.0789
1.4229 1 2 23.2025
1.4245 1 2 23.5311
1.4261 1 2 23.1043
1.4277 1 2 23.8807
1.4293 1 2 23.7435
1.4309 1 2 23.1446
1.4325 1 2 22.9338
1.4341 1 2 22.5116
1.4357 1 2 21.2708
1.4373 1 2 21.0139
1.4389 1 2 20.7458
1.4405 1 2 21.1815
1.4421 1 2 22.1055
1.4437 1 2 21.0256
1.4453 1 2 20.673
1.4469 1 2 19.873
1.4485 1 2 20.1125
1.4501 1 2 20.249
1.4517 1 2 19.7198
1.4533 1 2 20.4602
1.4549 1 2 22.2511
1.4565 1 2 20.3174
1.4581 1 2 20.5374
1.4597 1 2 20.5861
1.4613 1 2 20.6476
1.4629 1 2 19.6744
1.4645 1 2 20.2891
1.4661 1 2 20.1307
1.4677 1 2 18.6261
1.4693 1 2 19.1289
1.4709 1 2 18.7067
1.4725 1 2 19.2823
1.4741 1 2 18.7631
1.4757 1 2 19.2264
1.4773 1 2 18.3776
1.4789 1 2 19.2524
1.4805 1 2 17.5669
1.4821 1 2 17.105
1.4837 1 2 17.3546
1.4853 1 2 17.4953
1.4869 1 2 17.01
1.4885 1 2 17.0036
1.4901 1 2 16.7866
1.4917 1 2 16.8904
1.4933 1 2 15.5764
1.4949 1 2 15.972
1.4965 1 2 14.118
1.4981 1 2 14.9717
1.4997 1 2 13.8549
1.5013 1 2 14.9085
1.5029 1 2 13.6503
1.5045 1 2 14.231
1.5061 1 2 13.8531
1.5077 1 2 13.4926
1.5093 1 2 15.361
1.5109 1 2 14.7232
1.5125 1 2 14.1825
1.5141 1 2 13.9307
1.5157 1 2 13.34
1.5173 1 2 15.0154
1.5189 1 2 14.8579
1.5205 1 2 13.228
1.5221 1 2 13.2745
1.5237 1 2 13.1401
1.5253 1 2 11.9578
1.5269 1 2 11.5817
1.5285 1 2 12.0009
1.5301 1 2 10.9645
1.5317 1 2 10.4299
1.5333 1 2 11.5564
1.5349 1 2 10.5497
1.5365 1 2 8.58147
1.5381 1 2 8.62974
1.5397 1 2 9.28929
1.5413 1 2 7.65986
1.5429 1 2 9.09262
1.5445 1 2 7.53523
1.5461 1 2 8.85631
1.5477 1 2 8.47525
1.5493 1 2 8.5354
1.5509 1 2 6.17835
1.5525 1 2 5.54139
1.5541 1 2 6.26315
1.5557 1 2 7.52341
1.5573 1 2 6.61338
1.5589 1 2 4.58701
1.5605 1 2 5.6633
1.5621 1 2 6.1468
1.5637 1 2 6.28179
1.5653 1 2 4.81054
1.5669 1 2 3.17847
1.5685 1 2 4.33799
1.5701 1 2 4.22145
1.5717 1 2 2.26403
1.5733 1 2 2.11161
1.5749 1 2 3.01459
1.5765 1 2 4.80005
1.5781 1 2 2.78035
1.5797 1 2 2.62192
1.5813 1 2 3.70088
1.5829 1 2 -2.5691
1.5845 1 2 -6.28672
1.5861 1 2 -3.03644
1.5877 1 2 -8.10043
1.5893 1 2 -6.5717
1.5909 1 2 -7.67187
1.5925 1 2 -9.22499
1.5941 1 2 -14.0363
1.5957 1 2 -11.4699
1.5973 1 2 -1.70112
1.5989 1 2 1.07231
1.6005 1 2 1.10584
1.6021 1 2 2.56293
1.6037 1 2 -0.272997
1.6053 1 2 0.612698
1.6069 1 2 0.0841592
1.6085 1 2 1.32793
1.6101 1 2 4.9761
1.6117 1 2 4.95865
1.6133 1 2 3.62671
1.6149 1 2 7.20925
1.6165 1 2 5.66259
1.6181 1 2 7.78883
1.6197 1 2 8.90819
1.6213 1 2 8.12723
1.6229 1 2 7.36385
1.6245 1 2 7.2806
1.6261 1 2 7.73632
1.6277 1 2 9.60027
1.6293 1 2 9.1347
1.6309 1 2 9.21156
1.6325 1 2 8.60076
1.6341 1 2 8.40973
1.6357 1 2 9.74476
1.6373 1 2 9.56606
1.6389 1 2 10.3928
1.6405 1 2 9.34378
1.6421 1 2 9.23197
1.6437 1 2 9.41208
1.6453 1 2 8.30112
1.6469 1 2 8.70203
1.6485 1 2 8.95946
1.6501 1 2 9.05938
1.6517 1 2 9.32825
1.6533 1 2 9.8904
1.6549 1 2 9.57806
1.6565 1 2 8.65805
1.6581 1 2 9.40276
1.6597 1 2 10.1332
1.6613 1 2 9.977
1.6629 1 2 10.2942
1.6645 1 2 11.3327
1.6661 1 2 11.0803
1.6677 1 2 11.6154
1.6693 1 2 11.4276
1.6709 1 2 11.5839
1.6725 1 2 12.7272
1.6741 1 2 12.7429
1.6757 1 2 13.6549
1.6773 1 2 12.9118
1.6789 1 2 12.8247
1.6805 1 2 13.8607
1.6821 1 2 14.033
1.6837 1 2 14.2787
1.6853 1 2 14.3313
1.6869 1 2 14.4799
1.6885 1 2 14.6564
1.6901 1 2 15.1745
1.6917 1 2 14.6221
1.6933 1 2 15.1637
1.6949 1 2 15.0922
1.6965 1 2 15.0228
1.6981 1 2 14.5808
1.6997 1 2 14.0272
1.7013 1 2 14.4274
1.7029 1 2 14.9308
1.7045 1 2 14.2223
1.7061 1 2 14.6468
1.7077 1 2 14.2985
1.7093 1 2 13.47
1.7109 1 2 13.5623
1.7125 1 2 13.1552
1.7141 1 2 14.0503
1.7157 1 2 14.4193
1.7173 1 2 14.6144
1.7189 1 2 15.538
1.7205 1 2 15.049
1.7221 1 2 15.1813
1.7237 1 2 15.6509
1.7253 1 2 16.1899
1.7269 1 2 16.4367
1.7285 1 2 16.2024
1.7301 1 2 17.2625
1.7317 1 2 17.286
1.7333 1 2 18.3325
1.7349 1 2 18.5892
1.7365 1 2 17.8434
1.7381 1 2 17.9843
1.7397 1 2 17.6858
1.7413 1 2 17.9598
1.7429 1 2 17.8769
1.7445 1 2 18.2881
1.7461 1 2 18.9415
1.7477 1 2 19.0429
1.7493 1 2 19.0802
1.7509 1 2 19.2866
1.7525 1 2 19.5452
1.7541 1 2 19.6307
1.7557 1 2 20.0284
1.7573 1 2 20.1025
1.7589 1 2 20.1242
1.7605 1 2 20.0305
1.7621 1 2 19.9958
1.7637 1 2 20.0008
1.7653 1 2 19.9213
1.7669 1 2 20.4186
1.7685 1 2 20.5203
1.7701 1 2 20.7785
1.7717 1 2 20.7935
1.7733 1 2 20.7922
1.7749 1 2 20.6982
1.7765 1 2 21.0362
1.7781 1 2 21.6606
1.7797 1 2 21.5497
1.7813 1 2 21.584
1.7829 1 2 22.3002
1.7845 1 2 22.5105
1.7861 1 2 22.6166
1.7877 1 2 22.8326
1.7893 1 2 22.576
1.7909 1 2 22.489
1.7925 1 2 22.6046
1.7941 1 2 23.6605
1.7957 1 2 23.3496
1.7973 1 2 23.0696
1.7989 1 2 22.6474
1.8005 1 2 22.761
1.8021 1 2 22.7501
1.8037 1 2 22.66
1.8053 1 2 22.3486
1.8069 1 2 22.7404
1.8085 1 2 22.7501
1.8101 1 2 22.4989
1.8117 1 2 23.4524
1.8133 1 2 22.7925
1.8149 1 2 22.5514
1.8165 1 2 21.9935
1.8181 1 2 21.929
1.8197 1 2 21.8948
1.8213 1 2 21.4739
1.8229 1 2 21.2256
1.8245 1 2 20.9302
1.8261 1 2 21.2415
1.8277 1 2 21.0628
1.8293 1 2 20.721
1.8309 1 2 20.9408
1.8325 1 2 20.8648
1.8341 1 2 20.6524
1.8357 1 2 20.415
1.8373 1 2 20.0845
1.8389 1 2 20.2654
1.8405 1 2 20.2706
1.8421 1 2 20.7599
1.8437 1 2 20.6984
1.8453 1 2 20.7359
1.8469 1 2 20.7904
1.8485 1 2 20.6915
1.8501 1 2 20.594
1.8517 1 2 20.0696
1.8533 1 2 19.1202
1.8549 1 2 19.1281
1.8565 1 2 18.979
1.8581 1 2 19.1075
1.8597 1 2 18.6821
1.8613 1 2 18.5048
1.8629 1 2 18.6603
1.8645 1 2 19.1627
1.8661 1 2 19.6442
1.8677 1 2 19.8936
1.8693 1 2 19.8661
1.8709 1 2 20.3183
1.8725 1 2 20.9528
1.8741 1 2 21.2173
1.8757 1 2 20.833
1.8773 1 2 20.8277
1.8789 1 2 20.3584
1.8805 1 2 20.1845
1.8821 1 2 19.7897
1.8837 1 2 19.9179
1.8853 1 2 19.8299
1.8869 1 2 19.4859
1.8885 1 2 19.5854
1.8901 1 2 19.9187
1.8917 1 2 19.7045
1.8933 1 2 19.5954
1.8949 1 2 19.2273
1.8965 1 2 19.5683
1.8981 1 2 19.6795
1.8997 1 2 20.0563
1.9013 1 2 20.0527
1.9029 1 2 21.1734
1.9045 1 2 21.184
1.9061 1 2 20.7479
1.9077 1 2 20.8124
1.9093 1 2 20.6086
1.9109 1 2 20.6457
1.9125 1 2 20.6748
1.9141 1 2 20.9888
1.9157 1 2 21.7442
1.9173 1 2 21.0234
1.9189 1 2 21.3785
1.9205 1 2 21.0175
1.9221 1 2 21.2824
1.9237 1 2 22.1971
1.9253 1 2 21.7927
1.9269 1 2 21.9335
1.9285 1 2 22.3379
1.9301 1 2 22.7782
1.9317 1 2 22.715
1.9333 1 2 22.954
1.9349 1 2 23.2877
1.9365 1 2 23.645
1.9381 1 2 24.0859
1.9397 1 2 24.3657
1.9413 1 2 24.3483
1.9429 1 2 24.2063
1.9445 1 2 24.4633
1.9461 1 2 24.226
1.9477 1 2 24.3093
1.9493 1 2 24.464
1.9509 1 2 24.6083
1.9525 1 2 25.2557
1.9541 1 2 25.0305
1.9557 1 2 24.8502
1.9573 1 2 25.1926
1.9589 1 2 25.9391
1.9605 1 2 26.2819
1.9621 1 2 26.1768
1.9637 1 2 25.6476
1.9653 1 2 26.0955
1.9669 1 2 25.7696
1.9685 1 2 25.5779
1.9701 1 2 25.8069
1.9717 1 2 25.6071
1.9733 1 2 25.2916
1.9749 1 2 25.5946
1.9765 1 2 25.6814
1.9781 1 2 25.1521
1.9797 1 2 24.6698
1.9813 1 2 25.0698
1.9829 1 2 25.2928
1.9845 1 2 25.3582
1.9861 1 2 25.3966
1.9877 1 2 25.2209
1.9893 1 2 25.326
1.9909 1 2 24.7932
1.9925 1 2 24.6207
1.9941 1 2 24.4187
1.9957 1 2 24.7953
1.9973 1 2 24.8751
1.9989 1 2 25.1931
2.0005 1 2 25.0886
2.0021 1 2 25.0794
2.0037 1 2 25.6681
2.0053 1 2 25.9051
2.0069 1 2 26.0201
2.0085 1 2 25.7765
2.0101 1 2 25.9905
2.0117 1 2 26.3629
2.0133 1 2 26.1683
2.0149 1 2 26.195
2.0165 1 2 26.8172
2.0181 1 2 26.7292
2.0197 1 2 26.5219
2.0213 1 2 26.5714
2.0229 1 2 26.6605
2.0245 1 2 26.6443
2.0261 1 2 26.796
2.0277 1 2 26.6966
2.0293 1 2 26.4869
2.0309 1 2 26.196
2.0325 1 2 25.8504
2.0341 1 2 25.8509
2.0357 1 2 25.8553
2.0373 1 2 26.2567
2.0389 1 2 25.8902
2.0405 1 2 25.7068
2.0421 1 2 25.3902
2.0437 1 2 25.2705
2.0453 1 2 25.7546
2.0469 1 2 25.724
2.0485 1 2 25.5467
2.0501 1 2 26.0896
2.0517 1 2 25.2891
2.0533 1 2 24.6146
2.0549 1 2 24.7229
2.0565 1 2 24.5329
2.0581 1 2 24.5662
2.0597 1 2 25.0507
2.0613 1 2 25.1111
2.0629 1 2 25.0596
2.0645 1 2 24.9836
2.0661 1 2 25.2046
2.0677 1 2 25.226
2.0693 1 2 24.9015
2.0709 1 2 25.0438
2.0725 1 2 25.4689
2.0741 1 2 25.7095
2.0757 1 2 25.2869
2.0773 1 2 25.9181
2.0789 1 2 26.5053
2.0805 1 2 26.7921
2.0821 1 2 26.7081
2.0837 1 2 26.5532
2.0853 1 2 26.9863
2.0869 1 2 27.1103
2.0885 1 2 26.9583
2.0901 1 2 26.92
2.0917 1 2 26.7275
2.0933 1 2 26.6393
2.0949 1 2 27.8031
2.0965 1 2 28.1097
2.0981 1 2 28.359
2.0997 1 2 28.4754
2.1013 1 2 29.0603
2.1029 1 2 28.9894
2.1045 1 2 29.1763
2.1061 1 2 29.5237
2.1077 1 2 29.3657
2.1093 1 2 29.3293
2.1109 1 2 29.3568
2.1125 1 2 29.9926
2.1141 1 2 29.9722
2.1157 1 2 30.7065
2.1173 1 2 31.0813
2.1189 1 2 31.2422
2.1205 1 2 31.3598
2.1221 1 2 31.4745
2.1237 1 2 31.3424
2.1253 1 2 31.4021
2.1269 1 2 31.4807
2.1285 1 2 31.6962
2.1301 1 2 32.2915
2.1317 1 2 32.0217
2.1333 1 2 32.5844
2.1349 1 2 31.9683
2.1365 1 2 31.9435
2.1381 1 2 31.8586
2.1397 1 2 32.0531
2.1413 1 2 32.6771
2.1429 1 2 32.9278
2.1445 1 2 33.8213
2.1461 1 2 33.4147
2.1477 1 2 33.6682
2.1493 1 2 34.5998
2.1509 1 2 34.7997
2.1525 1 2 34.7391
2.1541 1 2 34.8918
2.1557 1 2 35.0812
2.1573 1 2 34.8375
2.1589 1 2 35.1097
2.1605 1 2 35.0546
2.1621 1 2 33.6514
2.1637 1 2 33.8777
2.1653 1 2 33.8204
2.1669 1 2 34.0797
2.1685 1 2 34.6057
2.1701 1 2 35.1806
2.1717 1 2 35.4283
2.1733 1 2 35.6739
2.1749 1 2 35.8194
2.1765 1 2 35.8065
2.1781 1 2 35.8628
2.1797 1 2 36.1301
2.1813 1 2 36.365
2.1829 1 2 35.8871
2.1845 1 2 35.3435
2.1861 1 2 35.894
2.1877 1 2 36.3495
2.1893 1 2 36.6891
2.1909 1 2 36.8772
2.1925 1 2 37.6299
2.1941 1 2 37.3976
2.1957 1 2 37.3909
2.1973 1 2 36.8363
2.1989 1 2 36.2197
2.2005 1 2 36.2198
2.2021 1 2 36.0698
2.2037 1 2 35.6683
2.2053 1 2 35.2584
2.2069 1 2 34.776
2.2085 1 2 33.9714
2.2101 1 2 34.2712
2.2117 1 2 34.309
2.2133 1 2 34.3076
2.2149 1 2 34.4496
2.2165 1 2 34.3409
2.2181 1 2 34.6859
2.2197 1 2 35.0013
2.2213 1 2 35.6333
2.2229 1 2 36.3137
2.2245 1 2 36.0988
2.2261 1 2 36.1878
2.2277 1 2 35.7135
2.2293 1 2 36.0717
2.2309 1 2 35.9463
2.2325 1 2 35.7545
2.2341 1 2 36.1086
2.2357 1 2 35.8538
2.2373 1 2 36.0725
2.2389 1 2 35.8008
2.2405 1 2 35.7293
2.2421 1 2 35.6221
2.2437 1 2 35.8624
2.2453 1 2 35.3838
2.2469 1 2 35.2182
2.2485 1 2 35.1837
2.2501 1 2 35.0033
2.2517 1 2 35.4876
2.2533 1 2 35.7414
2.2549 1 2 36.5428
2.2565 1 2 35.9107
2.2581 1 2 35.7678
2.2597 1 2 35.3707
2.2613 1 2 35.0776
2.2629 1 2 35.2633
2.2645 1 2 35.3819
2.2661 1 2 35.4601
2.2677 1 2 35.0524
2.2693 1 2 35.2203
2.2709 1 2 35.0381
2.2725 1 2 35.1423
2.2741 1 2 35.051
2.2757 1 2 35.2576
2.2773 1 2 35.1968
2.2789 1 2 35.7355
2.2805 1 2 35.4224
2.2821 1 2 35.3357
2.2837 1 2 35.3598
2.2853 1 2 35.6063
2.2869 1 2 35.3483
2.2885 1 2 35.4701
2.2901 1 2 35.4234
2.2917 1 2 35.4601
2.2933 1 2 35.6103
2.2949 1 2 35.8664
2.2965 1 2 36.3429
2.2981 1 2 36.5648
2.2997 1 2 36.2171
2.3013 1 2 36.0387
2.3029 1 2 36.4004
2.3045 1 2 35.9324
2.3061 1 2 35.6411
2.3077 1 2 35.4608
2.3093 1 2 35.141
2.3109 1 2 35.3621
2.3125 1 2 34.9274
2.3141 1 2 34.918
2.3157 1 2 35.8345
2.3173 1 2 36.1672
2.3189 1 2 36.429
2.3205 1 2 36.4752
2.3221 1 2 36.2444
2.3237 1 2 36.8305
2.3253 1 2 36.7445
2.3269 1 2 36.6006
2.3285 1 2 36.9184
2.3301 1 2 36.768
2.3317 1 2 36.3632
2.3333 1 2 36.1624
2.3349 1 2 35.926
2.3365 1 2 35.6337
2.3381 1 2 35.2524
2.3397 1 2 35.057
2.3413 1 2 34.8838
2.3429 1 2 34.9223
2.3445 1 2 35.1827
2.3461 1 2 35.0427
2.3477 1 2 34.6074
2.3493 1 2 34.6534
2.3509 1 2 34.8486
2.3525 1 2 35.0357
2.3541 1 2 35.1704
2.3557 1 2 34.6344
2.3573 1 2 34.8062
2.3589 1 2 34.6048
2.3605 1 2 34.3911
2.3621 1 2 34.0194
2.3637 1 2 33.2363
2.3653 1 2 33.6334
2.3669 1 2 33.5658
2.3685 1 2 33.612
2.3701 1 2 33.7414
2.3717 1 2 33.7432
2.3733 1 2 34.2582
2.3749 1 2 34.4257
2.3765 1 2 34.2696
2.3781 1 2 34.6418
2.3797 1 2 34.3456
2.3813 1 2 34.6592
2.3829 1 2 35.0693
2.3845 1 2 35.5313
2.3861 1 2 35.656
2.3877 1 2 35.1555
2.3893 1 2 34.6873
2.3909 1 2 34.5429
2.3925 1 2 34.4728
2.3941 1 2 34.5453
2.3957 1 2 34.6837
2.3973 1 2 34.5042
2.3989 1 2 34.4485
2.4005 1 2 34.5615
2.4021 1 2 35.2347
2.4037 1 2 35.1418
2.4053 1 2 35.2222
2.4069 1 2 34.7389
2.4085 1 2 34.0716
2.4101 1 2 33.3374
2.4117 1 2 33.4325
2.4133 1 2 33.7333
2.4149 1 2 33.8462
2.4165 1 2 33.2424
2.4181 1 2 33.6202
2.4197 1 2 33.258
2.4213 1 2 33.2789
2.4229 1 2 33.0904
2.4245 1 2 33.054
2.4261 1 2 32.5605
2.4277 1 2 32.1593
2.4293 1 2 32.5388
2.4309 1 2 32.4627
2.4325 1 2 32.8726
2.4341 1 2 33.1981
2.4357 1 2 32.8539
2.4373 1 2 33.1185
2.4389 1 2 33.4294
2.4405 1 2 32.9294
2.4421 1 2 32.45
2.4437 1 2 32.4765
2.4453 1 2 32.0459
2.4469 1 2 31.7306
2.4485 1 2 31.1832
2.4501 1 2 30.8255
2.4517 1 2 30.696
2.4533 1 2 31.8071
2.4549 1 2 30.9808
2.4565 1 2 31.1579
2.4581 1 2 31.2318
2.4597 1 2 30.7737
2.4613 1 2 31.6999
2.4629 1 2 31.3806
2.4645 1 2 31.6322
2.4661 1 2 31.2678
2.4677 1 2 31.1072
2.4693 1 2 31.3655
2.4709 1 2 31.0784
2.4725 1 2 31.1286
2.4741 1 2 31.0445
2.4757 1 2 31.2312
2.4773 1 2 31.9098
2.4789 1 2 31.6277
2.4805 1 2 31.6343
2.4821 1 2 31.243
2.4837 1 2 31.0864
2.4853 1 2 31.7244
2.4869 1 2 32.1824
2.4885 1 2 32.4254
2.4901 1 2 32.3284
2.4917 1 2 32.6401
2.4933 1 2 32.4694
2.4949 1 2 32.1466
2.4965 1 2 32.5741
2.4981 1 2 31.9941
2.4997 1 2 32.2467
2.5013 1 2 31.6977
2.5029 1 2 31.4477
2.5045 1 2 31.6678
2.5061 1 2 32.0807
2.5077 1 2 32.3091
2.5093 1 2 32.1839
2.5109 1 2 32.0554
2.5125 1 2 32.43
2.5141 1 2 32.5541
2.5157 1 2 33.0627
2.5173 1 2 32.6844
2.5189 1 2 31.9602
2.5205 1 2 32
2.5221 1 2 31.9315
2.5237 1 2 32.4356
2.5253 1 2 33.0925
2.5269 1 2 33.1621
2.5285 1 2 33.1848
2.5301 1 2 33.5191
2.5317 1 2 33.1853
2.5333 1 2 32.6507
2.5349 1 2 32.1333
2.5365 1 2 31.859
2.5381 1 2 31.1402
2.5397 1 2 30.7645
2.5413 1 2 31.1403
2.5429 1 2 30.9067
2.5445 1 2 30.0512
2.5461 1 2 30.6071
2.5477 1 2 31.1078
2.5493 1 2 31.192
2.5509 1 2 30.6818
2.5525 1 2 30.8612
2.5541 1 2 30.2029
2.5557 1 2 30.2453
2.5573 1 2 30.2472
2.5589 1 2 30.6795
2.5605 1 2 31.0337
2.5621 1 2 31.1905
2.5637 1 2 30.9376
2.5653 1 2 31.2184
2.5669 1 2 31.4051
2.5685 1 2 31.8567
2.5701 1 2 32.2634
2.5717 1 2 32.0396
2.5733 1 2 31.6989
2.5749 1 2 31.4202
2.5765 1 2 31.8644
2.5781 1 2 32.1085
2.5797 1 2 32.0621
2.5813 1 2 31.9104
2.5829 1 2 32.1786
2.5845 1 2 31.4806
2.5861 1 2 31.6758
2.5877 1 2 31.2341
2.5893 1 2 31.3094
2.5909 1 2 30.6319
2.5925 1 2 30.685
2.5941 1 2 30.334
2.5957 1 2 30.2651
2.5973 1 2 29.9664
2.5989 1 2 30.0352
2.6005 1 2 29.9784
2.6021 1 2 29.9395
2.6037 1 2 30.1216
2.6053 1 2 29.7307
2.6069 1 2 30.326
2.6085 1 2 30.8575
2.6101 1 2 30.5992
2.6117 1 2 31.397
2.6133 1 2 31.7859
2.6149 1 2 31.5192
2.6165 1 2 30.7923
2.6181 1 2 30.8261
2.6197 1 2 31.1701
2.6213 1 2 30.986
2.6229 1 2 30.4213
2.6245 1 2 30.5666
2.6261 1 2 30.5434
2.6277 1 2 30.4119
2.6293 1 2 30.023
2.6309 1 2 30.3366
2.6325 1 2 30.4195
2.6341 1 2 30.8415
2.6357 1 2 31.0296
2.6373 1 2 31.5737
2.6389 1 2 31.7082
2.6405 1 2 32.2064
2.6421 1 2 32.7427
2.6437 1 2 32.9961
2.6453 1 2 33.4358
2.6469 1 2 33.8465
2.6485 1 2 34.0776
2.6501 1 2 34.6614
2.6517 1 2 34.5654
2.6533 1 2 34.1529
2.6549 1 2 33.8867
2.6565 1 2 34.4916
2.6581 1 2 35.078
2.6597 1 2 35.702
2.6613 1 2 35.9594
2.6629 1 2 36.1586
2.6645 1 2 35.8924
2.6661 1 2 35.6792
2.6677 1 2 35.8059
2.6693 1 2 35.5976
2.6709 1 2 35.0348
2.6725 1 2 34.7395
2.6741 1 2 34.6387
2.6757 1 2 34.2391
2.6773 1 2 33.7729
2.6789 1 2 34.6342
2.6805 1 2 34.3488
2.6821 1 2 34.2961
2.6837 1 2 34.1539
2.6853 1 2 34.2038
2.6869 1 2 33.8295
2.6885 1 2 34.0426
2.6901 1 2 34.0616
2.6917 1 2 33.876
2.6933 1 2 34.1726
2.6949 1 2 34.5468
2.6965 1 2 35.1899
2.6981 1 2 35.8896
2.6997 1 2 36.099
2.7013 1 2 35.9852
2.7029 1 2 36.2099
2.7045 1 2 36.9825
2.7061 1 2 37.1519
2.7077 1 2 35.8064
2.7093 1 2 36.599
2.7109 1 2 36.7335
2.7125 1 2 36.4919
2.7141 1 2 36.4939
2.7157 1 2 36.7132
2.7173 1 2 36.2844
2.7189 1 2 36.0139
2.7205 1 2 35.7524
2.7221 1 2 35.7637
2.7237 1 2 35.8073
2.7253 1 2 35.8515
2.7269 1 2 35.1938
2.7285 1 2 35.3957
2.7301 1 2 34.8561
2.7317 1 2 35.4572
2.7333 1 2 35.3332
2.7349 1 2 35.7967
2.7365 1 2 35.4456
2.7381 1 2 35.062
2.7397 1 2 35.1873
2.7413 1 2 35.4341
2.7429 1 2 35.9246
2.7445 1 2 35.6058
2.7461 1 2 35.4152
2.7477 1 2 35.4419
2.7493 1 2 35.5096
2.7509 1 2 36.4598
2.7525 1 2 35.7658
2.7541 1 2 35.9175
2.7557 1 2 36.3807
2.7573 1 2 37.1078
2.7589 1 2 36.8895
2.7605 1 2 36.8181
2.7621 1 2 37.4901
2.7637 1 2 37.653
2.7653 1 2 38.5886
2.7669 1 2 38.267
2.7685 1 2 37.8109
2.7701 1 2 37.7609
2.7717 1 2 38.1543
2.7733 1 2 38.4652
2.7749 1 2 38.6266
2.7765 1 2 39.2067
2.7781 1 2 39.1149
2.7797 1 2 38.6573
2.7813 1 2 38.7224
2.7829 1 2 38.7763
2.7845 1 2 38.0725
2.7861 1 2 38.3031
2.7877 1 2 38.0448
2.7893 1 2 37.6114
2.7909 1 2 37.9987
2.7925 1 2 37.4608
2.7941 1 2 37.4846
2.7957 1 2 36.6206
2.7973 1 2 35.8463
2.7989 1 2 35.5152
2.8005 1 2 35.5977
2.8021 1 2 35.7065
2.8037 1 2 35.2086
2.8053 1 2 35.4818
2.8069 1 2 35.4074
2.8085 1 2 34.9038
2.8101 1 2 34.7122
2.8117 1 2 34.5109
2.8133 1 2 34.7022
2.8149 1 2 34.1583
2.8165 1 2 34.7611
2.8181 1 2 35.0626
2.8197 1 2 35.5162
2.8213 1 2 35.7898
2.8229 1 2 35.4712
2.8245 1 2 35.2455
2.8261 1 2 35.5641
2.8277 1 2 35.5359
2.8293 1 2 35.3697
2.8309 1 2 35.2762
2.8325 1 2 36.0709
2.8341 1 2 35.8238
2.8357 1 2 35.7031
2.8373 1 2 36.1578
2.8389 1 2 35.7935
2.8405 1 2 36.3048
2.8421 1 2 36.6896
2.8437 1 2 37.012
2.8453 1 2 37.6262
2.8469 1 2 37.4952
2.8485 1 2 36.9928
2.8501 1 2 37.2351
2.8517 1 2 37.2868
2.8533 1 2 36.682
2.8549 1 2 36.7906
2.8565 1 2 37.2288
2.8581 1 2 37.1634
2.8597 1 2 37.386
2.8613 1 2 36.5938
2.8629 1 2 37.3561
2.8645 1 2 37.68
2.8661 1 2 37.8221
2.8677 1 2 38.39
2.8693 1 2 38.7191
2.8709 1 2 38.513
2.8725 1 2 38.5208
2.8741 1 2 38.6605
2.8757 1 2 38.7229
2.8773 1 2 38.1771
2.8789 1 2 38.2132
2.8805 1 2 37.6331
2.8821 1 2 37.4488
2.8837 1 2 37.0493
2.8853 1 2 37.1052
2.8869 1 2 37.5678
2.8885 1 2 37.0668
2.8901 1 2 36.596
2.8917 1 2 36.0364
2.8933 1 2 36.4559
2.8949 1 2 36.3096
2.8965 1 2 36.6302
2.8981 1 2 36.5497
2.8997 1 2 35.8737
2.9013 1 2 35.7549
2.9029 1 2 35.5209
2.9045 1 2 35.6896
2.9061 1 2 34.8845
2.9077 1 2 35.0099
2.9093 1 2 35.7803
2.9109 1 2 36.3506
2.9125 1 2 36.2806
2.9141 1 2 36.3615
2.9157 1 2 36.4746
2.9173 1 2 36.7855
2.9189 1 2 36.163
2.9205 1 2 36.5693
2.9221 1 2 36.9156
2.9237 1 2 36.5903
2.9253 1 2 36.5018
2.9269 1 2 36.3214
2.9285 1 2 36.1214
2.9301 1 2 35.6541
2.9317 1 2 36.2515
2.9333 1 2 35.9468
2.9349 1 2 35.7959
2.9365 1 2 35.3226
2.9381 1 2 34.6264
2.9397 1 2 34.9932
2.9413 1 2 34.1348
2.9429 1 2 33.4706
2.9445 1 2 32.5226
2.9461 1 2 32.715
2.9477 1 2 32.5385
2.9493 1 2 32.555
2.9509 1 2 33.2427
2.9525 1 2 32.4312
2.9541 1 2 32.7471
2.9557 1 2 32.6526
2.9573 1 2 32.8406
2.9589 1 2 32.8721
2.9605 1 2 33.2004
2.9621 1 2 33.1532
2.9637 1 2 32.9646
2.9653 1 2 33.3063
2.9669 1 2 33.1836
2.9685 1 2 33.5066
2.9701 1 2 33.7584
2.9717 1 2 34.0239
2.9733 1 2 33.8113
2.9749 1 2 33.8158
2.9765 1 2 33.5551
2.9781 1 2 33.466
2.9797 1 2 33.4365
2.9813 1 2 33.6296
2.9829 1 2 33.961
2.9845 1 2 33.6149
2.9861 1 2 33.5902
2.9877 1 2 33.1587
2.9893 1 2 34.0559
2.9909 1 2 34.2366
2.9925 1 2 34.1486
2.9941 1 2 33.9631
2.9957 1 2 34.2036
2.9973 1 2 34.9154
2.9989 1 2 35.2656
