0.0005 1 2 32.448
0.0021 1 2 32.448
0.0037 1 2 32.448
0.0053 1 2 32.448
0.0069 1 2 32.448
0.0085 1 2 32.448
0.0101 1 2 32.448
0.0117 1 2 32.448
0.0133 1 2 32.448
0.0149 1 2 32.448
0.0165 1 2 32.448
0.0181 1 2 32.448
0.0197 1 2 32.448
0.0213 1 2 32.448
0.0229 1 2 32.448
0.0245 1 2 32.448
0.0261 1 2 32.448
0.0277 1 2 32.448
0.0293 1 2 32.448
0.0309 1 2 32.448
0.0325 1 2 32.448
0.0341 1 2 32.448
0.0357 1 2 32.448
0.0373 1 2 32.448
0.0389 1 2 32.448
0.0405 1 2 32.4241
0.0421 1 2 32.462
0.0437 1 2 32.4904
0.0453 1 2 32.4814
0.0469 1 2 32.5296
0.0485 1 2 32.5201
0.0501 1 2 32.5324
0.0517 1 2 32.4639
0.0533 1 2 32.4551
0.0549 1 2 32.5543
0.0565 1 2 32.4561
0.0581 1 2 32.6123
0.0597 1 2 32.548
0.0613 1 2 32.6537
0.0629 1 2 32.4919
0.0645 1 2 32.5677
0.0661 1 2 32.576
0.0677 1 2 32.668
0.0693 1 2 32.4387
0.0709 1 2 32.4792
0.0725 1 2 32.5167
0.0741 1 2 32.5316
0.0757 1 2 32.5778
0.0773 1 2 32.4514
0.0789 1 2 32.5966
0.0805 1 2 32.4451
0.0821 1 2 32.5428
0.0837 1 2 32.459
0.0853 1 2 32.5265
0.0869 1 2 32.5478
0.0885 1 2 32.5765
0.0901 1 2 32.6412
0.0917 1 2 32.5339
0.0933 1 2 32.6101
0.0949 1 2 32.5178
0.0965 1 2 32.4718
0.0981 1 2 32.4562
0.0997 1 2 32.5215
0.1013 1 2 32.5194
0.1029 1 2 32.4679
0.1045 1 2 32.5689
0.1061 1 2 32.5058
0.1077 1 2 32.5993
0.1093 1 2 32.5022
0.1109 1 2 32.545
0.1125 1 2 32.5725
0.1141 1 2 32.4821
0.1157 1 2 32.474
0.1173 1 2 32.4925
0.1189 1 2 32.4244
0.1205 1 2 32.5433
0.1221 1 2 32.5902
0.1237 1 2 32.5392
0.1253 1 2 32.5109
0.1269 1 2 32.534
0.1285 1 2 32.5034
0.1301 1 2 32.6184
0.1317 1 2 32.649
0.1333 1 2 32.5094
0.1349 1 2 32.5071
0.1365 1 2 32.5659
0.1381 1 2 32.5547
0.1397 1 2 32.4589
0.1413 1 2 32.5538
0.1429 1 2 32.576
0.1445 1 2 32.5285
0.1461 1 2 32.4414
0.1477 1 2 32.4911
0.1493 1 2 32.6185
0.1509 1 2 32.4727
0.1525 1 2 32.5098
0.1541 1 2 32.4743
0.1557 1 2 32.484
0.1573 1 2 32.4975
0.1589 1 2 32.5655
0.1605 1 2 32.5567
0.1621 1 2 32.4988
0.1637 1 2 32.5853
0.1653 1 2 32.5261
0.1669 1 2 32.6106
0.1685 1 2 32.4769
0.1701 1 2 32.5396
0.1717 1 2 32.6142
0.1733 1 2 32.5561
0.1749 1 2 32.414
0.1765 1 2 32.486
0.1781 1 2 32.6294
0.1797 1 2 32.5003
0.1813 1 2 32.5342
0.1829 1 2 32.4928
0.1845 1 2 32.5235
0.1861 1 2 32.5931
0.1877 1 2 32.6098
0.1893 1 2 32.5138
0.1909 1 2 32.4596
0.1925 1 2 32.6106
0.1941 1 2 32.537
0.1957 1 2 32.5912
0.1973 1 2 32.5139
0.1989 1 2 32.5586
0.2005 1 2 32.4951
0.2021 1 2 32.4998
0.2037 1 2 32.4478
0.2053 1 2 32.512
0.2069 1 2 32.5833
0.2085 1 2 32.5433
0.2101 1 2 32.5719
0.2117 1 2 32.567
0.2133 1 2 32.4771
0.2149 1 2 32.4401
0.2165 1 2 32.5064
0.2181 1 2 32.5115
0.2197 1 2 32.4926
0.2213 1 2 32.4559
0.2229 1 2 32.4826
0.2245 1 2 32.4788
0.2261 1 2 32.487
0.2277 1 2 32.6224
0.2293 1 2 32.4921
0.2309 1 2 32.4903
0.2325 1 2 32.523
0.2341 1 2 32.5428
0.2357 1 2 32.4695
0.2373 1 2 32.5096
0.2389 1 2 32.4739
0.2405 1 2 32.559
0.2421 1 2 32.5292
0.2437 1 2 32.5084
0.2453 1 2 32.4674
0.2469 1 2 32.6176
0.2485 1 2 32.6695
0.2501 1 2 32.4622
0.2517 1 2 32.5313
0.2533 1 2 32.5858
0.2549 1 2 32.4975
0.2565 1 2 32.6241
0.2581 1 2 32.512
0.2597 1 2 32.5261
0.2613 1 2 32.505
0.2629 1 2 32.5081
0.2645 1 2 32.4365
0.2661 1 2 32.5141
0.2677 1 2 32.5031
0.2693 1 2 32.5131
0.2709 1 2 32.5474
0.2725 1 2 32.5443
0.2741 1 2 32.4584
0.2757 1 2 32.5331
0.2773 1 2 32.5031
0.2789 1 2 32.6492
0.2805 1 2 32.5194
0.2821 1 2 32.4913
0.2837 1 2 32.4836
0.2853 1 2 32.6184
0.2869 1 2 32.505
0.2885 1 2 32.4265
0.2901 1 2 32.4624
0.2917 1 2 32.5618
0.2933 1 2 32.4705
0.2949 1 2 32.5113
0.2965 1 2 32.5675
0.2981 1 2 32.505
0.2997 1 2 32.5073
0.3013 1 2 32.6362
0.3029 1 2 32.5212
0.3045 1 2 32.5117
0.3061 1 2 32.5391
0.3077 1 2 32.4833
0.3093 1 2 32.4843
0.3109 1 2 32.5368
0.3125 1 2 32.4931
0.3141 1 2 32.4952
0.3157 1 2 32.6282
0.3173 1 2 32.5414
0.3189 1 2 32.5606
0.3205 1 2 32.5174
0.3221 1 2 32.5918
0.3237 1 2 32.5566
0.3253 1 2 32.5949
0.3269 1 2 32.6
0.3285 1 2 32.4878
0.3301 1 2 32.4915
0.3317 1 2 32.5072
0.3333 1 2 32.5081
0.3349 1 2 32.6118
0.3365 1 2 32.5836
0.3381 1 2 32.5161
0.3397 1 2 32.4875
0.3413 1 2 32.5126
0.3429 1 2 32.545
0.3445 1 2 32.4926
0.3461 1 2 32.5601
0.3477 1 2 32.4776
0.3493 1 2 32.4554
0.3509 1 2 32.572
0.3525 1 2 32.4272
0.3541 1 2 32.5266
0.3557 1 2 32.4893
0.3573 1 2 32.5009
0.3589 1 2 32.44
0.3605 1 2 32.4976
0.3621 1 2 32.4365
0.3637 1 2 32.4965
0.3653 1 2 32.4766
0.3669 1 2 32.5364
0.3685 1 2 32.4669
0.3701 1 2 32.4647
0.3717 1 2 32.5498
0.3733 1 2 32.4599
0.3749 1 2 32.6445
0.3765 1 2 32.5635
0.3781 1 2 32.4912
0.3797 1 2 32.4952
0.3813 1 2 32.536
0.3829 1 2 32.453
0.3845 1 2 32.4883
0.3861 1 2 32.547
0.3877 1 2 32.557
0.3893 1 2 32.6058
0.3909 1 2 32.6694
0.3925 1 2 32.5281
0.3941 1 2 32.5542
0.3957 1 2 32.5125
0.3973 1 2 32.4608
0.3989 1 2 32.4337
0.4005 1 2 32.4104
0.4021 1 2 32.4903
0.4037 1 2 32.4463
0.4053 1 2 32.5495
0.4069 1 2 32.5288
0.4085 1 2 32.4691
0.4101 1 2 32.4771
0.4117 1 2 32.503
0.4133 1 2 32.5319
0.4149 1 2 32.4517
0.4165 1 2 32.5284
0.4181 1 2 32.5158
0.4197 1 2 32.5249
0.4213 1 2 32.4571
0.4229 1 2 32.4586
0.4245 1 2 32.4675
0.4261 1 2 32.5176
0.4277 1 2 32.5071
0.4293 1 2 32.5383
0.4309 1 2 32.4751
0.4325 1 2 32.519
0.4341 1 2 32.516
0.4357 1 2 32.5054
0.4373 1 2 32.5377
0.4389 1 2 32.4961
0.4405 1 2 32.529
0.4421 1 2 32.4564
0.4437 1 2 32.5502
0.4453 1 2 32.5531
0.4469 1 2 32.5027
0.4485 1 2 32.4958
0.4501 1 2 32.5324
0.4517 1 2 32.5237
0.4533 1 2 32.5088
0.4549 1 2 32.5369
0.4565 1 2 32.6259
0.4581 1 2 32.4932
0.4597 1 2 32.6266
0.4613 1 2 32.4346
0.4629 1 2 32.4767
0.4645 1 2 32.4771
0.4661 1 2 32.4828
0.4677 1 2 32.4457
0.4693 1 2 32.4281
0.4709 1 2 32.5517
0.4725 1 2 32.4503
0.4741 1 2 32.4558
0.4757 1 2 32.4962
0.4773 1 2 32.5563
0.4789 1 2 32.3884
0.4805 1 2 32.5027
0.4821 1 2 32.52
0.4837 1 2 32.3899
0.4853 1 2 32.4996
0.4869 1 2 32.5161
0.4885 1 2 32.5176
0.4901 1 2 32.4565
0.4917 1 2 32.5491
0.4933 1 2 32.5334
0.4949 1 2 32.5133
0.4965 1 2 32.4618
0.4981 1 2 32.5956
0.4997 1 2 32.6011
0.5013 1 2 32.6223
0.5029 1 2 32.4995
0.5045 1 2 32.6246
0.5061 1 2 32.5747
0.5077 1 2 32.4795
0.5093 1 2 32.556
0.5109 1 2 32.484
0.5125 1 2 32.4335
0.5141 1 2 32.5324
0.5157 1 2 32.5203
0.5173 1 2 32.6418
0.5189 1 2 32.4942
0.5205 1 2 32.5316
0.5221 1 2 32.457
0.5237 1 2 32.6113
0.5253 1 2 32.5858
0.5269 1 2 32.5733
0.5285 1 2 32.5205
0.5301 1 2 32.4742
0.5317 1 2 32.4562
0.5333 1 2 32.5009
0.5349 1 2 32.4938
0.5365 1 2 32.5576
0.5381 1 2 32.5459
0.5397 1 2 32.4702
0.5413 1 2 32.4695
0.5429 1 2 32.5231
0.5445 1 2 32.5089
0.5461 1 2 32.5362
0.5477 1 2 32.4549
0.5493 1 2 32.472
0.5509 1 2 32.4515
0.5525 1 2 32.4877
0.5541 1 2 32.5456
0.5557 1 2 32.5185
0.5573 1 2 32.5861
0.5589 1 2 32.4835
0.5605 1 2 32.556
0.5621 1 2 32.492
0.5637 1 2 32.6451
0.5653 1 2 32.5019
0.5669 1 2 32.4722
0.5685 1 2 32.5662
0.5701 1 2 32.6648
0.5717 1 2 32.4671
0.5733 1 2 32.4608
0.5749 1 2 32.5116
0.5765 1 2 32.4584
0.5781 1 2 32.5416
0.5797 1 2 32.6197
0.5813 1 2 32.5883
0.5829 1 2 32.4339
0.5845 1 2 32.459
0.5861 1 2 32.5641
0.5877 1 2 32.5826
0.5893 1 2 32.6204
0.5909 1 2 32.4201
0.5925 1 2 32.6287
0.5941 1 2 32.5261
0.5957 1 2 32.4708
0.5973 1 2 32.4919
0.5989 1 2 32.5294
0.6005 1 2 32.482
0.6021 1 2 32.5711
0.6037 1 2 32.6334
0.6053 1 2 32.4303
0.6069 1 2 32.5431
0.6085 1 2 32.499
0.6101 1 2 32.433
0.6117 1 2 32.5322
0.6133 1 2 32.5045
0.6149 1 2 32.4679
0.6165 1 2 32.5154
0.6181 1 2 32.5368
0.6197 1 2 32.4844
0.6213 1 2 32.524
0.6229 1 2 32.5974
0.6245 1 2 32.5089
0.6261 1 2 32.4742
0.6277 1 2 32.6186
0.6293 1 2 32.5481
0.6309 1 2 32.5382
0.6325 1 2 32.5365
0.6341 1 2 32.4507
0.6357 1 2 32.5473
0.6373 1 2 32.4568
0.6389 1 2 32.5055
0.6405 1 2 32.5518
0.6421 1 2 32.4647
0.6437 1 2 32.5413
0.6453 1 2 32.6098
0.6469 1 2 32.4753
0.6485 1 2 32.536
0.6501 1 2 32.5449
0.6517 1 2 32.5345
0.6533 1 2 32.5819
0.6549 1 2 32.5533
0.6565 1 2 32.4798
0.6581 1 2 32.4679
0.6597 1 2 32.489
0.6613 1 2 32.5465
0.6629 1 2 32.475
0.6645 1 2 32.4808
0.6661 1 2 32.4465
0.6677 1 2 32.4308
0.6693 1 2 32.524
0.6709 1 2 32.503
0.6725 1 2 32.5338
0.6741 1 2 32.4676
0.6757 1 2 32.4957
0.6773 1 2 32.5277
0.6789 1 2 32.4856
0.6805 1 2 32.5927
0.6821 1 2 32.5943
0.6837 1 2 32.5257
0.6853 1 2 32.4532
0.6869 1 2 32.5121
0.6885 1 2 32.5801
0.6901 1 2 32.5558
0.6917 1 2 32.5006
0.6933 1 2 32.6601
0.6949 1 2 32.5276
0.6965 1 2 32.5384
0.6981 1 2 32.5896
0.6997 1 2 32.5159
0.7013 1 2 32.5478
0.7029 1 2 32.5931
0.7045 1 2 32.5333
0.7061 1 2 32.5715
0.7077 1 2 32.6944
0.7093 1 2 32.6231
0.7109 1 2 32.4996
0.7125 1 2 32.5896
0.7141 1 2 32.5264
0.7157 1 2 32.5207
0.7173 1 2 32.4949
0.7189 1 2 32.44
0.7205 1 2 32.5056
0.7221 1 2 32.4804
0.7237 1 2 32.4926
0.7253 1 2 32.6011
0.7269 1 2 32.4698
0.7285 1 2 32.4011
0.7301 1 2 32.5297
0.7317 1 2 32.5637
0.7333 1 2 32.5813
0.7349 1 2 32.6219
0.7365 1 2 32.4351
0.7381 1 2 32.5624
0.7397 1 2 32.545
0.7413 1 2 32.5609
0.7429 1 2 32.4011
0.7445 1 2 32.4404
0.7461 1 2 32.572
0.7477 1 2 32.4901
0.7493 1 2 32.4905
0.7509 1 2 32.4629
0.7525 1 2 32.4358
0.7541 1 2 32.5231
0.7557 1 2 32.5228
0.7573 1 2 32.4534
0.7589 1 2 32.5884
0.7605 1 2 32.5249
0.7621 1 2 32.4917
0.7637 1 2 32.5107
0.7653 1 2 32.4709
0.7669 1 2 32.6198
0.7685 1 2 32.4477
0.7701 1 2 32.6143
0.7717 1 2 32.6062
0.7733 1 2 32.466
0.7749 1 2 32.5917
0.7765 1 2 32.5876
0.7781 1 2 32.4909
0.7797 1 2 32.524
0.7813 1 2 32.553
0.7829 1 2 32.5578
0.7845 1 2 32.5125
0.7861 1 2 32.5022
0.7877 1 2 32.5485
0.7893 1 2 32.5837
0.7909 1 2 32.5333
0.7925 1 2 32.5283
0.7941 1 2 32.5256
0.7957 1 2 32.4971
0.7973 1 2 32.5041
0.7989 1 2 32.4905
0.8005 1 2 32.4181
0.8021 1 2 32.5315
0.8037 1 2 32.6083
0.8053 1 2 32.4962
0.8069 1 2 32.4973
0.8085 1 2 32.4524
0.8101 1 2 32.5506
0.8117 1 2 32.4277
0.8133 1 2 32.5035
0.8149 1 2 32.4221
0.8165 1 2 32.5157
0.8181 1 2 32.5187
0.8197 1 2 32.5543
0.8213 1 2 32.5072
0.8229 1 2 32.633
0.8245 1 2 32.5374
0.8261 1 2 32.5063
0.8277 1 2 32.4534
0.8293 1 2 32.5219
0.8309 1 2 32.3857
0.8325 1 2 32.469
0.8341 1 2 32.5152
0.8357 1 2 32.5273
0.8373 1 2 32.5728
0.8389 1 2 32.536
0.8405 1 2 32.5319
0.8421 1 2 32.4844
0.8437 1 2 32.5725
0.8453 1 2 32.5281
0.8469 1 2 32.5278
0.8485 1 2 32.6001
0.8501 1 2 32.5056
0.8517 1 2 32.5141
0.8533 1 2 32.5544
0.8549 1 2 32.4733
0.8565 1 2 32.448
0.8581 1 2 32.6515
0.8597 1 2 32.4676
0.8613 1 2 32.5942
0.8629 1 2 32.5087
0.8645 1 2 32.5519
0.8661 1 2 32.5267
0.8677 1 2 32.5384
0.8693 1 2 32.5508
0.8709 1 2 32.5472
0.8725 1 2 32.4506
0.8741 1 2 32.4695
0.8757 1 2 32.6043
0.8773 1 2 32.5805
0.8789 1 2 32.5531
0.8805 1 2 32.5081
0.8821 1 2 32.4543
0.8837 1 2 32.6131
0.8853 1 2 32.5554
0.8869 1 2 32.6426
0.8885 1 2 32.5195
0.8901 1 2 32.5262
0.8917 1 2 32.5164
0.8933 1 2 32.5677
0.8949 1 2 32.526
0.8965 1 2 32.5745
0.8981 1 2 32.5871
0.8997 1 2 32.6126
0.9013 1 2 32.495
0.9029 1 2 32.4977
0.9045 1 2 32.4731
0.9061 1 2 32.5372
0.9077 1 2 32.5446
0.9093 1 2 32.4856
0.9109 1 2 32.5182
0.9125 1 2 32.5106
0.9141 1 2 32.5322
0.9157 1 2 32.5077
0.9173 1 2 32.5495
0.9189 1 2 32.4512
0.9205 1 2 32.5285
0.9221 1 2 32.5229
0.9237 1 2 32.415
0.9253 1 2 32.4582
0.9269 1 2 32.5564
0.9285 1 2 32.504
0.9301 1 2 32.5762
0.9317 1 2 32.548
0.9333 1 2 32.5503
0.9349 1 2 32.5691
0.9365 1 2 32.5294
0.9381 1 2 32.5403
0.9397 1 2 32.5251
0.9413 1 2 32.4679
0.9429 1 2 32.511
0.9445 1 2 32.4635
0.9461 1 2 32.493
0.9477 1 2 32.4412
0.9493 1 2 32.5615
0.9509 1 2 32.5814
0.9525 1 2 32.4551
0.9541 1 2 32.5262
0.9557 1 2 32.4601
0.9573 1 2 32.487
0.9589 1 2 32.5154
0.9605 1 2 32.5358
0.9621 1 2 32.5215
0.9637 1 2 32.4732
0.9653 1 2 32.4527
0.9669 1 2 32.5514
0.9685 1 2 32.5146
0.9701 1 2 32.4978
0.9717 1 2 32.5369
0.9733 1 2 32.4365
0.9749 1 2 32.5439
0.9765 1 2 32.4716
0.9781 1 2 32.491
0.9797 1 2 32.4343
0.9813 1 2 32.5015
0.9829 1 2 32.5392
0.9845 1 2 32.4977
0.9861 1 2 32.4163
0.9877 1 2 32.597
0.9893 1 2 32.4602
0.9909 1 2 32.5297
0.9925 1 2 32.5534
0.9941 1 2 32.5015
0.9957 1 2 32.5482
0.9973 1 2 32.4959
0.9989 1 2 32.5076
1.0005 1 2 32.4315
1.0021 1 2 33.2258
1.0037 1 2 33.3287
1.0053 1 2 33.3923
1.0069 1 2 33.2121
1.0085 1 2 33.104
1.0101 1 2 33.4894
1.0117 1 2 33.6189
1.0133 1 2 33.8241
1.0149 1 2 33.4387
1.0165 1 2 33.4844
1.0181 1 2 33.3259
1.0197 1 2 33.6661
1.0213 1 2 33.372
1.0229 1 2 32.9606
1.0245 1 2 32.7859
1.0261 1 2 32.2989
1.0277 1 2 31.8921
1.0293 1 2 32.1895
1.0309 1 2 32.42
1.0325 1 2 32.6562
1.0341 1 2 32.6583
1.0357 1 2 32.7191
1.0373 1 2 32.0277
1.0389 1 2 31.8846
1.0405 1 2 31.744
1.0421 1 2 31.5428
1.0437 1 2 31.7196
1.0453 1 2 32.3316
1.0469 1 2 32.3065
1.0485 1 2 32.4673
1.0501 1 2 32.5498
1.0517 1 2 32.4518
1.0533 1 2 32.3122
1.0549 1 2 31.5641
1.0565 1 2 31.4695
1.0581 1 2 30.9363
1.0597 1 2 30.8434
1.0613 1 2 30.8932
1.0629 1 2 30.6034
1.0645 1 2 30.221
1.0661 1 2 29.9516
1.0677 1 2 -5.18391
1.0693 1 2 -4.81262
1.0709 1 2 -2.65682
1.0725 1 2 -3.82771
1.0741 1 2 -3.21807
1.0757 1 2 -2.63712
1.0773 1 2 -3.72786
1.0789 1 2 -2.63231
1.0805 1 2 -3.188
1.0821 1 2 -2.90305
1.0837 1 2 -1.29636
1.0853 1 2 0.165334
1.0869 1 2 -0.587159
1.0885 1 2 -3.13139
1.0901 1 2 -3.80095
1.0917 1 2 -1.09806
1.0933 1 2 -2.18206
1.0949 1 2 -2.63547
1.0965 1 2 -3.19161
1.0981 1 2 -1.58823
1.0997 1 2 -1.99915
1.1013 1 2 -2.09125
1.1029 1 2 -0.413397
1.1045 1 2 -2.24045
1.1061 1 2 -3.33334
1.1077 1 2 -1.02268
1.1093 1 2 -2.49423
1.1109 1 2 -4.37679
1.1125 1 2 -2.13401
1.1141 1 2 -5.66585
1.1157 1 2 -0.0705819
1.1173 1 2 -4.72766
1.1189 1 2 -3.46976
1.1205 1 2 -2.65329
1.1221 1 2 -2.40859
1.1237 1 2 -1.50803
1.1253 1 2 -3.05705
1.1269 1 2 -3.34275
1.1285 1 2 -2.21321
1.1301 1 2 -4.49634
1.1317 1 2 -3.92833
1.1333 1 2 -5.34083
1.1349 1 2 -3.7342
1.1365 1 2 -4.50587
1.1381 1 2 -5.56758
1.1397 1 2 -5.80225
1.1413 1 2 -4.39619
1.1429 1 2 -4.58678
1.1445 1 2 -5.97754
1.1461 1 2 -4.88217
1.1477 1 2 -3.65869
1.1493 1 2 -2.7967
1.1509 1 2 -5.81542
1.1525 1 2 -5.89576
1.1541 1 2 -1.93444
1.1557 1 2 -3.12106
1.1573 1 2 -2.2259
1.1589 1 2 -4.47412
1.1605 1 2 -1.32031
1.1621 1 2 -2.5316
1.1637 1 2 -4.21254
1.1653 1 2 -3.02183
1.1669 1 2 -1.92253
1.1685 1 2 -3.38714
1.1701 1 2 -3.09393
1.1717 1 2 -0.946477
1.1733 1 2 -1.27872
1.1749 1 2 -1.33613
1.1765 1 2 -0.698656
1.1781 1 2 -2.18071
1.1797 1 2 -3.24899
1.1813 1 2 -0.886393
1.1829 1 2 -2.17436
1.1845 1 2 -2.79563
1.1861 1 2 -3.81497
1.1877 1 2 -1.20054
1.1893 1 2 -0.197077
1.1909 1 2 -0.63542
1.1925 1 2 -1.48626
1.1941 1 2 1.10612
1.1957 1 2 -0.130447
1.1973 1 2 -4.19046
1.1989 1 2 -3.89387
1.2005 1 2 -2.17489
1.2021 1 2 -0.544963
1.2037 1 2 -2.32764
1.2053 1 2 -2.754
1.2069 1 2 -2.42884
1.2085 1 2 -2.85243
1.2101 1 2 -1.71102
1.2117 1 2 -1.74496
1.2133 1 2 0.750497
1.2149 1 2 -0.910442
1.2165 1 2 -0.292214
1.2181 1 2 -0.6887
1.2197 1 2 -2.9953
1.2213 1 2 -2.78714
1.2229 1 2 -1.31151
1.2245 1 2 0.554689
1.2261 1 2 1.40097
1.2277 1 2 -2.90488
1.2293 1 2 -1.38105
1.2309 1 2 0.383364
1.2325 1 2 -1.01085
1.2341 1 2 -0.394149
1.2357 1 2 -1.32579
1.2373 1 2 -1.21517
1.2389 1 2 1.39544
1.2405 1 2 2.88415
1.2421 1 2 1.71376
1.2437 1 2 -1.83371
1.2453 1 2 -0.484372
1.2469 1 2 0.485292
1.2485 1 2 -1.70206
1.2501 1 2 -0.649405
1.2517 1 2 -3.69374
1.2533 1 2 -1.95421
1.2549 1 2 -3.48332
1.2565 1 2 1.44997
1.2581 1 2 0.405272
1.2597 1 2 2.5198
1.2613 1 2 -2.43229
1.2629 1 2 -1.48516
1.2645 1 2 -4.81675
1.2661 1 2 -3.96316
1.2677 1 2 -6.20002
1.2693 1 2 -2.54426
1.2709 1 2 -3.91342
1.2725 1 2 -2.53867
1.2741 1 2 -1.88044
1.2757 1 2 3.44091
1.2773 1 2 -5.07757
1.2789 1 2 -3.88927
1.2805 1 2 -5.508
1.2821 1 2 -5.89132
1.2837 1 2 -1.32273
1.2853 1 2 0.956241
1.2869 1 2 -4.97722
1.2885 1 2 6.16984
1.2901 1 2 -3.18395
1.2917 1 2 -0.206033
1.2933 1 2 3.46233
1.2949 1 2 -3.09831
1.2965 1 2 -1.89135
1.2981 1 2 1.26231
1.2997 1 2 4.83363
1.3013 1 2 -1.78278
1.3029 1 2 -4.186
1.3045 1 2 -3.99667
1.3061 1 2 3.9986
1.3077 1 2 -1.83176
1.3093 1 2 5.10517
1.3109 1 2 7.51471
1.3125 1 2 7.09672
1.3141 1 2 -1.97318
1.3157 1 2 -1.68501
1.3173 1 2 -3.81443
1.3189 1 2 4.99678
1.3205 1 2 -0.405783
1.3221 1 2 7.68893
1.3237 1 2 4.92398
1.3253 1 2 2.40105
1.3269 1 2 -2.1314
1.3285 1 2 -6.6679
1.3301 1 2 -1.32179
1.3317 1 2 4.71017
1.3333 1 2 -3.90548
1.3349 1 2 36.9179
1.3365 1 2 38.9864
1.3381 1 2 36.3818
1.3397 1 2 35.3443
1.3413 1 2 40.3876
1.3429 1 2 39.1074
1.3445 1 2 35.5527
1.3461 1 2 34.8903
1.3477 1 2 37.7406
1.3493 1 2 33.6975
1.3509 1 2 39.2207
1.3525 1 2 35.4953
1.3541 1 2 37.7464
1.3557 1 2 38.7345
1.3573 1 2 38.935
1.3589 1 2 35.5289
1.3605 1 2 36.715
1.3621 1 2 38.0582
1.3637 1 2 36.307
1.3653 1 2 38.4804
1.3669 1 2 37.05
1.3685 1 2 37.0051
1.3701 1 2 35.8072
1.3717 1 2 36.9658
1.3733 1 2 38.3404
1.3749 1 2 41.8661
1.3765 1 2 40.5684
1.3781 1 2 38.1618
1.3797 1 2 36.4098
1.3813 1 2 39.4816
1.3829 1 2 38.4359
1.3845 1 2 37.5124
1.3861 1 2 39.1405
1.3877 1 2 38.0263
1.3893 1 2 36.2927
1.3909 1 2 39.5228
1.3925 1 2 37.3761
1.3941 1 2 39.5107
1.3957 1 2 41.0035
1.3973 1 2 39.2768
1.3989 1 2 39.3756
1.4005 1 2 37.4439
1.4021 1 2 37.1284
1.4037 1 2 38.7587
1.4053 1 2 37.3105
1.4069 1 2 37.4268
1.4085 1 2 36.7846
1.4101 1 2 37.2977
1.4117 1 2 36.5722
1.4133 1 2 34.2897
1.4149 1 2 36.6167
1.4165 1 2 36.804
1.4181 1 2 33.8216
1.4197 1 2 35.468
1.4213 1 2 35.8689
1.4229 1 2 35.8849
1.4245 1 2 37.4147
1.4261 1 2 37.5072
1.4277 1 2 35.4782
1.4293 1 2 37.784
1.4309 1 2 36.8607
1.4325 1 2 38.7335
1.4341 1 2 34.9433
1.4357 1 2 35.5121
1.4373 1 2 34.0597
1.4389 1 2 36.4154
1.4405 1 2 36.3345
1.4421 1 2 35.7081
1.4437 1 2 33.5417
1.4453 1 2 33.2704
1.4469 1 2 29.1046
1.4485 1 2 31.9948
1.4501 1 2 29.3482
1.4517 1 2 29.5766
1.4533 1 2 32.9988
1.4549 1 2 28.4139
1.4565 1 2 28.587
1.4581 1 2 30.0765
1.4597 1 2 34.1559
1.4613 1 2 33.2025
1.4629 1 2 32.6598
1.4645 1 2 30.682
1.4661 1 2 32.2555
1.4677 1 2 30.4046
1.4693 1 2 31.9348
1.4709 1 2 26.8418
1.4725 1 2 31.9227
1.4741 1 2 24.6356
1.4757 1 2 24.0031
1.4773 1 2 21.4062
1.4789 1 2 22.1933
1.4805 1 2 34.2573
1.4821 1 2 31.2253
1.4837 1 2 21.025
1.4853 1 2 28.1034
1.4869 1 2 29.1497
1.4885 1 2 27.7219
1.4901 1 2 27.1419
1.4917 1 2 26.1503
1.4933 1 2 27.3306
1.4949 1 2 27.8388
1.4965 1 2 19.8445
1.4981 1 2 21.3847
1.4997 1 2 22.41
1.5013 1 2 25.4839
1.5029 1 2 23.7121
1.5045 1 2 25.4009
1.5061 1 2 24.3585
1.5077 1 2 25.0466
1.5093 1 2 28.9771
1.5109 1 2 27.1908
1.5125 1 2 25.8941
1.5141 1 2 25.7386
1.5157 1 2 28.5826
1.5173 1 2 28.9819
1.5189 1 2 29.5667
1.5205 1 2 29.7377
1.5221 1 2 31.2658
1.5237 1 2 31.7169
1.5253 1 2 31.3022
1.5269 1 2 30.133
1.5285 1 2 31.2317
1.5301 1 2 30.5636
1.5317 1 2 30.2787
1.5333 1 2 30.7803
1.5349 1 2 32.39
1.5365 1 2 31.5807
1.5381 1 2 32.4717
1.5397 1 2 32.9186
1.5413 1 2 32.0202
1.5429 1 2 32.2854
1.5445 1 2 32.5344
1.5461 1 2 31.99
1.5477 1 2 31.163
1.5493 1 2 30.9059
1.5509 1 2 30.9588
1.5525 1 2 30.5448
1.5541 1 2 30.983
1.5557 1 2 31.6839
1.5573 1 2 31.9702
1.5589 1 2 31.4785
1.5605 1 2 31.2389
1.5621 1 2 30.9111
1.5637 1 2 31.294
1.5653 1 2 31.6278
1.5669 1 2 31.7962
1.5685 1 2 31.655
1.5701 1 2 32.5885
1.5717 1 2 33.4672
1.5733 1 2 32.7369
1.5749 1 2 33.3306
1.5765 1 2 31.9786
1.5781 1 2 32.8085
1.5797 1 2 32.2263
1.5813 1 2 31.3072
1.5829 1 2 30.9234
1.5845 1 2 32.1362
1.5861 1 2 32.4143
1.5877 1 2 32.3739
1.5893 1 2 32.961
1.5909 1 2 33.2207
1.5925 1 2 33.4224
1.5941 1 2 32.7859
1.5957 1 2 32.6483
1.5973 1 2 32.6857
1.5989 1 2 33.7835
1.6005 1 2 33.9313
1.6021 1 2 33.7198
1.6037 1 2 32.6394
1.6053 1 2 33.569
1.6069 1 2 33.9204
1.6085 1 2 33.384
1.6101 1 2 33.4814
1.6117 1 2 33.0095
1.6133 1 2 31.4421
1.6149 1 2 32.5606
1.6165 1 2 31.5985
1.6181 1 2 32.7497
1.6197 1 2 32.1807
1.6213 1 2 32.3659
1.6229 1 2 32.4461
1.6245 1 2 32.5832
1.6261 1 2 32.3101
1.6277 1 2 32.0147
1.6293 1 2 31.8907
1.6309 1 2 32.4417
1.6325 1 2 32.1039
1.6341 1 2 31.3217
1.6357 1 2 30.8152
1.6373 1 2 30.9164
1.6389 1 2 30.9493
1.6405 1 2 29.9781
1.6421 1 2 30.174
1.6437 1 2 29.353
1.6453 1 2 28.5181
1.6469 1 2 29.1607
1.6485 1 2 29.0269
1.6501 1 2 29.1158
1.6517 1 2 29.3092
1.6533 1 2 29.4039
1.6549 1 2 29.1218
1.6565 1 2 28.8057
1.6581 1 2 28.0597
1.6597 1 2 27.8295
1.6613 1 2 27.6613
1.6629 1 2 27.0278
1.6645 1 2 26.5957
1.6661 1 2 26.3647
1.6677 1 2 26.1434
1.6693 1 2 26.3694
1.6709 1 2 26.5825
1.6725 1 2 26.6149
1.6741 1 2 26.4019
1.6757 1 2 27.1342
1.6773 1 2 26.9227
1.6789 1 2 26.6613
1.6805 1 2 26.4358
1.6821 1 2 26.4308
1.6837 1 2 25.9666
1.6853 1 2 26.3727
1.6869 1 2 25.9653
1.6885 1 2 26.4737
1.6901 1 2 26.2398
1.6917 1 2 25.8847
1.6933 1 2 26.082
1.6949 1 2 26.0712
1.6965 1 2 26.0803
1.6981 1 2 25.145
1.6997 1 2 24.7413
1.7013 1 2 23.8932
1.7029 1 2 23.8873
1.7045 1 2 24.2989
1.7061 1 2 23.3602
1.7077 1 2 22.9559
1.7093 1 2 23.0942
1.7109 1 2 23.5464
1.7125 1 2 23.0564
1.7141 1 2 23.1183
1.7157 1 2 22.2184
1.7173 1 2 22.3251
1.7189 1 2 22.1427
1.7205 1 2 21.7666
1.7221 1 2 20.8929
1.7237 1 2 20.105
1.7253 1 2 19.636
1.7269 1 2 19.1801
1.7285 1 2 18.9504
1.7301 1 2 18.062
1.7317 1 2 18.1108
1.7333 1 2 18.6999
1.7349 1 2 18.0234
1.7365 1 2 17.3486
1.7381 1 2 16.5442
1.7397 1 2 16.2852
1.7413 1 2 16.3591
1.7429 1 2 15.3574
1.7445 1 2 15.4676
1.7461 1 2 14.059
1.7477 1 2 13.7423
1.7493 1 2 12.9645
1.7509 1 2 12.6596
1.7525 1 2 11.8808
1.7541 1 2 11.4068
1.7557 1 2 10.0912
1.7573 1 2 10.202
1.7589 1 2 8.62415
1.7605 1 2 7.65972
1.7621 1 2 6.52451
1.7637 1 2 6.43646
1.7653 1 2 4.74787
1.7669 1 2 1.79619
1.7685 1 2 1.80276
1.7701 1 2 2.84278
1.7717 1 2 0.619961
1.7733 1 2 5.28529
1.7749 1 2 -0.170225
1.7765 1 2 2.17656
1.7781 1 2 -1.48573
1.7797 1 2 1.39728
1.7813 1 2 1.07546
1.7829 1 2 7.23415
1.7845 1 2 5.21085
1.7861 1 2 6.01464
1.7877 1 2 7.16138
1.7893 1 2 7.82241
1.7909 1 2 8.65956
1.7925 1 2 9.50301
1.7941 1 2 10.7249
1.7957 1 2 11.1706
1.7973 1 2 10.77
1.7989 1 2 12.0979
1.8005 1 2 11.9854
1.8021 1 2 12.6487
1.8037 1 2 12.8059
1.8053 1 2 13.3722
1.8069 1 2 14.1963
1.8085 1 2 14.8305
1.8101 1 2 15.8158
1.8117 1 2 15.4795
1.8133 1 2 15.09
1.8149 1 2 16.2534
1.8165 1 2 16.7194
1.8181 1 2 16.9638
1.8197 1 2 17.8214
1.8213 1 2 17.8645
1.8229 1 2 18.2539
1.8245 1 2 18.0316
1.8261 1 2 18.9085
1.8277 1 2 19.6429
1.8293 1 2 19.6034
1.8309 1 2 19.3376
1.8325 1 2 19.6675
1.8341 1 2 20.6693
1.8357 1 2 20.4987
1.8373 1 2 20.6835
1.8389 1 2 20.0487
1.8405 1 2 19.9074
1.8421 1 2 19.8351
1.8437 1 2 19.7433
1.8453 1 2 20.3337
1.8469 1 2 20.3407
1.8485 1 2 19.7561
1.8501 1 2 20.6152
1.8517 1 2 20.8623
1.8533 1 2 20.3972
1.8549 1 2 20.4289
1.8565 1 2 20.6296
1.8581 1 2 20.8809
1.8597 1 2 20.8386
1.8613 1 2 21.1993
1.8629 1 2 21.6027
1.8645 1 2 22.5608
1.8661 1 2 22.8892
1.8677 1 2 22.3179
1.8693 1 2 22.354
1.8709 1 2 23.0054
1.8725 1 2 23.1558
1.8741 1 2 23.375
1.8757 1 2 23.7515
1.8773 1 2 23.2926
1.8789 1 2 23.5772
1.8805 1 2 23.8316
1.8821 1 2 24.2108
1.8837 1 2 24.1851
1.8853 1 2 24.3364
1.8869 1 2 24.2934
1.8885 1 2 23.474
1.8901 1 2 23.6872
1.8917 1 2 23.8377
1.8933 1 2 24.0991
1.8949 1 2 23.4462
1.8965 1 2 23.3448
1.8981 1 2 22.9961
1.8997 1 2 22.7129
1.9013 1 2 22.4675
1.9029 1 2 22.5947
1.9045 1 2 22.7766
1.9061 1 2 23.4268
1.9077 1 2 23.2983
1.9093 1 2 22.8161
1.9109 1 2 22.6651
1.9125 1 2 23.3919
1.9141 1 2 23.1087
1.9157 1 2 24.0826
1.9173 1 2 24.1242
1.9189 1 2 24.1222
1.9205 1 2 23.3575
1.9221 1 2 23.3092
1.9237 1 2 23.3528
1.9253 1 2 22.8623
1.9269 1 2 23.0175
1.9285 1 2 22.5344
1.9301 1 2 22.6482
1.9317 1 2 22.9849
1.9333 1 2 22.966
1.9349 1 2 22.8417
1.9365 1 2 23.7402
1.9381 1 2 23.9644
1.9397 1 2 23.945
1.9413 1 2 23.8633
1.9429 1 2 23.864
1.9445 1 2 24.3894
1.9461 1 2 25.1934
1.9477 1 2 24.918
1.9493 1 2 25.1628
1.9509 1 2 25.4575
1.9525 1 2 26.007
1.9541 1 2 26.5706
1.9557 1 2 26.5293
1.9573 1 2 26.112
1.9589 1 2 25.8386
1.9605 1 2 26.3296
1.9621 1 2 26.6727
1.9637 1 2 27.2305
1.9653 1 2 27.7658
1.9669 1 2 28.1787
1.9685 1 2 28.16
1.9701 1 2 28.1515
1.9717 1 2 27.9617
1.9733 1 2 28.1458
1.9749 1 2 27.7512
1.9765 1 2 27.4902
1.9781 1 2 26.9788
1.9797 1 2 26.7262
1.9813 1 2 26.617
1.9829 1 2 26.2457
1.9845 1 2 26.7435
1.9861 1 2 26.3503
1.9877 1 2 26.2788
1.9893 1 2 26.617
1.9909 1 2 26.4763
1.9925 1 2 25.929
1.9941 1 2 25.7675
1.9957 1 2 25.9207
1.9973 1 2 26.0317
1.9989 1 2 26.4422
2.0005 1 2 26.7388
2.0021 1 2 27.2844
2.0037 1 2 27.7215
2.0053 1 2 28.2564
2.0069 1 2 28.0832
2.0085 1 2 28.8366
2.0101 1 2 28.9351
2.0117 1 2 29.2083
2.0133 1 2 28.2118
2.0149 1 2 28.4273
2.0165 1 2 28.746
2.0181 1 2 28.6354
2.0197 1 2 29.0191
2.0213 1 2 29.6775
2.0229 1 2 29.3556
2.0245 1 2 28.5621
2.0261 1 2 28.6315
2.0277 1 2 28.5114
2.0293 1 2 28.3384
2.0309 1 2 28.1827
2.0325 1 2 27.7365
2.0341 1 2 27.6015
2.0357 1 2 27.7411
2.0373 1 2 27.5848
2.0389 1 2 27.3655
2.0405 1 2 27.3484
2.0421 1 2 27.7951
2.0437 1 2 27.3152
2.0453 1 2 27.3186
2.0469 1 2 27.2434
2.0485 1 2 27.3022
2.0501 1 2 27.2313
2.0517 1 2 26.803
2.0533 1 2 26.8192
2.0549 1 2 27.805
2.0565 1 2 27.8651
2.0581 1 2 27.9084
2.0597 1 2 28.0048
2.0613 1 2 27.6228
2.0629 1 2 27.5225
2.0645 1 2 27.951
2.0661 1 2 27.5424
2.0677 1 2 27.8854
2.0693 1 2 27.8281
2.0709 1 2 28.4425
2.0725 1 2 28.7492
2.0741 1 2 28.7956
2.0757 1 2 29.298
2.0773 1 2 29.4639
2.0789 1 2 29.6086
2.0805 1 2 29.7983
2.0821 1 2 30.1923
2.0837 1 2 30.7676
2.0853 1 2 30.3979
2.0869 1 2 30.0617
2.0885 1 2 30.197
2.0901 1 2 30.1745
2.0917 1 2 29.6356
2.0933 1 2 29.8167
2.0949 1 2 29.7348
2.0965 1 2 29.5866
2.0981 1 2 29.7333
2.0997 1 2 29.4568
2.1013 1 2 30.4051
2.1029 1 2 29.7572
2.1045 1 2 29.0578
2.1061 1 2 28.6417
2.1077 1 2 28.8812
2.1093 1 2 28.9625
2.1109 1 2 28.2657
2.1125 1 2 28.326
2.1141 1 2 28.4556
2.1157 1 2 28.0381
2.1173 1 2 27.7078
2.1189 1 2 27.1748
2.1205 1 2 27.3367
2.1221 1 2 27.0159
2.1237 1 2 27.1804
2.1253 1 2 28.354
2.1269 1 2 28.4389
2.1285 1 2 28.6302
2.1301 1 2 28.3894
2.1317 1 2 28.1164
2.1333 1 2 28.4379
2.1349 1 2 28.5831
2.1365 1 2 28.4516
2.1381 1 2 28.7609
2.1397 1 2 29.2824
2.1413 1 2 28.8714
2.1429 1 2 28.8619
2.1445 1 2 28.7307
2.1461 1 2 28.7039
2.1477 1 2 28.2508
2.1493 1 2 28.8785
2.1509 1 2 28.8171
2.1525 1 2 29.7225
2.1541 1 2 29.955
2.1557 1 2 29.865
2.1573 1 2 29.4576
2.1589 1 2 29.2307
2.1605 1 2 28.751
2.1621 1 2 28.9121
2.1637 1 2 28.8211
2.1653 1 2 29.088
2.1669 1 2 29.081
2.1685 1 2 29.0097
2.1701 1 2 28.444
2.1717 1 2 28.5497
2.1733 1 2 28.585
2.1749 1 2 28.5506
2.1765 1 2 29.2564
2.1781 1 2 29.3104
2.1797 1 2 28.8239
2.1813 1 2 29.2599
2.1829 1 2 29.3806
2.1845 1 2 29.0543
2.1861 1 2 28.7291
2.1877 1 2 28.8256
2.1893 1 2 28.8643
2.1909 1 2 28.7592
2.1925 1 2 28.4472
2.1941 1 2 28.589
2.1957 1 2 28.8084
2.1973 1 2 28.4512
2.1989 1 2 28.099
2.2005 1 2 27.5145
2.2021 1 2 27.593
2.2037 1 2 27.6321
2.2053 1 2 28.3094
2.2069 1 2 27.7727
2.2085 1 2 28.0364
2.2101 1 2 27.6532
2.2117 1 2 27.1
2.2133 1 2 26.9021
2.2149 1 2 26.1483
2.2165 1 2 26.3844
2.2181 1 2 26.1339
2.2197 1 2 26.7901
2.2213 1 2 27.0112
2.2229 1 2 27.3852
2.2245 1 2 27.3322
2.2261 1 2 27.907
2.2277 1 2 28.2072
2.2293 1 2 27.5882
2.2309 1 2 27.2075
2.2325 1 2 26.9947
2.2341 1 2 26.8229
2.2357 1 2 27.1428
2.2373 1 2 26.4496
2.2389 1 2 25.7505
2.2405 1 2 25.8787
2.2421 1 2 25.4552
2.2437 1 2 25.7284
2.2453 1 2 25.0377
2.2469 1 2 24.7717
2.2485 1 2 24.4804
2.2501 1 2 23.9407
2.2517 1 2 23.0676
2.2533 1 2 22.5596
2.2549 1 2 21.599
2.2565 1 2 21.7028
2.2581 1 2 21.5606
2.2597 1 2 21.7457
2.2613 1 2 21.4688
2.2629 1 2 20.58
2.2645 1 2 20.5125
2.2661 1 2 20.4609
2.2677 1 2 20.5287
2.2693 1 2 20.349
2.2709 1 2 20.5947
2.2725 1 2 20.5311
2.2741 1 2 20.1912
2.2757 1 2 20.0767
2.2773 1 2 19.8774
2.2789 1 2 20.7987
2.2805 1 2 21.3076
2.2821 1 2 21.4698
2.2837 1 2 21.3446
2.2853 1 2 21.4509
2.2869 1 2 20.8779
2.2885 1 2 20.45
2.2901 1 2 19.8624
2.2917 1 2 20.015
2.2933 1 2 20.3388
2.2949 1 2 19.815
2.2965 1 2 20.0238
2.2981 1 2 19.548
2.2997 1 2 20.1769
2.3013 1 2 19.7534
2.3029 1 2 19.9268
2.3045 1 2 19.5891
2.3061 1 2 19.3757
2.3077 1 2 19.6679
2.3093 1 2 20.0665
2.3109 1 2 20.1642
2.3125 1 2 20.1024
2.3141 1 2 20.2005
2.3157 1 2 19.7689
2.3173 1 2 19.6792
2.3189 1 2 19.5019
2.3205 1 2 19.6958
2.3221 1 2 19.9108
2.3237 1 2 19.7541
2.3253 1 2 19.9176
2.3269 1 2 19.4634
2.3285 1 2 19.1891
2.3301 1 2 19.0684
2.3317 1 2 18.997
2.3333 1 2 19.4725
2.3349 1 2 19.4986
2.3365 1 2 20.0467
2.3381 1 2 20.5485
2.3397 1 2 20.4948
2.3413 1 2 20.3819
2.3429 1 2 20.1659
2.3445 1 2 20.2105
2.3461 1 2 19.9994
2.3477 1 2 20.1007
2.3493 1 2 19.3625
2.3509 1 2 19.6182
2.3525 1 2 19.3775
2.3541 1 2 18.9951
2.3557 1 2 19.8677
2.3573 1 2 19.7872
2.3589 1 2 20.337
2.3605 1 2 20.7075
2.3621 1 2 21.0315
2.3637 1 2 20.8971
2.3653 1 2 20.7041
2.3669 1 2 20.7053
2.3685 1 2 20.1468
2.3701 1 2 20.274
2.3717 1 2 20.1531
2.3733 1 2 20.5338
2.3749 1 2 20.7497
2.3765 1 2 20.049
2.3781 1 2 19.8476
2.3797 1 2 19.6168
2.3813 1 2 19.3048
2.3829 1 2 18.9567
2.3845 1 2 18.8204
2.3861 1 2 18.3785
2.3877 1 2 17.4229
2.3893 1 2 17.1675
2.3909 1 2 17.4934
2.3925 1 2 17.3247
2.3941 1 2 16.9028
2.3957 1 2 16.9456
2.3973 1 2 16.7026
2.3989 1 2 16.8972
2.4005 1 2 16.3426
2.4021 1 2 16.1831
2.4037 1 2 15.9938
2.4053 1 2 16.7342
2.4069 1 2 16.1308
2.4085 1 2 15.3305
2.4101 1 2 15.0158
2.4117 1 2 14.8622
2.4133 1 2 14.7405
2.4149 1 2 14.3684
2.4165 1 2 13.611
2.4181 1 2 12.8917
2.4197 1 2 13.2635
2.4213 1 2 12.8159
2.4229 1 2 12.2737
2.4245 1 2 12.2446
2.4261 1 2 11.7204
2.4277 1 2 11.9587
2.4293 1 2 11.4736
2.4309 1 2 11.1173
2.4325 1 2 11.1183
2.4341 1 2 10.4338
2.4357 1 2 9.82567
2.4373 1 2 10.0487
2.4389 1 2 9.85778
2.4405 1 2 9.38457
2.4421 1 2 9.27319
2.4437 1 2 8.38847
2.4453 1 2 8.04729
2.4469 1 2 7.0903
2.4485 1 2 6.99489
2.4501 1 2 7.07138
2.4517 1 2 6.68844
2.4533 1 2 6.80494
2.4549 1 2 6.68459
2.4565 1 2 6.03864
2.4581 1 2 6.215
2.4597 1 2 4.72214
2.4613 1 2 4.24204
2.4629 1 2 4.28793
2.4645 1 2 3.47136
2.4661 1 2 2.81593
2.4677 1 2 1.84403
2.4693 1 2 1.01578
2.4709 1 2 0.0474477
2.4725 1 2 0.360952
2.4741 1 2 -2.11205
2.4757 1 2 -3.42012
2.4773 1 2 -4.19632
2.4789 1 2 -4.67741
2.4805 1 2 -5.3605
2.4821 1 2 -8.8432
2.4837 1 2 -10.0209
2.4853 1 2 -12.0071
2.4869 1 2 -13.4026
2.4885 1 2 -10.8072
2.4901 1 2 -10.4852
2.4917 1 2 -8.34155
2.4933 1 2 -7.4592
2.4949 1 2 -4.78225
2.4965 1 2 -4.27201
2.4981 1 2 -2.54699
2.4997 1 2 -1.61421
2.5013 1 2 -0.892604
2.5029 1 2 1.04064
2.5045 1 2 1.60299
2.5061 1 2 2.53852
2.5077 1 2 3.4464
2.5093 1 2 3.91287
2.5109 1 2 4.46508
2.5125 1 2 5.30175
2.5141 1 2 6.2477
2.5157 1 2 6.21988
2.5173 1 2 6.69041
2.5189 1 2 6.8864
2.5205 1 2 6.72442
2.5221 1 2 7.28715
2.5237 1 2 7.76449
2.5253 1 2 7.12251
2.5269 1 2 7.30369
2.5285 1 2 6.89252
2.5301 1 2 7.79601
2.5317 1 2 7.48258
2.5333 1 2 7.65074
2.5349 1 2 8.52376
2.5365 1 2 8.39545
2.5381 1 2 9.23803
2.5397 1 2 10.2372
2.5413 1 2 10.6538
2.5429 1 2 10.8749
2.5445 1 2 11.0617
2.5461 1 2 11.1456
2.5477 1 2 11.341
2.5493 1 2 12.1991
2.5509 1 2 12.434
2.5525 1 2 12.44
2.5541 1 2 12.8289
2.5557 1 2 12.5379
2.5573 1 2 12.9735
2.5589 1 2 13.1666
2.5605 1 2 13.5464
2.5621 1 2 13.7788
2.5637 1 2 14.3079
2.5653 1 2 14.0857
2.5669 1 2 14.418
2.5685 1 2 15.1894
2.5701 1 2 15.4628
2.5717 1 2 15.2288
2.5733 1 2 15.5337
2.5749 1 2 16.2388
2.5765 1 2 15.9757
2.5781 1 2 16.6147
2.5797 1 2 16.3515
2.5813 1 2 16.1425
2.5829 1 2 16.8642
2.5845 1 2 16.9423
2.5861 1 2 17.6487
2.5877 1 2 17.5977
2.5893 1 2 18.3819
2.5909 1 2 18.1033
2.5925 1 2 18.2294
2.5941 1 2 18.3362
2.5957 1 2 18.696
2.5973 1 2 18.4729
2.5989 1 2 19.0037
2.6005 1 2 19.7183
2.6021 1 2 19.8253
2.6037 1 2 19.4994
2.6053 1 2 20.1339
2.6069 1 2 19.9861
2.6085 1 2 20.4885
2.6101 1 2 20.6415
2.6117 1 2 21.2813
2.6133 1 2 22.1901
2.6149 1 2 22.1788
2.6165 1 2 22.9345
2.6181 1 2 23.6822
2.6197 1 2 24.1939
2.6213 1 2 23.8091
2.6229 1 2 24.3118
2.6245 1 2 25.3531
2.6261 1 2 24.5049
2.6277 1 2 23.7707
2.6293 1 2 23.9319
2.6309 1 2 23.6445
2.6325 1 2 23.7913
2.6341 1 2 24.2393
2.6357 1 2 24.6978
2.6373 1 2 24.6324
2.6389 1 2 25.5868
2.6405 1 2 25.6001
2.6421 1 2 26.1653
2.6437 1 2 26.7852
2.6453 1 2 27.1177
2.6469 1 2 28.1009
2.6485 1 2 27.747
2.6501 1 2 27.7166
2.6517 1 2 28.3696
2.6533 1 2 29.245
2.6549 1 2 29.4164
2.6565 1 2 29.9299
2.6581 1 2 30.3729
2.6597 1 2 29.9582
2.6613 1 2 30.0483
2.6629 1 2 29.9908
2.6645 1 2 30.0566
2.6661 1 2 30.0105
2.6677 1 2 30.9495
2.6693 1 2 31.0518
2.6709 1 2 31.1276
2.6725 1 2 31.3428
2.6741 1 2 31.534
2.6757 1 2 30.9035
2.6773 1 2 30.7207
2.6789 1 2 30.562
2.6805 1 2 31.0028
2.6821 1 2 30.5221
2.6837 1 2 30.6062
2.6853 1 2 30.4984
2.6869 1 2 30.7489
2.6885 1 2 30.5603
2.6901 1 2 30.45
2.6917 1 2 30.5106
2.6933 1 2 30.5148
2.6949 1 2 31.1873
2.6965 1 2 30.5042
2.6981 1 2 31.5771
2.6997 1 2 31.088
2.7013 1 2 30.8718
2.7029 1 2 30.779
2.7045 1 2 30.3701
2.7061 1 2 30.8866
2.7077 1 2 31.1567
2.7093 1 2 31.3075
2.7109 1 2 31.7187
2.7125 1 2 32.2455
2.7141 1 2 31.6954
2.7157 1 2 31.4058
2.7173 1 2 31.4313
2.7189 1 2 30.8757
2.7205 1 2 30.7063
2.7221 1 2 31.212
2.7237 1 2 31.4222
2.7253 1 2 31.4766
2.7269 1 2 31.379
2.7285 1 2 30.9904
2.7301 1 2 30.4037
2.7317 1 2 29.8583
2.7333 1 2 30.1872
2.7349 1 2 30.2419
2.7365 1 2 30.0141
2.7381 1 2 30.3035
2.7397 1 2 30.0864
2.7413 1 2 29.8959
2.7429 1 2 30.1225
2.7445 1 2 29.923
2.7461 1 2 30.1965
2.7477 1 2 30.1359
2.7493 1 2 29.8306
2.7509 1 2 29.3577
2.7525 1 2 29.2766
2.7541 1 2 29.718
2.7557 1 2 29.7582
2.7573 1 2 29.3883
2.7589 1 2 29.3177
2.7605 1 2 28.9981
2.7621 1 2 28.5135
2.7637 1 2 28.8029
2.7653 1 2 28.7775
2.7669 1 2 28.7296
2.7685 1 2 28.0424
2.7701 1 2 28.1438
2.7717 1 2 28.224
2.7733 1 2 28.3558
2.7749 1 2 28.456
2.7765 1 2 28.6536
2.7781 1 2 28.7538
2.7797 1 2 28.6726
2.7813 1 2 28.7029
2.7829 1 2 28.6163
2.7845 1 2 28.414
2.7861 1 2 28.1247
2.7877 1 2 28.3792
2.7893 1 2 28.8593
2.7909 1 2 28.8101
2.7925 1 2 28.9203
2.7941 1 2 28.9451
2.7957 1 2 29.3946
2.7973 1 2 29.4947
2.7989 1 2 29.6717
2.8005 1 2 29.2801
2.8021 1 2 29.7346
2.8037 1 2 30.0578
2.8053 1 2 30.0183
2.8069 1 2 30.1956
2.8085 1 2 29.9893
2.8101 1 2 30.255
2.8117 1 2 29.8581
2.8133 1 2 29.2418
2.8149 1 2 29.4209
2.8165 1 2 29.2413
2.8181 1 2 29.3704
2.8197 1 2 30.3056
2.8213 1 2 30.1329
2.8229 1 2 30.3877
2.8245 1 2 30.1073
2.8261 1 2 30.5845
2.8277 1 2 30.9092
2.8293 1 2 30.4547
2.8309 1 2 30.1724
2.8325 1 2 30.7157
2.8341 1 2 30.4272
2.8357 1 2 29.9935
2.8373 1 2 29.5203
2.8389 1 2 30.1776
2.8405 1 2 30.5017
2.8421 1 2 30.6977
2.8437 1 2 30.711
2.8453 1 2 30.4769
2.8469 1 2 30.7415
2.8485 1 2 30.4048
2.8501 1 2 30.4525
2.8517 1 2 30.711
2.8533 1 2 30.5242
2.8549 1 2 30.6522
2.8565 1 2 31.2296
2.8581 1 2 31.224
2.8597 1 2 30.6694
2.8613 1 2 30.62
2.8629 1 2 30.4235
2.8645 1 2 30.6839
2.8661 1 2 31.0778
2.8677 1 2 30.8986
2.8693 1 2 30.3404
2.8709 1 2 30.4772
2.8725 1 2 30.2052
2.8741 1 2 29.8649
2.8757 1 2 29.8369
2.8773 1 2 29.8957
2.8789 1 2 29.9264
2.8805 1 2 30.0073
2.8821 1 2 29.4746
2.8837 1 2 29.7984
2.8853 1 2 30.017
2.8869 1 2 29.4138
2.8885 1 2 29.2835
2.8901 1 2 28.9154
2.8917 1 2 28.4997
2.8933 1 2 28.4773
2.8949 1 2 28.691
2.8965 1 2 28.7008
2.8981 1 2 28.7407
2.8997 1 2 28.4659
2.9013 1 2 28.149
2.9029 1 2 27.4998
2.9045 1 2 27.7851
2.9061 1 2 28.1377
2.9077 1 2 28.7459
2.9093 1 2 28.9603
2.9109 1 2 28.5166
2.9125 1 2 28.5213
2.9141 1 2 28.9646
2.9157 1 2 28.88
2.9173 1 2 28.5314
2.9189 1 2 28.467
2.9205 1 2 29.0453
2.9221 1 2 29.1982
2.9237 1 2 28.9203
2.9253 1 2 29.6491
2.9269 1 2 29.6534
2.9285 1 2 28.6428
2.9301 1 2 29.4597
2.9317 1 2 28.8938
2.9333 1 2 28.9428
2.9349 1 2 28.9609
2.9365 1 2 28.9659
2.9381 1 2 28.8072
2.9397 1 2 28.2677
2.9413 1 2 27.8651
2.9429 1 2 27.3915
2.9445 1 2 26.9797
2.9461 1 2 26.92
2.9477 1 2 26.876
2.9493 1 2 26.9446
2.9509 1 2 27.3796
2.9525 1 2 27.212
2.9541 1 2 26.5484
2.9557 1 2 26.5808
2.9573 1 2 26.2842
2.9589 1 2 26.3655
2.9605 1 2 27.1358
2.9621 1 2 26.4758
2.9637 1 2 26.3882
2.9653 1 2 26.4415
2.9669 1 2 26.066
2.9685 1 2 26.0908
2.9701 1 2 25.5222
2.9717 1 2 25.5371
2.9733 1 2 25.3667
2.9749 1 2 25.3495
2.9765 1 2 25.1684
2.9781 1 2 24.9875
2.9797 1 2 25.4471
2.9813 1 2 25.3909
2.9829 1 2 24.3789
2.9845 1 2 24.6405
2.9861 1 2 24.6693
2.9877 1 2 24.8914
2.9893 1 2 24.3436
2.9909 1 2 24.0956
2.9925 1 2 24.3591
2.9941 1 2 24.2345
2.9957 1 2 24.4727
2.9973 1 2 24.3187
2.9989 1 2 24.8508
3.0005 1 2 24.6123
3.0021 1 2 24.6132
3.0037 1 2 24.1471
3.0053 1 2 24.159
3.0069 1 2 23.9483
3.0085 1 2 23.5522
3.0101 1 2 23.6086
3.0117 1 2 23.1509
3.0133 1 2 22.8598
3.0149 1 2 22.475
3.0165 1 2 22.2891
3.0181 1 2 22.4489
3.0197 1 2 22.6628
3.0213 1 2 22.9026
3.0229 1 2 22.7389
3.0245 1 2 22.8611
3.0261 1 2 23.5361
3.0277 1 2 23.8224
3.0293 1 2 23.2866
3.0309 1 2 23.1376
3.0325 1 2 23.5782
3.0341 1 2 23.4545
3.0357 1 2 23.5704
3.0373 1 2 23.3947
3.0389 1 2 23.9746
3.0405 1 2 24.4087
3.0421 1 2 24.4181
3.0437 1 2 24.295
3.0453 1 2 24.8425
3.0469 1 2 24.9512
3.0485 1 2 24.5464
3.0501 1 2 24.4409
3.0517 1 2 24.4848
3.0533 1 2 24.1649
3.0549 1 2 24.8436
3.0565 1 2 25.0176
3.0581 1 2 24.7518
3.0597 1 2 25.117
3.0613 1 2 24.7776
3.0629 1 2 24.4757
3.0645 1 2 24.9381
3.0661 1 2 25.1693
3.0677 1 2 25.3443
3.0693 1 2 26.077
3.0709 1 2 26.197
3.0725 1 2 26.0071
3.0741 1 2 25.8705
3.0757 1 2 26.1661
3.0773 1 2 26.0512
3.0789 1 2 25.7373
3.0805 1 2 26.0551
3.0821 1 2 26.4812
3.0837 1 2 26.6954
3.0853 1 2 26.4372
3.0869 1 2 26.362
3.0885 1 2 26.601
3.0901 1 2 26.5035
3.0917 1 2 26.7707
3.0933 1 2 26.9553
3.0949 1 2 27.1959
3.0965 1 2 27.0608
3.0981 1 2 27.5721
3.0997 1 2 27.6448
3.1013 1 2 27.4127
3.1029 1 2 27.179
3.1045 1 2 27.389
3.1061 1 2 27.7631
3.1077 1 2 27.8228
3.1093 1 2 27.8924
3.1109 1 2 27.7133
3.1125 1 2 28.3247
3.1141 1 2 27.9685
3.1157 1 2 27.9924
3.1173 1 2 27.5798
3.1189 1 2 27.5161
3.1205 1 2 27.5994
3.1221 1 2 28.0029
3.1237 1 2 28.268
3.1253 1 2 28.3527
3.1269 1 2 28.5522
3.1285 1 2 28.3268
3.1301 1 2 28.7776
3.1317 1 2 28.1693
3.1333 1 2 29.0071
3.1349 1 2 28.3605
3.1365 1 2 27.5435
3.1381 1 2 27.804
3.1397 1 2 28.1283
3.1413 1 2 27.7383
3.1429 1 2 27.1492
3.1445 1 2 26.9965
3.1461 1 2 27.7006
3.1477 1 2 26.8855
3.1493 1 2 26.6955
3.1509 1 2 26.8751
3.1525 1 2 27.0114
3.1541 1 2 26.4931
3.1557 1 2 25.8561
3.1573 1 2 26.0214
3.1589 1 2 26.2796
3.1605 1 2 25.5808
3.1621 1 2 25.1101
3.1637 1 2 25.2679
3.1653 1 2 24.9529
3.1669 1 2 24.8577
3.1685 1 2 24.2771
3.1701 1 2 25.3091
3.1717 1 2 25.7553
3.1733 1 2 25.4694
3.1749 1 2 25.8133
3.1765 1 2 25.1673
3.1781 1 2 25.843
3.1797 1 2 26.1056
3.1813 1 2 26.4434
3.1829 1 2 26.5046
3.1845 1 2 27.0248
3.1861 1 2 27.0959
3.1877 1 2 27.0667
3.1893 1 2 26.503
3.1909 1 2 26.704
3.1925 1 2 26.0895
3.1941 1 2 26.4421
3.1957 1 2 26.007
3.1973 1 2 26.3525
3.1989 1 2 26.6544
3.2005 1 2 26.3503
3.2021 1 2 26.3767
3.2037 1 2 25.9482
3.2053 1 2 26.4814
3.2069 1 2 26.058
3.2085 1 2 25.9161
3.2101 1 2 25.5127
3.2117 1 2 25.237
3.2133 1 2 24.7728
3.2149 1 2 24.5026
3.2165 1 2 24.3273
3.2181 1 2 24.3858
3.2197 1 2 24.7438
3.2213 1 2 24.6943
3.2229 1 2 24.2789
3.2245 1 2 24.585
3.2261 1 2 24.1957
3.2277 1 2 24.0275
3.2293 1 2 24.29
3.2309 1 2 24.8855
3.2325 1 2 25.0641
3.2341 1 2 25.4106
3.2357 1 2 24.7721
3.2373 1 2 25.0628
3.2389 1 2 24.7532
3.2405 1 2 24.8678
3.2421 1 2 24.386
3.2437 1 2 24.3218
3.2453 1 2 24.3848
3.2469 1 2 25.1663
3.2485 1 2 24.8642
3.2501 1 2 24.7486
3.2517 1 2 24.8148
3.2533 1 2 25.0475
3.2549 1 2 25.2765
3.2565 1 2 25.1623
3.2581 1 2 25.2067
3.2597 1 2 25.296
3.2613 1 2 25.2724
3.2629 1 2 25.2989
3.2645 1 2 25.2943
3.2661 1 2 26.0797
3.2677 1 2 26.7266
3.2693 1 2 27.1339
3.2709 1 2 27.8156
3.2725 1 2 27.3208
3.2741 1 2 26.7673
3.2757 1 2 26.7456
3.2773 1 2 26.4825
3.2789 1 2 27.3457
3.2805 1 2 26.8726
3.2821 1 2 27.0037
3.2837 1 2 27.6272
3.2853 1 2 27.9515
3.2869 1 2 27.6919
3.2885 1 2 27.6749
3.2901 1 2 27.6462
3.2917 1 2 27.7276
3.2933 1 2 28.0559
3.2949 1 2 28.3766
3.2965 1 2 28.346
3.2981 1 2 28.2374
3.2997 1 2 28.2795
3.3013 1 2 28.3953
3.3029 1 2 27.8097
3.3045 1 2 27.7761
3.3061 1 2 27.4348
3.3077 1 2 27.3712
3.3093 1 2 27.9362
3.3109 1 2 28.0974
3.3125 1 2 27.6587
3.3141 1 2 27.7001
3.3157 1 2 27.6955
3.3173 1 2 27.2925
3.3189 1 2 27.4981
3.3205 1 2 27.791
3.3221 1 2 28.0467
3.3237 1 2 28.3014
3.3253 1 2 27.0388
3.3269 1 2 27.469
3.3285 1 2 27.7945
3.3301 1 2 27.7143
3.3317 1 2 27.3555
3.3333 1 2 27.1737
3.3349 1 2 27.5416
3.3365 1 2 27.2704
3.3381 1 2 27.8932
3.3397 1 2 28.0919
3.3413 1 2 28.5048
3.3429 1 2 28.6615
3.3445 1 2 28.6767
3.3461 1 2 29.4232
3.3477 1 2 28.6902
3.3493 1 2 28.0967
3.3509 1 2 28.017
3.3525 1 2 28.0685
3.3541 1 2 28.3056
3.3557 1 2 28.2942
3.3573 1 2 29.2978
3.3589 1 2 29.4099
3.3605 1 2 29.877
3.3621 1 2 30.1026
3.3637 1 2 30.5467
3.3653 1 2 30.7085
3.3669 1 2 31.8957
3.3685 1 2 32.9178
3.3701 1 2 33.1092
3.3717 1 2 33.1966
3.3733 1 2 32.399
3.3749 1 2 31.5532
3.3765 1 2 31.3949
3.3781 1 2 31.3722
3.3797 1 2 31.4011
3.3813 1 2 30.9996
3.3829 1 2 31.1458
3.3845 1 2 30.4818
3.3861 1 2 30.0242
3.3877 1 2 29.9836
3.3893 1 2 29.732
3.3909 1 2 29.4435
3.3925 1 2 29.7195
3.3941 1 2 29.8349
3.3957 1 2 29.9604
3.3973 1 2 30.628
3.3989 1 2 30.2516
3.4005 1 2 30.4984
3.4021 1 2 30.2897
3.4037 1 2 29.9392
3.4053 1 2 30.2861
3.4069 1 2 30.4717
3.4085 1 2 30.0155
3.4101 1 2 30.0145
3.4117 1 2 29.3359
3.4133 1 2 29.1534
3.4149 1 2 29.1336
3.4165 1 2 29.1249
3.4181 1 2 29.6175
3.4197 1 2 29.048
3.4213 1 2 29.2547
3.4229 1 2 29.1147
3.4245 1 2 28.816
3.4261 1 2 28.5759
3.4277 1 2 28.9807
3.4293 1 2 29.2234
3.4309 1 2 29.3494
3.4325 1 2 28.6882
3.4341 1 2 29.5811
3.4357 1 2 30.0547
3.4373 1 2 30.0033
3.4389 1 2 30.1224
3.4405 1 2 30.175
3.4421 1 2 30.56
3.4437 1 2 30.0006
3.4453 1 2 29.6089
3.4469 1 2 29.3448
3.4485 1 2 29.3907
3.4501 1 2 29.5903
3.4517 1 2 29.0188
3.4533 1 2 29.0219
3.4549 1 2 28.5465
3.4565 1 2 28.4574
3.4581 1 2 28.6491
3.4597 1 2 28.4557
3.4613 1 2 27.9858
3.4629 1 2 27.9773
3.4645 1 2 27.231
3.4661 1 2 26.6163
3.4677 1 2 26.8708
3.4693 1 2 27.3195
3.4709 1 2 26.7638
3.4725 1 2 27.1913
3.4741 1 2 27.8614
3.4757 1 2 27.6886
3.4773 1 2 27.5417
3.4789 1 2 26.9592
3.4805 1 2 27.3371
3.4821 1 2 27.2049
3.4837 1 2 27.3888
3.4853 1 2 27.7368
3.4869 1 2 28.0863
3.4885 1 2 28.4813
3.4901 1 2 28.8462
3.4917 1 2 29.3666
3.4933 1 2 29.3337
3.4949 1 2 29.1844
3.4965 1 2 29.0183
3.4981 1 2 29.0974
3.4997 1 2 29.2249
3.5013 1 2 29.0059
3.5029 1 2 29.1263
3.5045 1 2 29.0405
3.5061 1 2 28.5698
3.5077 1 2 28.8813
3.5093 1 2 28.646
3.5109 1 2 28.994
3.5125 1 2 29.2427
3.5141 1 2 29.4333
3.5157 1 2 29.3766
3.5173 1 2 29.1788
3.5189 1 2 29.8087
3.5205 1 2 29.954
3.5221 1 2 29.5398
3.5237 1 2 29.4296
3.5253 1 2 29.1694
3.5269 1 2 29.4014
3.5285 1 2 29.1425
3.5301 1 2 29.135
3.5317 1 2 28.7229
3.5333 1 2 28.7206
3.5349 1 2 28.5095
3.5365 1 2 28.3674
3.5381 1 2 28.5599
3.5397 1 2 28.3091
3.5413 1 2 28.7032
3.5429 1 2 29.1906
3.5445 1 2 28.9364
3.5461 1 2 28.6579
3.5477 1 2 28.3654
3.5493 1 2 28.7195
3.5509 1 2 28.0512
3.5525 1 2 27.9826
3.5541 1 2 29.2413
3.5557 1 2 28.585
3.5573 1 2 28.1725
3.5589 1 2 29.2103
3.5605 1 2 29.7983
3.5621 1 2 30.0111
3.5637 1 2 29.5026
3.5653 1 2 29.5785
3.5669 1 2 28.7513
3.5685 1 2 28.3462
3.5701 1 2 28.4298
3.5717 1 2 28.6043
3.5733 1 2 27.9438
3.5749 1 2 27.3334
3.5765 1 2 27.2632
3.5781 1 2 27.4009
3.5797 1 2 27.1034
3.5813 1 2 27.5748
3.5829 1 2 27.9783
3.5845 1 2 28.3201
3.5861 1 2 28.3329
3.5877 1 2 27.7784
3.5893 1 2 27.5866
3.5909 1 2 27.3095
3.5925 1 2 27.2001
3.5941 1 2 27.5358
3.5957 1 2 28.1611
3.5973 1 2 28.3452
3.5989 1 2 28.2274
3.6005 1 2 27.438
3.6021 1 2 27.1157
3.6037 1 2 27.0243
3.6053 1 2 26.6812
3.6069 1 2 26.7369
3.6085 1 2 27.3624
3.6101 1 2 26.854
3.6117 1 2 26.7724
3.6133 1 2 26.4696
3.6149 1 2 26.1726
3.6165 1 2 26.1452
3.6181 1 2 26.2518
3.6197 1 2 25.7561
3.6213 1 2 26.1577
3.6229 1 2 26.1129
3.6245 1 2 25.9612
3.6261 1 2 26.3791
3.6277 1 2 26.7257
3.6293 1 2 27.3906
3.6309 1 2 27.0123
3.6325 1 2 26.8535
3.6341 1 2 27.512
3.6357 1 2 27.6034
3.6373 1 2 28.1337
3.6389 1 2 28.3634
3.6405 1 2 28.3239
3.6421 1 2 27.8557
3.6437 1 2 27.4629
3.6453 1 2 26.8569
3.6469 1 2 27.3549
3.6485 1 2 27.2067
3.6501 1 2 27.3539
3.6517 1 2 26.7366
3.6533 1 2 26.236
3.6549 1 2 25.5673
3.6565 1 2 25.0299
3.6581 1 2 24.8686
3.6597 1 2 25.4118
3.6613 1 2 25.6877
3.6629 1 2 25.5127
3.6645 1 2 26.1477
3.6661 1 2 26.0764
3.6677 1 2 25.3367
3.6693 1 2 25.4732
3.6709 1 2 26.0158
3.6725 1 2 26.1833
3.6741 1 2 26.3964
3.6757 1 2 26.6168
3.6773 1 2 26.5938
3.6789 1 2 26.5757
3.6805 1 2 26
3.6821 1 2 25.5697
3.6837 1 2 24.9778
3.6853 1 2 25.2058
3.6869 1 2 25.7708
3.6885 1 2 26.0044
3.6901 1 2 26.6599
3.6917 1 2 26.3513
3.6933 1 2 26.7542
3.6949 1 2 26.6983
3.6965 1 2 26.8522
3.6981 1 2 27.0685
3.6997 1 2 26.2018
3.7013 1 2 26.3319
3.7029 1 2 26.535
3.7045 1 2 26.402
3.7061 1 2 26.342
3.7077 1 2 26.0689
3.7093 1 2 26.6563
3.7109 1 2 27.2368
3.7125 1 2 26.5936
3.7141 1 2 26.7877
3.7157 1 2 27.1698
3.7173 1 2 26.887
3.7189 1 2 26.8184
3.7205 1 2 27.2574
3.7221 1 2 26.8891
3.7237 1 2 26.6147
3.7253 1 2 26.7643
3.7269 1 2 27.1651
3.7285 1 2 27.1938
3.7301 1 2 27.0109
3.7317 1 2 26.5628
3.7333 1 2 27.0242
3.7349 1 2 27.1837
3.7365 1 2 27.4019
3.7381 1 2 27.3242
3.7397 1 2 27.4841
3.7413 1 2 27.7851
3.7429 1 2 27.622
3.7445 1 2 27.3224
3.7461 1 2 27.7678
3.7477 1 2 27.6386
3.7493 1 2 27.7732
3.7509 1 2 28.376
3.7525 1 2 29.0716
3.7541 1 2 28.6374
3.7557 1 2 28.5086
3.7573 1 2 28.3586
3.7589 1 2 29.0219
3.7605 1 2 28.8203
3.7621 1 2 28.4761
3.7637 1 2 28.6417
3.7653 1 2 28.7406
3.7669 1 2 28.329
3.7685 1 2 28.1674
3.7701 1 2 28.2116
3.7717 1 2 28.8516
3.7733 1 2 28.3028
3.7749 1 2 28.2566
3.7765 1 2 27.9433
3.7781 1 2 27.3285
3.7797 1 2 27.5636
3.7813 1 2 27.4143
3.7829 1 2 27.4532
3.7845 1 2 27.7959
3.7861 1 2 28.0629
3.7877 1 2 27.8339
3.7893 1 2 28.1324
3.7909 1 2 28.297
3.7925 1 2 28.5313
3.7941 1 2 28.267
3.7957 1 2 28.0326
3.7973 1 2 27.8334
3.7989 1 2 27.7924
3.8005 1 2 27.2924
3.8021 1 2 27.5193
3.8037 1 2 27.7717
3.8053 1 2 27.5461
3.8069 1 2 27.5398
3.8085 1 2 27.5513
3.8101 1 2 27.5138
3.8117 1 2 28.4283
3.8133 1 2 27.989
3.8149 1 2 28.413
3.8165 1 2 29.4283
3.8181 1 2 29.3262
3.8197 1 2 29.6009
3.8213 1 2 30.1929
3.8229 1 2 30.5136
3.8245 1 2 30.339
3.8261 1 2 30.6744
3.8277 1 2 30.7449
3.8293 1 2 30.0759
3.8309 1 2 30.1467
3.8325 1 2 30.2259
3.8341 1 2 30.3382
3.8357 1 2 29.8039
3.8373 1 2 29.6308
3.8389 1 2 29.2674
3.8405 1 2 29.1771
3.8421 1 2 29.1306
3.8437 1 2 29.2307
3.8453 1 2 29.381
3.8469 1 2 29.308
3.8485 1 2 29.1741
3.8501 1 2 28.7878
3.8517 1 2 28.8048
3.8533 1 2 28.6518
3.8549 1 2 28.7496
3.8565 1 2 28.4089
3.8581 1 2 28.6917
3.8597 1 2 28.9339
3.8613 1 2 29.2513
3.8629 1 2 29.594
3.8645 1 2 29.5063
3.8661 1 2 29.5913
3.8677 1 2 29.7908
3.8693 1 2 30.0641
3.8709 1 2 29.9588
3.8725 1 2 30.0796
3.8741 1 2 29.8039
3.8757 1 2 30.4813
3.8773 1 2 30.6735
3.8789 1 2 30.9502
3.8805 1 2 30.8805
3.8821 1 2 31.3027
3.8837 1 2 31.3209
3.8853 1 2 31.6122
3.8869 1 2 31.1138
3.8885 1 2 30.754
3.8901 1 2 31.0796
3.8917 1 2 30.4124
3.8933 1 2 30.2836
3.8949 1 2 31.0204
3.8965 1 2 31.4747
3.8981 1 2 31.3892
3.8997 1 2 31.0136
3.9013 1 2 31.0261
3.9029 1 2 31.6564
3.9045 1 2 31.8939
3.9061 1 2 31.7922
3.9077 1 2 31.676
3.9093 1 2 31.5866
3.9109 1 2 31.5328
3.9125 1 2 31.0181
3.9141 1 2 31.0379
3.9157 1 2 31.8231
3.9173 1 2 31.9031
3.9189 1 2 31.5042
3.9205 1 2 31.7921
3.9221 1 2 31.8089
3.9237 1 2 31.3627
3.9253 1 2 30.7438
3.9269 1 2 30.6496
3.9285 1 2 30.0466
3.9301 1 2 30.0491
3.9317 1 2 29.7414
3.9333 1 2 29.2709
3.9349 1 2 29.2943
3.9365 1 2 28.8091
3.9381 1 2 28.3115
3.9397 1 2 28.8083
3.9413 1 2 28.9651
3.9429 1 2 29.11
3.9445 1 2 28.6141
3.9461 1 2 28.7374
3.9477 1 2 28.8086
3.9493 1 2 28.2865
3.9509 1 2 28.3532
3.9525 1 2 28.4691
3.9541 1 2 28.3128
3.9557 1 2 28.494
3.9573 1 2 28.5346
3.9589 1 2 29.028
3.9605 1 2 29.0323
3.9621 1 2 29.4365
3.9637 1 2 29.4673
3.9653 1 2 29.4718
3.9669 1 2 30.0936
3.9685 1 2 30.3409
3.9701 1 2 30.2667
3.9717 1 2 31.2522
3.9733 1 2 31.7869
3.9749 1 2 31.6153
3.9765 1 2 32.2529
3.9781 1 2 31.9116
3.9797 1 2 32.4637
3.9813 1 2 32.4695
3.9829 1 2 32.9645
3.9845 1 2 32.838
3.9861 1 2 32.5617
3.9877 1 2 32.9719
3.9893 1 2 32.8907
3.9909 1 2 32.588
3.9925 1 2 32.8744
3.9941 1 2 32.8483
3.9957 1 2 32.4023
3.9973 1 2 32.0968
3.9989 1 2 32.4768
4.0005 1 2 32.3911
4.0021 1 2 32.4472
4.0037 1 2 32.7322
4.0053 1 2 32.5795
4.0069 1 2 32.6954
4.0085 1 2 33.1789
4.0101 1 2 33.0295
4.0117 1 2 32.8665
4.0133 1 2 33.4381
4.0149 1 2 33.7385
4.0165 1 2 33.944
4.0181 1 2 32.8726
4.0197 1 2 32.1822
4.0213 1 2 32.5704
4.0229 1 2 32.3916
4.0245 1 2 32.8679
4.0261 1 2 31.9722
4.0277 1 2 31.9041
4.0293 1 2 32.0274
4.0309 1 2 32.3546
4.0325 1 2 32.8525
4.0341 1 2 33.1783
4.0357 1 2 33.1382
4.0373 1 2 32.9655
4.0389 1 2 32.7953
4.0405 1 2 32.4945
4.0421 1 2 32.2107
4.0437 1 2 31.9514
4.0453 1 2 32.2016
4.0469 1 2 31.4759
4.0485 1 2 31.3183
4.0501 1 2 31.6218
4.0517 1 2 31.1794
4.0533 1 2 31.0579
4.0549 1 2 30.6926
4.0565 1 2 30.5689
4.0581 1 2 30.6815
4.0597 1 2 30.0023
4.0613 1 2 30.3186
4.0629 1 2 30.672
4.0645 1 2 30.874
4.0661 1 2 30.5137
4.0677 1 2 30.1149
4.0693 1 2 30.3516
4.0709 1 2 30.2564
4.0725 1 2 30.3745
4.0741 1 2 30.5951
4.0757 1 2 31.4991
4.0773 1 2 31.4137
4.0789 1 2 31.7197
4.0805 1 2 31.7692
4.0821 1 2 31.6433
4.0837 1 2 31.8868
4.0853 1 2 31.8995
4.0869 1 2 31.6936
4.0885 1 2 31.536
4.0901 1 2 32.2923
4.0917 1 2 32.65
4.0933 1 2 32.1465
4.0949 1 2 32.2904
4.0965 1 2 32.5158
4.0981 1 2 31.986
4.0997 1 2 31.5879
4.1013 1 2 30.5053
4.1029 1 2 30.0243
4.1045 1 2 29.5425
4.1061 1 2 29.8262
4.1077 1 2 29.8045
4.1093 1 2 29.7334
4.1109 1 2 30.4409
4.1125 1 2 30.479
4.1141 1 2 30.8559
4.1157 1 2 31.8153
4.1173 1 2 31.3133
4.1189 1 2 30.9367
4.1205 1 2 30.7293
4.1221 1 2 30.1327
4.1237 1 2 30.3906
4.1253 1 2 30.5757
4.1269 1 2 30.0904
4.1285 1 2 30.1044
4.1301 1 2 30.0955
4.1317 1 2 30.4866
4.1333 1 2 30.0811
4.1349 1 2 29.5001
4.1365 1 2 28.9062
4.1381 1 2 28.5049
4.1397 1 2 28.4615
4.1413 1 2 28.5191
4.1429 1 2 28.6656
4.1445 1 2 28.3477
4.1461 1 2 28.1558
4.1477 1 2 28.0611
4.1493 1 2 28.4571
4.1509 1 2 27.9596
4.1525 1 2 28.6578
4.1541 1 2 28.553
4.1557 1 2 28.8921
4.1573 1 2 28.9762
4.1589 1 2 29.2341
4.1605 1 2 29.9185
4.1621 1 2 29.8254
4.1637 1 2 29.9071
4.1653 1 2 30.173
4.1669 1 2 29.5368
4.1685 1 2 30.0252
4.1701 1 2 29.9809
4.1717 1 2 30.804
4.1733 1 2 30.366
4.1749 1 2 29.6415
4.1765 1 2 30.1808
4.1781 1 2 30.3531
4.1797 1 2 30.9947
4.1813 1 2 31.4246
4.1829 1 2 31.7127
4.1845 1 2 31.7925
4.1861 1 2 31.5079
4.1877 1 2 31.5166
4.1893 1 2 31.9299
4.1909 1 2 31.3452
4.1925 1 2 31.4062
4.1941 1 2 31.5606
4.1957 1 2 30.7908
4.1973 1 2 30.27
4.1989 1 2 30.7115
4.2005 1 2 30.1546
4.2021 1 2 29.7215
4.2037 1 2 30.4425
4.2053 1 2 30.0547
4.2069 1 2 29.8103
4.2085 1 2 29.7487
4.2101 1 2 29.2259
4.2117 1 2 29.3204
4.2133 1 2 29.3565
4.2149 1 2 29.2157
4.2165 1 2 28.6286
4.2181 1 2 28.1159
4.2197 1 2 27.9497
4.2213 1 2 27.7027
4.2229 1 2 27.4819
4.2245 1 2 27.9574
4.2261 1 2 28.4028
4.2277 1 2 28.4011
4.2293 1 2 28.4397
4.2309 1 2 28.2013
4.2325 1 2 28.5886
4.2341 1 2 29.0173
4.2357 1 2 28.2976
4.2373 1 2 27.8822
4.2389 1 2 27.8972
4.2405 1 2 28.5901
4.2421 1 2 28.3353
4.2437 1 2 28
4.2453 1 2 27.6403
4.2469 1 2 27.8321
4.2485 1 2 28.3313
4.2501 1 2 28.4119
4.2517 1 2 28.1386
4.2533 1 2 27.7869
4.2549 1 2 27.8256
4.2565 1 2 28.117
4.2581 1 2 28.0909
4.2597 1 2 27.5108
4.2613 1 2 27.2745
4.2629 1 2 27.1375
4.2645 1 2 27.7819
4.2661 1 2 27.5679
4.2677 1 2 28.3714
4.2693 1 2 28.5119
4.2709 1 2 28.4688
4.2725 1 2 28.7768
4.2741 1 2 28.813
4.2757 1 2 29.2275
4.2773 1 2 29.1847
4.2789 1 2 29.4221
4.2805 1 2 30.3235
4.2821 1 2 29.9104
4.2837 1 2 29.6943
4.2853 1 2 30.0384
4.2869 1 2 29.7632
4.2885 1 2 29.1473
4.2901 1 2 28.591
4.2917 1 2 28.4017
4.2933 1 2 28.6231
4.2949 1 2 28.1416
4.2965 1 2 28.685
4.2981 1 2 28.2912
4.2997 1 2 28.9617
4.3013 1 2 29.2063
4.3029 1 2 29.1241
4.3045 1 2 28.3771
4.3061 1 2 29.1348
4.3077 1 2 29.4474
4.3093 1 2 29.6367
4.3109 1 2 30.1956
4.3125 1 2 30.0037
4.3141 1 2 30.0928
4.3157 1 2 30.1265
4.3173 1 2 30.402
4.3189 1 2 30.1173
4.3205 1 2 29.8032
4.3221 1 2 30.2078
4.3237 1 2 30.0282
4.3253 1 2 30.4338
4.3269 1 2 30.5377
4.3285 1 2 30.7387
4.3301 1 2 30.6223
4.3317 1 2 31.1203
4.3333 1 2 31.2647
4.3349 1 2 31.4102
4.3365 1 2 31.6444
4.3381 1 2 31.8887
4.3397 1 2 32.6564
4.3413 1 2 31.8707
4.3429 1 2 31.911
4.3445 1 2 31.94
4.3461 1 2 31.4425
4.3477 1 2 30.8485
4.3493 1 2 30.8618
4.3509 1 2 31.2884
4.3525 1 2 32.0649
4.3541 1 2 32.1628
4.3557 1 2 32.305
4.3573 1 2 32.4794
4.3589 1 2 32.0621
4.3605 1 2 31.8548
4.3621 1 2 31.208
4.3637 1 2 31.3293
4.3653 1 2 31.2912
4.3669 1 2 31.6397
4.3685 1 2 31.4192
4.3701 1 2 31.5158
4.3717 1 2 31.4707
4.3733 1 2 31.449
4.3749 1 2 32.1481
4.3765 1 2 32.361
4.3781 1 2 32.3637
4.3797 1 2 31.663
4.3813 1 2 32.1031
4.3829 1 2 32.1916
4.3845 1 2 32.0693
4.3861 1 2 32.1756
4.3877 1 2 32.5749
4.3893 1 2 32.1122
4.3909 1 2 31.6907
4.3925 1 2 31.71
4.3941 1 2 31.969
4.3957 1 2 32.4621
4.3973 1 2 31.8521
4.3989 1 2 31.49
4.4005 1 2 31.5246
4.4021 1 2 31.3205
4.4037 1 2 31.728
4.4053 1 2 31.1668
4.4069 1 2 31.1124
4.4085 1 2 31.2002
4.4101 1 2 31.2735
4.4117 1 2 31.6709
4.4133 1 2 31.7965
4.4149 1 2 30.9984
4.4165 1 2 30.6344
4.4181 1 2 30.8554
4.4197 1 2 31.4564
4.4213 1 2 31.2157
4.4229 1 2 31.2189
4.4245 1 2 31.2255
4.4261 1 2 31.0508
4.4277 1 2 30.9077
4.4293 1 2 30.5802
4.4309 1 2 30.6032
4.4325 1 2 30.169
4.4341 1 2 30.3989
4.4357 1 2 29.9847
4.4373 1 2 30.1663
4.4389 1 2 30.9265
4.4405 1 2 30.5932
4.4421 1 2 30.6233
4.4437 1 2 29.9754
4.4453 1 2 29.5298
4.4469 1 2 29.7125
4.4485 1 2 29.716
4.4501 1 2 29.7804
4.4517 1 2 30.1405
4.4533 1 2 30.6082
4.4549 1 2 30.931
4.4565 1 2 31.3391
4.4581 1 2 31.9915
4.4597 1 2 32.1511
4.4613 1 2 31.9566
4.4629 1 2 31.6518
4.4645 1 2 31.8498
4.4661 1 2 32.6812
4.4677 1 2 32.1621
4.4693 1 2 32.1243
4.4709 1 2 32.0886
4.4725 1 2 31.9393
4.4741 1 2 31.4752
4.4757 1 2 31.5515
4.4773 1 2 31.5781
4.4789 1 2 31.8272
4.4805 1 2 31.9598
4.4821 1 2 31.691
4.4837 1 2 31.2909
4.4853 1 2 31.6404
4.4869 1 2 31.485
4.4885 1 2 31.2823
4.4901 1 2 31.5021
4.4917 1 2 31.0597
4.4933 1 2 31.2521
4.4949 1 2 31.4416
4.4965 1 2 31.1644
4.4981 1 2 31.5482
4.4997 1 2 31.7176
