0.103808	1
0.103808	1201
1.10381	1
1.10381	1201
1.10781	2401
1.31171	3601
1.31171	4801
1.31581	6001
1.31581	7201
1.31971	8401
1.31971	9601
1.32361	10801
1.32361	12001
1.32361	13201
1.32751	14401
1.32751	15601
1.33141	16801
1.33141	18001
1.33531	19201
1.33531	20401
1.33531	21601
1.33921	22801
1.33921	24001
1.33921	25201
1.33921	26401
1.34311	27601
1.34311	28801
1.34311	30001
1.34311	31201
1.34701	32401
1.34701	33601
1.34701	34801
1.34701	36001
1.34701	37201
1.35091	38401
1.35091	39601
1.35091	40801
1.35091	42001
1.35481	43201
1.35481	44401
1.35481	45601
1.35481	46801
1.35871	48001
1.35871	49201
1.35871	50401
1.35871	51601
1.36261	52801
1.36261	54001
1.36261	55201
1.36261	56401
1.36261	57601
1.36651	58801
1.36651	60001
1.36651	61201
1.36651	62401
1.36651	63601
1.36651	64801
1.37041	66001
1.37041	67201
1.37041	68401
1.37041	69601
1.37041	70801
1.37041	72001
1.37431	73201
1.37431	74401
1.37431	75601
1.37431	76801
1.37431	78001
1.37431	79201
1.37821	80401
1.37821	81601
1.37821	82801
1.37821	84001
1.37821	85201
1.37821	86401
1.37821	87601
1.38211	88801
1.38211	90001
1.38211	91201
1.38211	92401
1.38211	93601
1.38211	94801
1.38601	96001
1.38601	97201
1.38601	98401
1.38601	99601
1.38601	100801
1.38601	102001
1.38991	103201
1.38991	104401
1.38991	105601
1.38991	106801
1.38991	108001
1.38991	109201
1.39381	110401
1.39381	111601
1.39381	112801
1.39381	114001
1.39381	115201
1.39381	116401
1.39771	117601
1.39771	118801
1.39771	120001
1.39771	121201
1.39771	122401
1.39771	123601
1.40161	124801
1.40161	126001
1.40161	127201
1.40161	128401
1.40161	129601
1.40161	130801
1.40551	132001
1.40551	133201
1.40551	134401
1.40551	135601
1.40551	136801
1.40551	138001
1.40941	139201
1.40941	140401
1.40941	141601
1.40941	142801
1.40941	144001
1.40941	145201
1.41331	146401
1.41331	147601
1.41331	148801
1.41331	150001
1.41331	151201
1.41331	152401
1.41721	153601
1.41721	154801
1.41721	156001
1.41721	157201
1.41721	158401
1.41721	159601
1.42111	160801
1.42111	162001
1.42111	163201
1.42111	164401
1.42111	165601
1.42111	166801
1.42501	168001
1.42501	169201
1.42501	170401
1.42501	171601
1.42501	172801
1.42501	174001
1.42891	175201
1.42891	176401
1.42891	177601
1.42891	178801
1.42891	180001
1.42891	181201
1.43281	182401
1.43281	183601
1.43281	184801
1.43281	186001
1.43281	187201
1.43281	188401
1.43671	189601
1.43671	190801
1.43671	192001
1.43671	193201
1.43671	194401
1.43671	195601
1.44061	196801
1.44061	198001
1.44061	199201
1.44061	200401
1.44061	201601
1.44061	202801
1.44451	204001
1.44451	205201
1.44451	206401
1.44451	207601
1.44451	208801
1.44451	210001
1.44841	211201
1.44841	212401
1.44841	213601
1.44841	214801
1.44841	216001
1.44841	217201
1.45231	218401
1.45231	219601
1.45231	220801
1.45231	222001
1.45231	223201
1.45231	224401
1.45621	225601
1.45621	226801
1.45621	228001
1.45621	229201
1.45621	230401
1.45621	231601
1.46011	232801
1.46011	234001
1.46011	235201
1.46011	236401
1.46011	237601
1.46011	238801
1.46401	240001
1.46401	241201
1.46401	242401
1.46401	243601
1.46401	244801
1.46401	246001
1.46791	247201
1.46791	248401
1.46791	249601
1.46791	250801
1.46791	252001
1.46791	253201
1.47211	254401
1.47211	255601
1.47211	256801
1.47211	258001
1.47211	259201
1.47211	260401
1.47601	261601
1.47601	262801
1.47601	264001
1.47601	265201
1.47601	266401
1.47601	267601
1.48021	268801
1.48021	270001
1.48021	271201
1.48021	272401
1.48021	273601
1.48021	274801
1.48411	276001
1.48411	277201
1.48411	278401
1.48411	279601
1.48411	280801
1.48411	282001
1.48831	283201
1.48831	284401
1.48831	285601
1.48831	286801
1.48831	288001
1.48831	289201
1.49261	290401
1.49261	291601
1.49261	292801
1.49261	294001
1.49261	295201
1.49261	296401
1.49721	297601
1.49721	298801
1.49721	300001
1.49721	301201
1.49721	302401
1.49721	303601
1.50141	304801
1.50141	306001
1.50141	307201
1.50141	308401
1.50141	309601
1.50141	310801
1.50561	312001
1.50561	313201
1.50561	314401
1.50561	315601
1.50561	316801
1.50561	318001
1.50951	319201
1.50951	320401
1.50951	321601
1.50951	322801
1.50951	324001
1.50951	325201
1.51341	326401
1.51341	327601
1.51341	328801
1.51341	330001
1.51341	331201
1.51341	332401
1.51731	333601
1.51731	334801
1.51731	336001
1.51731	337201
1.51731	338401
1.51731	339601
1.52191	340801
1.52191	342001
1.52191	343201
1.52191	344401
1.52191	345601
1.52191	346801
1.52621	348001
1.52621	349201
1.52621	350401
1.52621	351601
1.52621	352801
1.52621	354001
1.53081	355201
1.53081	356401
1.53081	357601
1.53081	358801
1.53081	360001
1.53081	361201
1.53501	362401
1.53501	363601
1.53501	364801
1.53501	366001
1.53501	367201
1.53501	368401
1.53961	369601
1.53961	370801
1.53961	372001
1.53961	373201
1.53961	374401
1.53961	375601
1.54421	376801
1.54421	378001
1.54421	379201
1.54421	380401
1.54421	381601
1.54421	382801
1.54811	384001
1.54811	385201
1.54811	386401
1.54811	387601
1.54811	388801
1.54811	390001
1.55201	391201
1.55201	392401
1.55201	393601
1.55201	394801
1.55201	396001
1.55201	397201
1.55621	398401
1.55621	399601
1.55621	400801
1.55621	402001
1.55621	403201
1.55621	404401
1.56041	405601
1.56041	406801
1.56041	408001
1.56041	409201
1.56041	410401
1.56041	411601
1.56431	412801
1.56431	414001
1.56431	415201
1.56431	416401
1.56431	417601
1.56431	418801
1.56891	420001
1.56891	421201
1.56891	422401
1.56891	423601
1.56891	424801
1.56891	426001
1.57311	427201
1.57311	428401
1.57321	429601
1.57321	430801
1.57321	432001
1.57321	433201
1.57701	434401
1.57701	435601
1.57711	436801
1.57711	438001
1.57721	439201
1.57721	440401
1.58201	441601
1.58201	442801
1.58211	444001
1.58211	445201
1.58211	446401
1.58211	447601
1.591	448801
1.591	450001
1.591	451201
1.591	452401
1.591	453601
1.591	454801
1.6101	456001
1.6101	457201
1.6101	458401
1.6101	459601
1.6101	460801
1.6101	462001
1.6101	463201
1.61381	464401
1.61391	465601
1.61391	466801
1.61391	468001
1.61391	469201
1.61781	470401
1.61781	471601
1.61781	472801
1.61781	474001
1.61781	475201
1.62171	476401
1.62171	477601
1.62171	478801
1.62171	480001
1.62591	481201
1.62591	482401
1.62591	483601
1.62591	484801
1.62981	486001
1.62981	487201
1.62981	488401
1.62981	489601
1.63371	490801
1.63371	492001
1.63371	493201
1.63371	494401
1.63761	495601
1.63761	496801
1.63761	498001
1.63761	499201
1.63761	500401
1.64151	501601
1.64151	502801
1.64151	504001
1.64151	505201
1.64151	506401
1.64151	507601
1.64541	508801
1.64541	510001
1.64541	511201
1.64541	512401
1.64541	513601
1.64541	514801
1.64961	516001
1.64961	517201
1.64961	518401
1.64961	519601
1.64961	520801
1.64961	522001
1.65351	523201
1.65351	524401
1.65351	525601
1.65351	526801
1.65351	528001
1.65351	529201
1.65351	530401
1.65741	531601
1.65741	532801
1.65741	534001
1.65741	535201
1.65741	536401
1.65741	537601
1.66171	538801
1.66171	540001
1.66171	541201
1.66171	542401
1.66171	543601
1.66171	544801
1.66591	546001
1.66591	547201
1.66591	548401
1.66591	549601
1.66591	550801
1.66591	552001
1.67021	553201
1.67021	554401
1.67021	555601
1.67021	556801
1.67021	558001
1.67021	559201
1.67411	560401
1.67411	561601
1.67411	562801
1.67411	564001
1.67411	565201
1.67411	566401
1.67801	567601
1.67801	568801
1.67801	570001
1.67801	571201
1.67801	572401
1.67801	573601
1.68231	574801
1.68231	576001
1.68231	577201
1.68231	578401
1.68231	579601
1.68231	580801
1.68621	582001
1.68621	583201
1.68621	584401
1.68621	585601
1.68621	586801
1.68621	588001
1.69011	589201
1.69011	590401
1.69011	591601
1.69011	592801
1.69011	594001
1.69011	595201
1.69401	596401
1.69401	597601
1.69401	598801
1.69401	600001
1.69401	601201
1.69401	602401
1.69791	603601
1.69791	604801
1.69791	606001
1.69791	607201
1.69791	608401
1.69791	609601
1.70181	610801
1.70181	612001
1.70181	613201
1.70181	614401
1.70181	615601
1.70181	616801
1.70571	618001
1.70571	619201
1.70571	620401
1.70571	621601
1.70571	622801
1.70571	624001
1.70961	625201
1.70961	626401
1.70961	627601
1.70961	628801
1.70961	630001
1.70961	631201
1.71351	632401
1.71351	633601
1.71351	634801
1.71351	636001
1.71351	637201
1.71351	638401
1.71741	639601
1.71741	640801
1.71741	642001
1.71741	643201
1.71741	644401
1.71741	645601
1.72131	646801
1.72131	648001
1.72131	649201
1.72131	650401
1.72131	651601
1.72131	652801
1.72521	654001
1.72521	655201
1.72521	656401
1.72521	657601
1.72521	658801
1.72521	660001
1.72941	661201
1.72941	662401
1.72941	663601
1.72941	664801
1.72941	666001
1.72941	667201
1.73371	668401
1.73371	669601
1.73371	670801
1.73371	672001
1.73371	673201
1.73371	674401
1.73761	675601
1.73761	676801
1.73761	678001
1.73761	679201
1.73761	680401
1.73761	681601
1.74191	682801
1.74191	684001
1.74191	685201
1.74191	686401
1.74191	687601
1.74191	688801
1.74611	690001
1.74611	691201
1.74611	692401
1.74611	693601
1.74611	694801
1.74611	696001
1.75001	697201
1.75001	698401
1.75001	699601
1.75001	700801
1.75001	702001
1.75001	703201
1.75391	704401
1.75391	705601
1.75391	706801
1.75391	708001
1.75391	709201
1.75391	710401
1.75781	711601
1.75781	712801
1.75781	714001
1.75781	715201
1.75781	716401
1.75781	717601
1.76171	718801
1.76171	720001
1.76171	721201
1.76171	722401
1.76171	723601
1.76171	724801
1.76561	726001
1.76561	727201
1.76561	728401
1.76561	729601
1.76561	730801
1.76561	732001
1.76951	733201
1.76951	734401
1.76951	735601
1.76951	736801
1.76951	738001
1.76951	739201
1.77341	740401
1.77341	741601
1.77341	742801
1.77341	744001
1.77341	745201
1.77341	746401
1.77731	747601
1.77731	748801
1.77731	750001
1.77731	751201
1.77731	752401
1.77731	753601
1.78121	754801
1.78121	756001
1.78121	757201
1.78121	758401
1.78121	759601
1.78121	760801
1.78511	762001
1.78511	763201
1.78511	764401
1.78511	765601
1.78511	766801
1.78511	768001
1.78901	769201
1.78901	770401
1.78901	771601
1.78901	772801
1.78901	774001
1.78901	775201
1.79291	776401
1.79291	777601
1.79291	778801
1.79291	780001
1.79291	781201
1.79291	782401
1.79681	783601
1.79681	784801
1.79681	786001
1.79681	787201
1.79681	788401
1.79681	789601
1.80071	790801
1.80071	792001
1.80071	793201
1.80071	794401
1.80071	795601
1.80071	796801
1.80461	798001
1.80461	799201
1.80461	800401
1.80461	801601
1.80461	802801
1.80461	804001
1.80851	805201
1.80851	806401
1.80851	807601
1.80851	808801
1.80851	810001
1.80851	811201
1.81241	812401
1.81241	813601
1.81241	814801
1.81241	816001
1.81241	817201
1.81241	818401
1.81631	819601
1.81631	820801
1.81631	822001
1.81631	823201
1.81631	824401
1.81631	825601
1.82021	826801
1.82021	828001
1.82021	829201
1.82021	830401
1.82021	831601
1.82021	832801
1.82411	834001
1.82411	835201
1.82411	836401
1.82411	837601
1.82411	838801
1.82411	840001
1.82801	841201
1.82801	842401
1.82801	843601
1.82801	844801
1.82801	846001
1.82801	847201
1.83191	848401
1.83191	849601
1.83191	850801
1.83191	852001
1.83191	853201
1.83191	854401
1.83581	855601
1.83581	856801
1.83581	858001
1.83581	859201
1.83581	860401
1.83581	861601
1.83971	862801
1.83971	864001
1.83971	865201
1.83971	866401
1.83971	867601
1.83971	868801
1.84361	870001
1.84361	871201
1.84361	872401
1.84361	873601
1.84361	874801
1.84361	876001
1.84751	877201
1.84751	878401
1.84751	879601
1.84751	880801
1.84751	882001
1.84751	883201
1.85141	884401
1.85141	885601
1.85141	886801
1.85141	888001
1.85141	889201
1.85141	890401
1.85531	891601
1.85531	892801
1.85531	894001
1.85531	895201
1.85531	896401
1.85531	897601
1.85921	898801
1.85921	900001
1.85921	901201
1.85921	902401
1.85921	903601
1.85921	904801
1.86311	906001
1.86311	907201
1.86311	908401
1.86311	909601
1.86311	910801
1.86311	912001
1.86701	913201
1.86701	914401
1.86701	915601
1.86701	916801
1.86701	918001
1.86701	919201
1.87131	920401
1.87131	921601
1.87131	922801
1.87131	924001
1.87131	925201
1.87131	926401
1.87521	927601
1.87521	928801
1.87521	930001
1.87521	931201
1.87521	932401
1.87521	933601
1.87911	934801
1.87911	936001
1.87911	937201
1.87911	938401
1.87911	939601
1.87911	940801
1.88301	942001
1.88301	943201
1.88301	944401
1.88301	945601
1.88301	946801
1.88301	948001
1.88691	949201
1.88691	950401
1.88691	951601
1.88691	952801
1.88691	954001
1.88691	955201
1.89111	956401
1.89111	957601
1.89111	958801
1.89111	960001
1.89111	961201
1.89111	962401
1.89501	963601
1.89501	964801
1.89501	966001
1.89501	967201
1.89501	968401
1.89501	969601
1.89891	970801
1.89891	972001
1.89891	973201
1.89891	974401
1.89891	975601
1.89891	976801
1.90281	978001
1.90281	979201
1.90281	980401
1.90281	981601
1.90281	982801
1.90281	984001
1.90671	985201
1.90671	986401
1.90671	987601
1.90671	988801
1.90671	990001
1.90671	991201
1.91061	992401
1.91061	993601
1.91061	994801
1.91061	996001
1.91061	997201
1.91061	998401
1.91481	999601
1.91481	1000801
1.91481	1002001
1.91481	1003201
1.91481	1004401
1.91481	1005601
1.91871	1006801
1.91871	1008001
1.91871	1009201
1.91871	1010401
1.91871	1011601
1.91871	1012801
1.92261	1014001
1.92261	1015201
1.92261	1016401
1.92261	1017601
1.92261	1018801
1.92261	1020001
1.92651	1021201
1.92651	1022401
1.92651	1023601
1.92651	1024801
1.92651	1026001
1.92651	1027201
1.93041	1028401
1.93041	1029601
1.93041	1030801
1.93041	1032001
1.93041	1033201
1.93041	1034401
1.93431	1035601
1.93431	1036801
1.93431	1038001
1.93431	1039201
1.93431	1040401
1.93431	1041601
1.93821	1042801
1.93821	1044001
1.93821	1045201
1.93821	1046401
1.93821	1047601
1.93821	1048801
1.94251	1050001
1.94251	1051201
1.94251	1052401
1.94251	1053601
1.94251	1054801
1.94251	1056001
1.94641	1057201
1.94641	1058401
1.94641	1059601
1.94641	1060801
1.94641	1062001
1.94641	1063201
1.95101	1064401
1.95101	1065601
1.95101	1066801
1.95101	1068001
1.95101	1069201
1.95101	1070401
1.95491	1071601
1.95491	1072801
1.95491	1074001
1.95491	1075201
1.95491	1076401
1.95491	1077601
1.95881	1078801
1.95881	1080001
1.95881	1081201
1.95881	1082401
1.95881	1083601
1.95881	1084801
1.96271	1086001
1.96271	1087201
1.96271	1088401
1.96271	1089601
1.96271	1090801
1.96271	1092001
1.96661	1093201
1.96661	1094401
1.96661	1095601
1.96661	1096801
1.96661	1098001
1.96661	1099201
1.97051	1100401
1.97051	1101601
1.97051	1102801
1.97051	1104001
1.97051	1105201
1.97051	1106401
1.97441	1107601
1.97441	1108801
1.97441	1110001
1.97441	1111201
1.97441	1112401
1.97441	1113601
1.97831	1114801
1.97831	1116001
1.97831	1117201
1.97831	1118401
1.97831	1119601
1.97831	1120801
1.98221	1122001
1.98221	1123201
1.98221	1124401
1.98221	1125601
1.98221	1126801
1.98221	1128001
1.98611	1129201
1.98611	1130401
1.98611	1131601
1.98611	1132801
1.98611	1134001
1.98611	1135201
1.99001	1136401
1.99001	1137601
1.99001	1138801
1.99001	1140001
1.99001	1141201
1.99001	1142401
1.99391	1143601
1.99391	1144801
1.99391	1146001
1.99391	1147201
1.99391	1148401
1.99391	1149601
1.99781	1150801
1.99781	1152001
1.99781	1153201
1.99781	1154401
1.99781	1155601
1.99781	1156801
2.00171	1158001
2.00171	1159201
2.00171	1160401
2.00171	1161601
2.00171	1162801
2.00171	1164001
2.00561	1165201
2.00561	1166401
2.00561	1167601
2.00561	1168801
2.00561	1170001
2.00561	1171201
2.00951	1172401
2.00951	1173601
2.00951	1174801
2.00951	1176001
2.00951	1177201
2.00951	1178401
2.01341	1179601
2.01341	1180801
2.01341	1182001
2.01341	1183201
2.01341	1184401
2.01341	1185601
2.01731	1186801
2.01731	1188001
2.01731	1189201
2.01731	1190401
2.01731	1191601
2.01731	1192801
2.02121	1194001
2.02121	1195201
2.02121	1196401
2.02121	1197601
2.02121	1198801
2.02121	1200001
2.02511	1201201
2.02511	1202401
2.02511	1203601
2.02511	1204801
2.02511	1206001
2.02511	1207201
2.02901	1208401
2.02901	1209601
2.02901	1210801
2.02901	1212001
2.02901	1213201
2.02901	1214401
2.03291	1215601
2.03291	1216801
2.03291	1218001
2.03291	1219201
2.03291	1220401
2.03291	1221601
2.03681	1222801
2.03681	1224001
2.03681	1225201
2.03681	1226401
2.03681	1227601
2.03681	1228801
2.04071	1230001
2.04071	1231201
2.04071	1232401
2.04071	1233601
2.04071	1234801
2.04071	1236001
2.04461	1237201
2.04461	1238401
2.04461	1239601
2.04461	1240801
2.04461	1242001
2.04461	1243201
2.04851	1244401
2.04851	1245601
2.04851	1246801
2.04851	1248001
2.04851	1249201
2.04851	1250401
2.05241	1251601
2.05241	1252801
2.05241	1254001
2.05241	1255201
2.05241	1256401
2.05241	1257601
2.05631	1258801
2.05631	1260001
2.05631	1261201
2.05631	1262401
2.05631	1263601
2.05631	1264801
2.06021	1266001
2.06021	1267201
2.06021	1268401
2.06021	1269601
2.06021	1270801
2.06021	1272001
2.06411	1273201
2.06411	1274401
2.06411	1275601
2.06411	1276801
2.06411	1278001
2.06411	1279201
2.06801	1280401
2.06801	1281601
2.06801	1282801
2.06801	1284001
2.06801	1285201
2.06801	1286401
2.07191	1287601
2.07191	1288801
2.07191	1290001
2.07191	1291201
2.07191	1292401
2.07191	1293601
2.07581	1294801
2.07581	1296001
2.07581	1297201
2.07581	1298401
2.07581	1299601
2.07581	1300801
2.07971	1302001
2.07971	1303201
2.07971	1304401
2.07971	1305601
2.07971	1306801
2.07971	1308001
2.08361	1309201
2.08361	1310401
2.08361	1311601
2.08361	1312801
2.08361	1314001
2.08361	1315201
2.08751	1316401
2.08751	1317601
2.08751	1318801
2.08751	1320001
2.08751	1321201
2.08751	1322401
2.09141	1323601
2.09141	1324801
2.09141	1326001
2.09141	1327201
2.09141	1328401
2.09141	1329601
2.09531	1330801
2.09531	1332001
2.09531	1333201
2.09531	1334401
2.09531	1335601
2.09531	1336801
2.09921	1338001
2.09921	1339201
2.09921	1340401
2.09921	1341601
2.09921	1342801
2.09921	1344001
2.10311	1345201
2.10311	1346401
2.10311	1347601
2.10311	1348801
2.10311	1350001
2.10311	1351201
2.10701	1352401
2.10701	1353601
2.10701	1354801
2.10701	1356001
2.10701	1357201
2.10701	1358401
2.11091	1359601
2.11091	1360801
2.11091	1362001
2.11091	1363201
2.11091	1364401
2.11091	1365601
2.11481	1366801
2.11481	1368001
2.11481	1369201
2.11481	1370401
2.11481	1371601
2.11481	1372801
2.11871	1374001
2.11871	1375201
2.11871	1376401
2.11871	1377601
2.11871	1378801
2.11871	1380001
2.12261	1381201
2.12261	1382401
2.12261	1383601
2.12261	1384801
2.12261	1386001
2.12261	1387201
2.12651	1388401
2.12651	1389601
2.12651	1390801
2.12651	1392001
2.12651	1393201
2.12651	1394401
2.13041	1395601
2.13041	1396801
2.13041	1398001
2.13041	1399201
2.13041	1400401
2.13041	1401601
2.13431	1402801
2.13431	1404001
2.13431	1405201
2.13431	1406401
2.13431	1407601
2.13431	1408801
2.13821	1410001
2.13821	1411201
2.13821	1412401
2.13821	1413601
2.13821	1414801
2.13821	1416001
2.14211	1417201
2.14211	1418401
2.14211	1419601
2.14211	1420801
2.14211	1422001
2.14211	1423201
2.14601	1424401
2.14601	1425601
2.14601	1426801
2.14601	1428001
2.14601	1429201
2.14601	1430401
2.14991	1431601
2.14991	1432801
2.14991	1434001
2.14991	1435201
2.14991	1436401
2.14991	1437601
2.15381	1438801
2.15381	1440001
2.15381	1441201
2.15381	1442401
2.15381	1443601
2.15381	1444801
2.15771	1446001
2.15771	1447201
2.15771	1448401
2.15771	1449601
2.15771	1450801
2.15771	1452001
2.16161	1453201
2.16161	1454401
2.16161	1455601
2.16161	1456801
2.16161	1458001
2.16161	1459201
2.16551	1460401
2.16551	1461601
2.16551	1462801
2.16551	1464001
2.16551	1465201
2.16551	1466401
2.16941	1467601
2.16941	1468801
2.16941	1470001
2.16941	1471201
2.16941	1472401
2.16941	1473601
2.17331	1474801
2.17331	1476001
2.17331	1477201
2.17331	1478401
2.17331	1479601
2.17331	1480801
2.17721	1482001
2.17721	1483201
2.17721	1484401
2.17721	1485601
2.17721	1486801
2.17721	1488001
2.18111	1489201
2.18111	1490401
2.18111	1491601
2.18111	1492801
2.18111	1494001
2.18111	1495201
2.18501	1496401
2.18501	1497601
2.18501	1498801
2.18501	1500001
2.18501	1501201
2.18501	1502401
2.18891	1503601
2.18891	1504801
2.18891	1506001
2.18891	1507201
2.18891	1508401
2.18891	1509601
2.19281	1510801
2.19281	1512001
2.19281	1513201
2.19281	1514401
2.19281	1515601
2.19281	1516801
2.19671	1518001
2.19671	1519201
2.19671	1520401
2.19671	1521601
2.19671	1522801
2.19671	1524001
2.20061	1525201
2.20061	1526401
2.20061	1527601
2.20061	1528801
2.20061	1530001
2.20061	1531201
2.20451	1532401
2.20451	1533601
2.20451	1534801
2.20451	1536001
2.20451	1537201
2.20451	1538401
2.20841	1539601
2.20841	1540801
2.20841	1542001
2.20841	1543201
2.20841	1544401
2.20841	1545601
2.21231	1546801
2.21231	1548001
2.21231	1549201
2.21231	1550401
2.21231	1551601
2.21231	1552801
2.21621	1554001
2.21621	1555201
2.21621	1556401
2.21621	1557601
2.21621	1558801
2.21621	1560001
2.22011	1561201
2.22011	1562401
2.22011	1563601
2.22011	1564801
2.22011	1566001
2.22011	1567201
2.22401	1568401
2.22401	1569601
2.22401	1570801
2.22401	1572001
2.22401	1573201
2.22401	1574401
2.22791	1575601
2.22791	1576801
2.22791	1578001
2.22791	1579201
2.22791	1580401
2.22791	1581601
2.23181	1582801
2.23181	1584001
2.23181	1585201
2.23181	1586401
2.23181	1587601
2.23181	1588801
2.23571	1590001
2.23571	1591201
2.23571	1592401
2.23571	1593601
2.23571	1594801
2.23571	1596001
2.23961	1597201
2.23961	1598401
2.23961	1599601
2.23961	1600801
2.23961	1602001
2.23961	1603201
2.24351	1604401
2.24351	1605601
2.24351	1606801
2.24351	1608001
2.24351	1609201
2.24351	1610401
2.24741	1611601
2.24741	1612801
2.24741	1614001
2.24741	1615201
2.24741	1616401
2.24741	1617601
2.25131	1618801
2.25131	1620001
2.25131	1621201
2.25131	1622401
2.25131	1623601
2.25131	1624801
2.25521	1626001
2.25521	1627201
2.25521	1628401
2.25521	1629601
2.25521	1630801
2.25521	1632001
2.25911	1633201
2.25911	1634401
2.25911	1635601
2.25911	1636801
2.25911	1638001
2.25911	1639201
2.26301	1640401
2.26301	1641601
2.26301	1642801
2.26301	1644001
2.26301	1645201
2.26301	1646401
2.26691	1647601
2.26691	1648801
2.26691	1650001
2.26691	1651201
2.26691	1652401
2.26691	1653601
2.27081	1654801
2.27081	1656001
2.27081	1657201
2.27081	1658401
2.27081	1659601
2.27081	1660801
2.27471	1662001
2.27471	1663201
2.27471	1664401
2.27471	1665601
2.27471	1666801
2.27471	1668001
2.27861	1669201
2.27861	1670401
2.27861	1671601
2.27861	1672801
2.27861	1674001
2.27861	1675201
2.28251	1676401
2.28251	1677601
2.28251	1678801
2.28251	1680001
2.28251	1681201
2.28251	1682401
2.28641	1683601
2.28641	1684801
2.28641	1686001
2.28641	1687201
2.28641	1688401
2.28641	1689601
2.29031	1690801
2.29031	1692001
2.29031	1693201
2.29031	1694401
2.29031	1695601
2.29031	1696801
2.29421	1698001
2.29421	1699201
2.29421	1700401
2.29421	1701601
2.29421	1702801
2.29421	1704001
2.29811	1705201
2.29811	1706401
2.29811	1707601
2.29811	1708801
2.29811	1710001
2.29811	1711201
2.30201	1712401
2.30201	1713601
2.30201	1714801
2.30201	1716001
2.30201	1717201
2.30201	1718401
2.30591	1719601
2.30591	1720801
2.30591	1722001
2.30591	1723201
2.30591	1724401
2.30591	1725601
2.30981	1726801
2.30981	1728001
2.30981	1729201
2.30981	1730401
2.30981	1731601
2.30981	1732801
2.31371	1734001
2.31371	1735201
2.31371	1736401
2.31371	1737601
2.31371	1738801
2.31371	1740001
2.31761	1741201
2.31761	1742401
2.31761	1743601
2.31761	1744801
2.31761	1746001
2.31761	1747201
2.32151	1748401
2.32151	1749601
2.32151	1750801
2.32151	1752001
2.32151	1753201
2.32151	1754401
2.32541	1755601
2.32541	1756801
2.32541	1758001
2.32541	1759201
2.32541	1760401
2.32541	1761601
2.32931	1762801
2.32931	1764001
2.32931	1765201
2.32931	1766401
2.32931	1767601
2.32931	1768801
2.33321	1770001
2.33321	1771201
2.33321	1772401
2.33321	1773601
2.33321	1774801
2.33321	1776001
2.33711	1777201
2.33711	1778401
2.33711	1779601
2.33711	1780801
2.33711	1782001
2.33711	1783201
2.34101	1784401
2.34101	1785601
2.34101	1786801
2.34101	1788001
2.34101	1789201
2.34101	1790401
2.34491	1791601
2.34491	1792801
2.34491	1794001
2.34491	1795201
2.34491	1796401
2.34491	1797601
2.34881	1798801
2.34881	1800001
2.34881	1801201
2.34881	1802401
2.34881	1803601
2.34881	1804801
2.35271	1806001
2.35271	1807201
2.35271	1808401
2.35271	1809601
2.35271	1810801
2.35271	1812001
2.35661	1813201
2.35661	1814401
2.35661	1815601
2.35661	1816801
2.35661	1818001
2.35661	1819201
2.36051	1820401
2.36051	1821601
2.36051	1822801
2.36051	1824001
2.36051	1825201
2.36051	1826401
2.36441	1827601
2.36441	1828801
2.36441	1830001
2.36441	1831201
2.36441	1832401
2.36441	1833601
2.36831	1834801
2.36831	1836001
2.36831	1837201
2.36831	1838401
2.36831	1839601
2.36831	1840801
2.37221	1842001
2.37221	1843201
2.37221	1844401
2.37221	1845601
2.37221	1846801
2.37221	1848001
2.37611	1849201
2.37611	1850401
2.37611	1851601
2.37611	1852801
2.37611	1854001
2.37611	1855201
2.38001	1856401
2.38001	1857601
2.38001	1858801
2.38001	1860001
2.38001	1861201
2.38001	1862401
2.38391	1863601
2.38391	1864801
2.38391	1866001
2.38391	1867201
2.38391	1868401
2.38391	1869601
2.38781	1870801
2.38781	1872001
2.38781	1873201
2.38781	1874401
2.38781	1875601
2.38781	1876801
2.39171	1878001
2.39171	1879201
2.39171	1880401
2.39171	1881601
2.39171	1882801
2.39171	1884001
2.39561	1885201
2.39561	1886401
2.39561	1887601
2.39561	1888801
2.39561	1890001
2.39561	1891201
2.39951	1892401
2.39951	1893601
2.39951	1894801
2.39951	1896001
2.39951	1897201
2.39951	1898401
2.40341	1899601
2.40341	1900801
2.40341	1902001
2.40341	1903201
2.40341	1904401
2.40341	1905601
2.40731	1906801
2.40731	1908001
2.40731	1909201
2.40731	1910401
2.40731	1911601
2.40731	1912801
2.41121	1914001
2.41121	1915201
2.41121	1916401
2.41121	1917601
2.41121	1918801
2.41121	1920001
2.41511	1921201
2.41511	1922401
2.41511	1923601
2.41511	1924801
2.41511	1926001
2.41511	1927201
2.41901	1928401
2.41901	1929601
2.41901	1930801
2.41901	1932001
2.41901	1933201
2.41901	1934401
2.42291	1935601
2.42291	1936801
2.42291	1938001
2.42291	1939201
2.42291	1940401
2.42291	1941601
2.42681	1942801
2.42681	1944001
2.42681	1945201
2.42681	1946401
2.42681	1947601
2.42681	1948801
2.43071	1950001
2.43071	1951201
2.43071	1952401
2.43071	1953601
2.43071	1954801
2.43071	1956001
2.43461	1957201
2.43461	1958401
2.43461	1959601
2.43461	1960801
2.43461	1962001
2.43461	1963201
2.43851	1964401
2.43851	1965601
2.43851	1966801
2.43851	1968001
2.43851	1969201
2.43851	1970401
2.44241	1971601
2.44241	1972801
2.44241	1974001
2.44241	1975201
2.44241	1976401
2.44241	1977601
2.44631	1978801
2.44631	1980001
2.44631	1981201
2.44631	1982401
2.44631	1983601
2.44631	1984801
2.45021	1986001
2.45021	1987201
2.45021	1988401
2.45021	1989601
2.45021	1990801
2.45021	1992001
2.45411	1993201
2.45411	1994401
2.45411	1995601
2.45411	1996801
2.45411	1998001
2.45411	1999201
2.45801	2000401
2.45801	2001601
2.45801	2002801
2.45801	2004001
2.45801	2005201
2.45801	2006401
2.46191	2007601
2.46191	2008801
2.46191	2010001
2.46191	2011201
2.46191	2012401
2.46191	2013601
2.46581	2014801
2.46581	2016001
2.46581	2017201
2.46581	2018401
2.46581	2019601
2.46581	2020801
2.46971	2022001
2.46971	2023201
2.46971	2024401
2.46971	2025601
2.46971	2026801
2.46971	2028001
2.47361	2029201
2.47361	2030401
2.47361	2031601
2.47361	2032801
2.47361	2034001
2.47361	2035201
2.47751	2036401
2.47751	2037601
2.47751	2038801
2.47751	2040001
2.47751	2041201
2.47751	2042401
2.48141	2043601
2.48141	2044801
2.48141	2046001
2.48141	2047201
2.48141	2048401
2.48141	2049601
2.48531	2050801
2.48531	2052001
2.48531	2053201
2.48531	2054401
2.48531	2055601
2.48531	2056801
2.48921	2058001
2.48921	2059201
2.48921	2060401
2.48921	2061601
2.48921	2062801
2.48921	2064001
2.49311	2065201
2.49311	2066401
2.49311	2067601
2.49311	2068801
2.49311	2070001
2.49311	2071201
2.49701	2072401
2.49701	2073601
2.49701	2074801
2.49701	2076001
2.49701	2077201
2.49701	2078401
2.50091	2079601
2.50091	2080801
2.50091	2082001
2.50091	2083201
2.50091	2084401
2.50091	2085601
2.50481	2086801
2.50481	2088001
2.50481	2089201
2.50481	2090401
2.50481	2091601
2.50481	2092801
2.50871	2094001
2.50871	2095201
2.50871	2096401
2.50871	2097601
2.50871	2098801
2.50871	2100001
2.51261	2101201
2.51261	2102401
2.51261	2103601
2.51261	2104801
2.51261	2106001
2.51261	2107201
2.51651	2108401
2.51651	2109601
2.51651	2110801
2.51651	2112001
2.51651	2113201
2.51651	2114401
2.52041	2115601
2.52041	2116801
2.52041	2118001
2.52041	2119201
2.52041	2120401
2.52041	2121601
2.52431	2122801
2.52431	2124001
2.52431	2125201
2.52431	2126401
2.52431	2127601
2.52431	2128801
2.52821	2130001
2.52821	2131201
2.52821	2132401
2.52821	2133601
2.52821	2134801
2.52821	2136001
2.53211	2137201
2.53211	2138401
2.53211	2139601
2.53211	2140801
2.53211	2142001
2.53211	2143201
2.53601	2144401
2.53601	2145601
2.53601	2146801
2.53601	2148001
2.53601	2149201
2.53601	2150401
2.53991	2151601
2.53991	2152801
2.53991	2154001
2.53991	2155201
2.53991	2156401
2.53991	2157601
2.54381	2158801
2.54381	2160001
2.54381	2161201
2.54381	2162401
2.54381	2163601
2.54381	2164801
2.54771	2166001
2.54771	2167201
2.54771	2168401
2.54771	2169601
2.54771	2170801
2.54771	2172001
2.55161	2173201
2.55161	2174401
2.55161	2175601
2.55161	2176801
2.55161	2178001
2.55161	2179201
2.55551	2180401
2.55551	2181601
2.55551	2182801
2.55551	2184001
2.55551	2185201
2.55551	2186401
2.55941	2187601
2.55941	2188801
2.55941	2190001
2.55941	2191201
2.55941	2192401
2.55941	2193601
2.56331	2194801
2.56331	2196001
2.56331	2197201
2.56331	2198401
2.56331	2199601
2.56331	2200801
2.56721	2202001
2.56721	2203201
2.56721	2204401
2.56721	2205601
2.56721	2206801
2.56721	2208001
2.57111	2209201
2.57111	2210401
2.57111	2211601
2.57111	2212801
2.57111	2214001
2.57111	2215201
2.57501	2216401
2.57501	2217601
2.57501	2218801
2.57501	2220001
2.57501	2221201
2.57501	2222401
2.57891	2223601
2.57891	2224801
2.57891	2226001
2.57891	2227201
2.57891	2228401
2.57891	2229601
2.58281	2230801
2.58281	2232001
2.58281	2233201
2.58281	2234401
2.58281	2235601
2.58281	2236801
2.58671	2238001
2.58671	2239201
2.58671	2240401
2.58671	2241601
2.58671	2242801
2.58671	2244001
2.59061	2245201
2.59061	2246401
2.59061	2247601
2.59061	2248801
2.59061	2250001
2.59061	2251201
2.59451	2252401
2.59451	2253601
2.59451	2254801
2.59451	2256001
2.59451	2257201
2.59451	2258401
2.59841	2259601
2.59841	2260801
2.59841	2262001
2.59841	2263201
2.59841	2264401
2.59841	2265601
2.60231	2266801
2.60231	2268001
2.60231	2269201
2.60231	2270401
2.60231	2271601
2.60231	2272801
2.60621	2274001
2.60621	2275201
2.60621	2276401
2.60621	2277601
2.60621	2278801
2.60621	2280001
2.61011	2281201
2.61011	2282401
2.61011	2283601
2.61011	2284801
2.61011	2286001
2.61011	2287201
2.61401	2288401
2.61401	2289601
2.61401	2290801
2.61401	2292001
2.61401	2293201
2.61401	2294401
2.61791	2295601
2.61791	2296801
2.61791	2298001
2.61791	2299201
2.61791	2300401
2.61791	2301601
2.62181	2302801
2.62181	2304001
2.62181	2305201
2.62181	2306401
2.62181	2307601
2.62181	2308801
2.62571	2310001
2.62571	2311201
2.62571	2312401
2.62571	2313601
2.62571	2314801
2.62571	2316001
2.62961	2317201
2.62961	2318401
2.62961	2319601
2.62961	2320801
2.62961	2322001
2.62961	2323201
2.63351	2324401
2.63351	2325601
2.63351	2326801
2.63351	2328001
2.63351	2329201
2.63351	2330401
2.63741	2331601
2.63741	2332801
2.63741	2334001
2.63741	2335201
2.63741	2336401
2.63741	2337601
2.64131	2338801
2.64131	2340001
2.64131	2341201
2.64131	2342401
2.64131	2343601
2.64131	2344801
2.64521	2346001
2.64521	2347201
2.64521	2348401
2.64521	2349601
2.64521	2350801
2.64521	2352001
2.64911	2353201
2.64911	2354401
2.64911	2355601
2.64911	2356801
2.64911	2358001
2.64911	2359201
2.65301	2360401
2.65301	2361601
2.65301	2362801
2.65301	2364001
2.65301	2365201
2.65301	2366401
2.65691	2367601
2.65691	2368801
2.65691	2370001
2.65691	2371201
2.65691	2372401
2.65691	2373601
2.66081	2374801
2.66081	2376001
2.66081	2377201
2.66081	2378401
2.66081	2379601
2.66081	2380801
2.66471	2382001
2.66471	2383201
2.66471	2384401
2.66471	2385601
2.66471	2386801
2.66471	2388001
2.66861	2389201
2.66861	2390401
2.66861	2391601
2.66861	2392801
2.66861	2394001
2.66861	2395201
2.67251	2396401
2.67251	2397601
2.67251	2398801
2.67251	2400001
2.67251	2401201
2.67251	2402401
2.67641	2403601
2.67641	2404801
2.67641	2406001
2.67641	2407201
2.67641	2408401
2.67641	2409601
2.68031	2410801
2.68031	2412001
2.68031	2413201
2.68031	2414401
2.68031	2415601
2.68031	2416801
2.68421	2418001
2.68421	2419201
2.68421	2420401
2.68421	2421601
2.68421	2422801
2.68421	2424001
2.68811	2425201
2.68811	2426401
2.68811	2427601
2.68811	2428801
2.68811	2430001
2.68811	2431201
2.69201	2432401
2.69201	2433601
2.69201	2434801
2.69201	2436001
2.69201	2437201
2.69201	2438401
2.69591	2439601
2.69591	2440801
2.69591	2442001
2.69591	2443201
2.69591	2444401
2.69591	2445601
2.69981	2446801
2.69981	2448001
2.69981	2449201
2.69981	2450401
2.69981	2451601
2.69981	2452801
2.70371	2454001
2.70371	2455201
2.70371	2456401
2.70371	2457601
2.70371	2458801
2.70371	2460001
2.70761	2461201
2.70761	2462401
2.70761	2463601
2.70761	2464801
2.70761	2466001
2.70761	2467201
2.71151	2468401
2.71151	2469601
2.71151	2470801
2.71151	2472001
2.71151	2473201
2.71151	2474401
2.71541	2475601
2.71541	2476801
2.71541	2478001
2.71541	2479201
2.71541	2480401
2.71541	2481601
2.71931	2482801
2.71931	2484001
2.71931	2485201
2.71931	2486401
2.71931	2487601
2.71931	2488801
2.72321	2490001
2.72321	2491201
2.72321	2492401
2.72321	2493601
2.72321	2494801
2.72321	2496001
2.72711	2497201
2.72711	2498401
2.72711	2499601
2.72711	2500801
2.72711	2502001
2.72711	2503201
2.73101	2504401
2.73101	2505601
2.73101	2506801
2.73101	2508001
2.73101	2509201
2.73101	2510401
2.73491	2511601
2.73491	2512801
2.73491	2514001
2.73491	2515201
2.73491	2516401
2.73491	2517601
2.73881	2518801
2.73881	2520001
2.73881	2521201
2.73881	2522401
2.73881	2523601
2.73881	2524801
2.74271	2526001
2.74271	2527201
2.74271	2528401
2.74271	2529601
2.74271	2530801
2.74271	2532001
2.74661	2533201
2.74661	2534401
2.74661	2535601
2.74661	2536801
2.74661	2538001
2.74661	2539201
2.75051	2540401
2.75051	2541601
2.75051	2542801
2.75051	2544001
2.75051	2545201
2.75051	2546401
2.75441	2547601
2.75441	2548801
2.75441	2550001
2.75441	2551201
2.75441	2552401
2.75441	2553601
2.75831	2554801
2.75831	2556001
2.75831	2557201
2.75831	2558401
2.75831	2559601
2.75831	2560801
2.76221	2562001
2.76221	2563201
2.76221	2564401
2.76221	2565601
2.76221	2566801
2.76221	2568001
2.76611	2569201
2.76611	2570401
2.76611	2571601
2.76611	2572801
2.76611	2574001
2.76611	2575201
2.77001	2576401
2.77001	2577601
2.77001	2578801
2.77001	2580001
2.77001	2581201
2.77001	2582401
2.77391	2583601
2.77391	2584801
2.77391	2586001
2.77391	2587201
2.77391	2588401
2.77391	2589601
2.77781	2590801
2.77781	2592001
2.77781	2593201
2.77781	2594401
2.77781	2595601
2.77781	2596801
2.78171	2598001
2.78171	2599201
2.78171	2600401
2.78171	2601601
2.78171	2602801
2.78171	2604001
2.78561	2605201
2.78561	2606401
2.78561	2607601
2.78561	2608801
2.78561	2610001
2.78561	2611201
2.78951	2612401
2.78951	2613601
2.78951	2614801
2.78951	2616001
2.78951	2617201
2.78951	2618401
2.79341	2619601
2.79341	2620801
2.79341	2622001
2.79341	2623201
2.79341	2624401
2.79341	2625601
2.79731	2626801
2.79731	2628001
2.79731	2629201
2.79731	2630401
2.79731	2631601
2.79731	2632801
2.80121	2634001
2.80121	2635201
2.80121	2636401
2.80121	2637601
2.80121	2638801
2.80121	2640001
2.80511	2641201
2.80511	2642401
2.80511	2643601
2.80511	2644801
2.80511	2646001
2.80511	2647201
2.80901	2648401
2.80901	2649601
2.80901	2650801
2.80901	2652001
2.80901	2653201
2.80901	2654401
2.81291	2655601
2.81291	2656801
2.81291	2658001
2.81291	2659201
2.81291	2660401
2.81291	2661601
2.81681	2662801
2.81681	2664001
2.81681	2665201
2.81681	2666401
2.81681	2667601
2.81681	2668801
2.82071	2670001
2.82071	2671201
2.82071	2672401
2.82071	2673601
2.82071	2674801
2.82071	2676001
2.82461	2677201
2.82461	2678401
2.82461	2679601
2.82461	2680801
2.82461	2682001
2.82461	2683201
2.82851	2684401
2.82851	2685601
2.82851	2686801
2.82851	2688001
2.82851	2689201
2.82851	2690401
2.83241	2691601
2.83241	2692801
2.83241	2694001
2.83241	2695201
2.83241	2696401
2.83241	2697601
2.83631	2698801
2.83631	2700001
2.83631	2701201
2.83631	2702401
2.83631	2703601
2.83631	2704801
2.84021	2706001
2.84021	2707201
2.84021	2708401
2.84021	2709601
2.84021	2710801
2.84021	2712001
2.84411	2713201
2.84411	2714401
2.84411	2715601
2.84411	2716801
2.84411	2718001
2.84411	2719201
2.84801	2720401
2.84801	2721601
2.84801	2722801
2.84801	2724001
2.84801	2725201
2.84801	2726401
2.85191	2727601
2.85191	2728801
2.85191	2730001
2.85191	2731201
2.85191	2732401
2.85191	2733601
2.85581	2734801
2.85581	2736001
2.85581	2737201
2.85581	2738401
2.85581	2739601
2.85581	2740801
2.85971	2742001
2.85971	2743201
2.85971	2744401
2.85971	2745601
2.85971	2746801
2.85971	2748001
2.86361	2749201
2.86361	2750401
2.86361	2751601
2.86361	2752801
2.86361	2754001
2.86361	2755201
2.86751	2756401
2.86751	2757601
2.86751	2758801
2.86751	2760001
2.86751	2761201
2.86751	2762401
2.87141	2763601
2.87141	2764801
2.87141	2766001
2.87141	2767201
2.87141	2768401
2.87141	2769601
2.87531	2770801
2.87531	2772001
2.87531	2773201
2.87531	2774401
2.87531	2775601
2.87531	2776801
2.87921	2778001
2.87921	2779201
2.87921	2780401
2.87921	2781601
2.87921	2782801
2.87921	2784001
2.88311	2785201
2.88311	2786401
2.88311	2787601
2.88311	2788801
2.88311	2790001
2.88311	2791201
2.88701	2792401
2.88701	2793601
2.88701	2794801
2.88701	2796001
2.88701	2797201
2.88701	2798401
2.89091	2799601
2.89091	2800801
2.89091	2802001
2.89091	2803201
2.89091	2804401
2.89091	2805601
2.89481	2806801
2.89481	2808001
2.89481	2809201
2.89481	2810401
2.89481	2811601
2.89481	2812801
2.89871	2814001
2.89871	2815201
2.89871	2816401
2.89871	2817601
2.89871	2818801
2.89871	2820001
2.90261	2821201
2.90261	2822401
2.90261	2823601
2.90261	2824801
2.90261	2826001
2.90261	2827201
2.90651	2828401
2.90651	2829601
2.90651	2830801
2.90651	2832001
2.90651	2833201
2.90651	2834401
2.91041	2835601
2.91041	2836801
2.91041	2838001
2.91041	2839201
2.91041	2840401
2.91041	2841601
2.91431	2842801
2.91431	2844001
2.91431	2845201
2.91431	2846401
2.91431	2847601
2.91431	2848801
2.91821	2850001
2.91821	2851201
2.91821	2852401
2.91821	2853601
2.91821	2854801
2.91821	2856001
2.92211	2857201
2.92211	2858401
2.92211	2859601
2.92211	2860801
2.92211	2862001
2.92211	2863201
2.92601	2864401
2.92601	2865601
2.92601	2866801
2.92601	2868001
2.92601	2869201
2.92601	2870401
2.92991	2871601
2.92991	2872801
2.92991	2874001
2.92991	2875201
2.92991	2876401
2.92991	2877601
2.93381	2878801
2.93381	2880001
2.93381	2881201
2.93381	2882401
2.93381	2883601
2.93381	2884801
2.93771	2886001
2.93771	2887201
2.93771	2888401
2.93771	2889601
2.93771	2890801
2.93771	2892001
2.94161	2893201
2.94161	2894401
2.94161	2895601
2.94161	2896801
2.94161	2898001
2.94161	2899201
2.94551	2900401
2.94551	2901601
2.94551	2902801
2.94551	2904001
2.94551	2905201
2.94551	2906401
2.94941	2907601
2.94941	2908801
2.94941	2910001
2.94941	2911201
2.94941	2912401
2.94941	2913601
2.95331	2914801
2.95331	2916001
2.95331	2917201
2.95331	2918401
2.95331	2919601
2.95331	2920801
2.95721	2922001
2.95721	2923201
2.95721	2924401
2.95721	2925601
2.95721	2926801
2.95721	2928001
2.96111	2929201
2.96111	2930401
2.96111	2931601
2.96111	2932801
2.96111	2934001
2.96111	2935201
2.96501	2936401
2.96501	2937601
2.96501	2938801
2.96501	2940001
2.96501	2941201
2.96501	2942401
2.96891	2943601
2.96891	2944801
2.96891	2946001
2.96891	2947201
2.96891	2948401
2.96891	2949601
2.97281	2950801
2.97281	2952001
2.97281	2953201
2.97281	2954401
2.97281	2955601
2.97281	2956801
2.97671	2958001
2.97671	2959201
2.97671	2960401
2.97671	2961601
2.97671	2962801
2.97671	2964001
2.98061	2965201
2.98061	2966401
2.98061	2967601
2.98061	2968801
2.98061	2970001
2.98061	2971201
2.98451	2972401
2.98451	2973601
2.98451	2974801
2.98451	2976001
2.98451	2977201
2.98451	2978401
2.98841	2979601
2.98841	2980801
2.98841	2982001
2.98841	2983201
2.98841	2984401
2.98841	2985601
2.99231	2986801
2.99231	2988001
2.99231	2989201
2.99231	2990401
2.99231	2991601
2.99231	2992801
2.99621	2994001
2.99621	2995201
2.99621	2996401
2.99621	2997601
2.99621	2998801
2.99621	3000001
