0.0005 1 2 17.9266
0.0021 1 2 18.0961
0.0037 1 2 18.2128
0.0053 1 2 18.2376
0.0069 1 2 17.777
0.0085 1 2 17.9223
0.0101 1 2 18.6982
0.0117 1 2 19.3969
0.0133 1 2 19.5022
0.0149 1 2 19.4674
0.0165 1 2 19.2685
0.0181 1 2 19.3749
0.0197 1 2 18.9979
0.0213 1 2 18.5834
0.0229 1 2 5.4388
0.0245 1 2 5.01949
0.0261 1 2 4.65591
0.0277 1 2 5.55157
0.0293 1 2 5.68567
0.0309 1 2 5.41921
0.0325 1 2 6.95345
0.0341 1 2 7.62687
0.0357 1 2 8.1753
0.0373 1 2 7.84973
0.0389 1 2 8.87615
0.0405 1 2 9.40257
0.0421 1 2 15.9581
0.0437 1 2 11.2204
0.0453 1 2 17.9748
0.0469 1 2 12.3952
0.0485 1 2 17.1118
0.0501 1 2 12.147
0.0517 1 2 11.0648
0.0533 1 2 16.678
0.0549 1 2 17.101
0.0565 1 2 9.93334
0.0581 1 2 17.0722
0.0597 1 2 17.723
0.0613 1 2 16.7336
0.0629 1 2 15.0154
0.0645 1 2 6.40214
0.0661 1 2 14.4484
0.0677 1 2 5.14499
0.0693 1 2 15.2755
0.0709 1 2 4.00744
0.0725 1 2 18.6239
0.0741 1 2 18.525
0.0757 1 2 17.1269
0.0773 1 2 14.4992
0.0789 1 2 16.1129
0.0805 1 2 15.2693
0.0821 1 2 16.4178
0.0837 1 2 19.153
0.0853 1 2 15.6908
0.0869 1 2 16.9791
0.0885 1 2 16.5991
0.0901 1 2 17.1684
0.0917 1 2 17.0053
0.0933 1 2 18.3762
0.0949 1 2 14.4683
0.0965 1 2 17.8213
0.0981 1 2 -11.6217
0.0997 1 2 16.8124
0.1013 1 2 13.588
0.1029 1 2 15.2614
0.1045 1 2 13.5654
0.1061 1 2 13.3601
0.1077 1 2 16.183
0.1093 1 2 15.5447
0.1109 1 2 17.0434
0.1125 1 2 12.2446
0.1141 1 2 14.026
0.1157 1 2 10.2678
0.1173 1 2 9.08482
0.1189 1 2 0.47176
0.1205 1 2 2.06165
0.1221 1 2 12.0337
0.1237 1 2 12.5579
0.1253 1 2 0.335978
0.1269 1 2 9.59378
0.1285 1 2 8.29883
0.1301 1 2 -2.57043
0.1317 1 2 6.44653
0.1333 1 2 10.3461
0.1349 1 2 37.1184
0.1365 1 2 36.8133
0.1381 1 2 37.3486
0.1397 1 2 36.9707
0.1413 1 2 36.8982
0.1429 1 2 37.1233
0.1445 1 2 36.7195
0.1461 1 2 36.7375
0.1477 1 2 36.7333
0.1493 1 2 37.1026
0.1509 1 2 36.9697
0.1525 1 2 36.6459
0.1541 1 2 37.01
0.1557 1 2 37.8864
0.1573 1 2 37.7699
0.1589 1 2 37.301
0.1605 1 2 37.2114
0.1621 1 2 37.4329
0.1637 1 2 37.1466
0.1653 1 2 37.2239
0.1669 1 2 36.9094
0.1685 1 2 36.2647
0.1701 1 2 35.962
0.1717 1 2 35.8088
0.1733 1 2 36.3085
0.1749 1 2 36.123
0.1765 1 2 36.3188
0.1781 1 2 36.2594
0.1797 1 2 36.1241
0.1813 1 2 35.4837
0.1829 1 2 35.0495
0.1845 1 2 35.6358
0.1861 1 2 35.9402
0.1877 1 2 36.3823
0.1893 1 2 36.0819
0.1909 1 2 35.8222
0.1925 1 2 35.5608
0.1941 1 2 35.8269
0.1957 1 2 35.5972
0.1973 1 2 35.2733
0.1989 1 2 36.2177
0.2005 1 2 36.2813
0.2021 1 2 36.6551
0.2037 1 2 36.6567
0.2053 1 2 36.4331
0.2069 1 2 36.658
0.2085 1 2 36.3283
0.2101 1 2 35.8156
0.2117 1 2 36.2288
0.2133 1 2 36.8125
0.2149 1 2 36.8397
0.2165 1 2 36.9459
0.2181 1 2 36.9636
0.2197 1 2 37.0832
0.2213 1 2 36.8705
0.2229 1 2 37.5194
0.2245 1 2 37.0805
0.2261 1 2 38.1055
0.2277 1 2 37.5688
0.2293 1 2 37.279
0.2309 1 2 36.4967
0.2325 1 2 37.0665
0.2341 1 2 37.1326
0.2357 1 2 37.1553
0.2373 1 2 36.6194
0.2389 1 2 36.8703
0.2405 1 2 36.8798
0.2421 1 2 36.7333
0.2437 1 2 36.8224
0.2453 1 2 37.3526
0.2469 1 2 37.3202
0.2485 1 2 37.0105
0.2501 1 2 37.2414
0.2517 1 2 37.6215
0.2533 1 2 38.0038
0.2549 1 2 37.9454
0.2565 1 2 37.6233
0.2581 1 2 36.9632
0.2597 1 2 37.0941
0.2613 1 2 37.1166
0.2629 1 2 37.0046
0.2645 1 2 37.1332
0.2661 1 2 37.2589
0.2677 1 2 36.7005
0.2693 1 2 36.3349
0.2709 1 2 36.2608
0.2725 1 2 36.7178
0.2741 1 2 36.9067
0.2757 1 2 36.8887
0.2773 1 2 37.1801
0.2789 1 2 37.2458
0.2805 1 2 37.4339
0.2821 1 2 36.908
0.2837 1 2 37.6341
0.2853 1 2 37.4237
0.2869 1 2 37.7572
0.2885 1 2 38.1394
0.2901 1 2 38.7602
0.2917 1 2 38.7793
0.2933 1 2 38.9676
0.2949 1 2 39.7154
0.2965 1 2 39.8712
0.2981 1 2 40.1575
0.2997 1 2 40.034
0.3013 1 2 17.2039
0.3029 1 2 17.1402
0.3045 1 2 18.6814
0.3061 1 2 20.2262
0.3077 1 2 16.6055
0.3093 1 2 19.1328
0.3109 1 2 15.7938
0.3125 1 2 13.8177
0.3141 1 2 18.2715
0.3157 1 2 16.6503
0.3173 1 2 15.7767
0.3189 1 2 18.3792
0.3205 1 2 18.9935
0.3221 1 2 14.1332
0.3237 1 2 16.9658
0.3253 1 2 19.7634
0.3269 1 2 19.5731
0.3285 1 2 17.2961
0.3301 1 2 17.2302
0.3317 1 2 22.8708
0.3333 1 2 21.0009
0.3349 1 2 18.0932
0.3365 1 2 19.621
0.3381 1 2 22.2331
0.3397 1 2 21.7356
0.3413 1 2 25.1205
0.3429 1 2 22.6006
0.3445 1 2 25.3001
0.3461 1 2 23.2214
0.3477 1 2 25.3583
0.3493 1 2 25.6171
0.3509 1 2 23.5572
0.3525 1 2 24.1233
0.3541 1 2 20.8154
0.3557 1 2 23.712
0.3573 1 2 41.2564
0.3589 1 2 41.932
0.3605 1 2 41.2762
0.3621 1 2 41.16
0.3637 1 2 41.9194
0.3653 1 2 42.6177
0.3669 1 2 41.6543
0.3685 1 2 41.3331
0.3701 1 2 43.2334
0.3717 1 2 42.5332
0.3733 1 2 42.4411
0.3749 1 2 43.0161
0.3765 1 2 44.0306
0.3781 1 2 42.4594
0.3797 1 2 42.9676
0.3813 1 2 44.0326
0.3829 1 2 45.6627
0.3845 1 2 44.0227
0.3861 1 2 44.3384
0.3877 1 2 44.6583
0.3893 1 2 44.4766
0.3909 1 2 45.4416
0.3925 1 2 44.5189
0.3941 1 2 45.961
0.3957 1 2 45.4646
0.3973 1 2 45.3548
0.3989 1 2 46.086
0.4005 1 2 46.4778
0.4021 1 2 46.5776
0.4037 1 2 46.9723
0.4053 1 2 48.0899
0.4069 1 2 48.0265
0.4085 1 2 47.6221
0.4101 1 2 47.625
0.4117 1 2 48.061
0.4133 1 2 47.7839
0.4149 1 2 47.6044
0.4165 1 2 48.1871
0.4181 1 2 48.2499
0.4197 1 2 47.8285
0.4213 1 2 47.9112
0.4229 1 2 48.0267
0.4245 1 2 47.426
0.4261 1 2 47.7587
0.4277 1 2 47.2344
0.4293 1 2 47.9245
0.4309 1 2 47.3155
0.4325 1 2 48.0976
0.4341 1 2 47.9285
0.4357 1 2 48.0034
0.4373 1 2 47.3956
0.4389 1 2 47.4759
0.4405 1 2 47.3738
0.4421 1 2 47.3666
0.4437 1 2 47.662
0.4453 1 2 47.0685
0.4469 1 2 47.5058
0.4485 1 2 47.6072
0.4501 1 2 47.6531
0.4517 1 2 47.2972
0.4533 1 2 46.4525
0.4549 1 2 46.6168
0.4565 1 2 46.6286
0.4581 1 2 46.6965
0.4597 1 2 46.7988
0.4613 1 2 46.527
0.4629 1 2 46.6191
0.4645 1 2 46.9785
0.4661 1 2 47.0055
0.4677 1 2 47.2978
0.4693 1 2 47.1941
0.4709 1 2 46.8963
0.4725 1 2 46.7874
0.4741 1 2 46.5506
0.4757 1 2 46.1005
0.4773 1 2 46.1781
0.4789 1 2 45.9483
0.4805 1 2 45.6225
0.4821 1 2 45.4502
0.4837 1 2 44.9867
0.4853 1 2 45.11
0.4869 1 2 44.9818
0.4885 1 2 45.4564
0.4901 1 2 45.5024
0.4917 1 2 44.7526
0.4933 1 2 44.9574
0.4949 1 2 44.1509
0.4965 1 2 43.67
0.4981 1 2 43.2957
0.4997 1 2 42.4941
0.5013 1 2 41.4797
0.5029 1 2 40.4705
0.5045 1 2 40.116
0.5061 1 2 40.0126
0.5077 1 2 39.6655
0.5093 1 2 3.48236
0.5109 1 2 1.56831
0.5125 1 2 -4.9785
0.5141 1 2 -3.48745
0.5157 1 2 3.98286
0.5173 1 2 -3.5222
0.5189 1 2 -1.2359
0.5205 1 2 -0.882086
0.5221 1 2 0.31049
0.5237 1 2 0.64603
0.5253 1 2 6.01191
0.5269 1 2 5.59815
0.5285 1 2 -1.05746
0.5301 1 2 1.89678
0.5317 1 2 5.35431
0.5333 1 2 0.488593
0.5349 1 2 2.79092
0.5365 1 2 4.91835
0.5381 1 2 3.1926
0.5397 1 2 -2.08301
0.5413 1 2 6.0741
0.5429 1 2 -0.949311
0.5445 1 2 3.88742
0.5461 1 2 3.12413
0.5477 1 2 -2.5849
0.5493 1 2 2.57987
0.5509 1 2 0.212171
0.5525 1 2 -3.03456
0.5541 1 2 0.550909
0.5557 1 2 -2.78145
0.5573 1 2 -0.64187
0.5589 1 2 0.693007
0.5605 1 2 -1.86395
0.5621 1 2 2.96095
0.5637 1 2 2.00093
0.5653 1 2 -6.20342
0.5669 1 2 0.76682
0.5685 1 2 2.95903
0.5701 1 2 -5.06041
0.5717 1 2 -4.84506
0.5733 1 2 -4.28449
0.5749 1 2 -1.68965
0.5765 1 2 2.23286
0.5781 1 2 0.029736
0.5797 1 2 1.2498
0.5813 1 2 -1.12318
0.5829 1 2 -0.690734
0.5845 1 2 1.27445
0.5861 1 2 -3.18677
0.5877 1 2 -3.41383
0.5893 1 2 -3.61607
0.5909 1 2 -2.50091
0.5925 1 2 -0.186288
0.5941 1 2 -4.06011
0.5957 1 2 2.4293
0.5973 1 2 2.00792
0.5989 1 2 0.565347
0.6005 1 2 5.38195
0.6021 1 2 -1.99876
0.6037 1 2 -3.69866
0.6053 1 2 -0.617788
0.6069 1 2 2.43485
0.6085 1 2 -1.88478
0.6101 1 2 -2.70612
0.6117 1 2 -2.60489
0.6133 1 2 -3.32749
0.6149 1 2 -1.55518
0.6165 1 2 -0.564657
0.6181 1 2 -2.12723
0.6197 1 2 -0.672214
0.6213 1 2 -4.78568
0.6229 1 2 -4.24832
0.6245 1 2 -3.57947
0.6261 1 2 -4.14328
0.6277 1 2 -0.941812
0.6293 1 2 -2.04808
0.6309 1 2 -2.98532
0.6325 1 2 1.3293
0.6341 1 2 33.3121
0.6357 1 2 33.9811
0.6373 1 2 34.0304
0.6389 1 2 32.6454
0.6405 1 2 32.6341
0.6421 1 2 34.0633
0.6437 1 2 33.1471
0.6453 1 2 34.7003
0.6469 1 2 33.4009
0.6485 1 2 34.9116
0.6501 1 2 34.6882
0.6517 1 2 34.4854
0.6533 1 2 34.8914
0.6549 1 2 34.9787
0.6565 1 2 34.7783
0.6581 1 2 35.5007
0.6597 1 2 34.6736
0.6613 1 2 34.5699
0.6629 1 2 34.7262
0.6645 1 2 34.9353
0.6661 1 2 35.1035
0.6677 1 2 34.8932
0.6693 1 2 34.8302
0.6709 1 2 34.4089
0.6725 1 2 34.6112
0.6741 1 2 33.5776
0.6757 1 2 33.5615
0.6773 1 2 33.7858
0.6789 1 2 33.3296
0.6805 1 2 33.8746
0.6821 1 2 35.2156
0.6837 1 2 35.0268
0.6853 1 2 34.4958
0.6869 1 2 35.1281
0.6885 1 2 35.0567
0.6901 1 2 35.5929
0.6917 1 2 35.8464
0.6933 1 2 36.2096
0.6949 1 2 36.1328
0.6965 1 2 36.6179
0.6981 1 2 35.1436
0.6997 1 2 34.9389
0.7013 1 2 34.3505
0.7029 1 2 35.3139
0.7045 1 2 35.0659
0.7061 1 2 34.2821
0.7077 1 2 35.5556
0.7093 1 2 35.6215
0.7109 1 2 35.8013
0.7125 1 2 36.3583
0.7141 1 2 35.7114
0.7157 1 2 36.0327
0.7173 1 2 36.5993
0.7189 1 2 36.4704
0.7205 1 2 37.0668
0.7221 1 2 37.8097
0.7237 1 2 36.6271
0.7253 1 2 36.0184
0.7269 1 2 36.4816
0.7285 1 2 36.1653
0.7301 1 2 36.0857
0.7317 1 2 36.3363
0.7333 1 2 35.8001
0.7349 1 2 35.5848
0.7365 1 2 34.1866
0.7381 1 2 35.2049
0.7397 1 2 35.6234
0.7413 1 2 34.3225
0.7429 1 2 35.4433
0.7445 1 2 35.1596
0.7461 1 2 34.5578
0.7477 1 2 35.3017
0.7493 1 2 34.362
0.7509 1 2 34.1194
0.7525 1 2 34.1579
0.7541 1 2 33.6896
0.7557 1 2 32.679
0.7573 1 2 32.4922
0.7589 1 2 32.194
0.7605 1 2 33.8313
0.7621 1 2 32.7121
0.7637 1 2 32.7341
0.7653 1 2 33.0951
0.7669 1 2 31.7105
0.7685 1 2 33.0879
0.7701 1 2 32.5353
0.7717 1 2 32.1323
0.7733 1 2 32.2787
0.7749 1 2 31.7856
0.7765 1 2 31.9096
0.7781 1 2 30.8692
0.7797 1 2 31.4041
0.7813 1 2 31.4631
0.7829 1 2 30.0583
0.7845 1 2 30.2085
0.7861 1 2 29.6614
0.7877 1 2 30.1066
0.7893 1 2 29.3106
0.7909 1 2 30.3577
0.7925 1 2 29.7822
0.7941 1 2 29.8825
0.7957 1 2 30.1738
0.7973 1 2 30.4772
0.7989 1 2 29.9867
0.8005 1 2 30.1906
0.8021 1 2 30.1998
0.8037 1 2 31.0952
0.8053 1 2 30.2229
0.8069 1 2 28.7307
0.8085 1 2 29.5731
0.8101 1 2 28.0289
0.8117 1 2 29.8101
0.8133 1 2 28.7217
0.8149 1 2 29.2875
0.8165 1 2 28.4262
0.8181 1 2 28.0505
0.8197 1 2 26.9615
0.8213 1 2 26.2545
0.8229 1 2 28.2354
0.8245 1 2 29.1142
0.8261 1 2 28.2422
0.8277 1 2 28.0636
0.8293 1 2 30.1239
0.8309 1 2 28.1106
0.8325 1 2 28.4018
0.8341 1 2 27.8294
0.8357 1 2 26.7899
0.8373 1 2 29.3762
0.8389 1 2 26.6813
0.8405 1 2 26.3045
0.8421 1 2 26.1574
0.8437 1 2 24.7644
0.8453 1 2 24.638
0.8469 1 2 24.1416
0.8485 1 2 28.0541
0.8501 1 2 27.3831
0.8517 1 2 24.838
0.8533 1 2 26.4684
0.8549 1 2 29.4086
0.8565 1 2 27.8082
0.8581 1 2 26.5584
0.8597 1 2 24.9967
0.8613 1 2 25.5143
0.8629 1 2 18.6593
0.8645 1 2 20.428
0.8661 1 2 26.1985
0.8677 1 2 21.4273
0.8693 1 2 26.6461
0.8709 1 2 24.651
0.8725 1 2 22.256
0.8741 1 2 24.1905
0.8757 1 2 24.1101
0.8773 1 2 26.9945
0.8789 1 2 23.4811
0.8805 1 2 23.9303
0.8821 1 2 25.7492
0.8837 1 2 24.6272
0.8853 1 2 25.5223
0.8869 1 2 24.5069
0.8885 1 2 25.8909
0.8901 1 2 24.5984
0.8917 1 2 24.6064
0.8933 1 2 25.93
0.8949 1 2 20.9963
0.8965 1 2 21.864
0.8981 1 2 25.74
0.8997 1 2 26.9584
0.9013 1 2 24.4378
0.9029 1 2 22.5048
0.9045 1 2 23.2294
0.9061 1 2 26.3905
0.9077 1 2 24.5313
0.9093 1 2 26.1619
0.9109 1 2 24.642
0.9125 1 2 27.5705
0.9141 1 2 26.5727
0.9157 1 2 26.1424
0.9173 1 2 24.9437
0.9189 1 2 27.38
0.9205 1 2 26.1983
0.9221 1 2 27.7154
0.9237 1 2 27.7973
0.9253 1 2 27.3604
0.9269 1 2 26.1662
0.9285 1 2 26.3705
0.9301 1 2 26.1374
0.9317 1 2 27.1722
0.9333 1 2 25.9919
0.9349 1 2 26.5019
0.9365 1 2 26.1151
0.9381 1 2 25.7276
0.9397 1 2 26.5155
0.9413 1 2 25.84
0.9429 1 2 26.303
0.9445 1 2 26.4243
0.9461 1 2 26.005
0.9477 1 2 26.7856
0.9493 1 2 27.2567
0.9509 1 2 27.58
0.9525 1 2 27.6981
0.9541 1 2 28.1971
0.9557 1 2 28.4294
0.9573 1 2 28.6283
0.9589 1 2 28.7986
0.9605 1 2 28.5656
0.9621 1 2 29.6604
0.9637 1 2 29.0309
0.9653 1 2 28.8328
0.9669 1 2 28.9853
0.9685 1 2 28.5363
0.9701 1 2 28.0276
0.9717 1 2 27.84
0.9733 1 2 27.6745
0.9749 1 2 27.4879
0.9765 1 2 27.3889
0.9781 1 2 27.7166
0.9797 1 2 27.7835
0.9813 1 2 27.7213
0.9829 1 2 28.1873
0.9845 1 2 27.3598
0.9861 1 2 27.2239
0.9877 1 2 27.0495
0.9893 1 2 27.385
0.9909 1 2 26.9975
0.9925 1 2 27.231
0.9941 1 2 27.8617
0.9957 1 2 28.6821
0.9973 1 2 28.1792
0.9989 1 2 27.7492
1.0005 1 2 27.9912
1.0021 1 2 28.2921
1.0037 1 2 28.5911
1.0053 1 2 28.9063
1.0069 1 2 29.9357
1.0085 1 2 30.421
1.0101 1 2 31.0772
1.0117 1 2 30.9509
1.0133 1 2 30.9154
1.0149 1 2 30.8419
1.0165 1 2 30.7977
1.0181 1 2 30.4505
1.0197 1 2 31.0204
1.0213 1 2 31.6947
1.0229 1 2 31.9961
1.0245 1 2 31.6584
1.0261 1 2 31.6966
1.0277 1 2 32.018
1.0293 1 2 32.1577
1.0309 1 2 31.9462
1.0325 1 2 31.5134
1.0341 1 2 31.7091
1.0357 1 2 31.0548
1.0373 1 2 30.994
1.0389 1 2 31.104
1.0405 1 2 31.3081
1.0421 1 2 32.2624
1.0437 1 2 32.3881
1.0453 1 2 32.6136
1.0469 1 2 32.9894
1.0485 1 2 33.0001
1.0501 1 2 32.8309
1.0517 1 2 32.7896
1.0533 1 2 32.2071
1.0549 1 2 31.4034
1.0565 1 2 31.4498
1.0581 1 2 31.7502
1.0597 1 2 31.744
1.0613 1 2 31.7079
1.0629 1 2 31.0944
1.0645 1 2 31.5299
1.0661 1 2 31.3814
1.0677 1 2 31.1432
1.0693 1 2 31.1741
1.0709 1 2 31.7244
1.0725 1 2 30.8351
1.0741 1 2 30.763
1.0757 1 2 30.6288
1.0773 1 2 31.4639
1.0789 1 2 31.279
1.0805 1 2 31.6686
1.0821 1 2 31.5405
1.0837 1 2 31.4664
1.0853 1 2 31.3495
1.0869 1 2 31.4464
1.0885 1 2 31.1156
1.0901 1 2 31.3089
1.0917 1 2 31.6307
1.0933 1 2 31.5672
1.0949 1 2 30.9591
1.0965 1 2 30.5178
1.0981 1 2 30.1672
1.0997 1 2 29.5734
1.1013 1 2 29.3322
1.1029 1 2 30.073
1.1045 1 2 29.9307
1.1061 1 2 29.9976
1.1077 1 2 30.2217
1.1093 1 2 30.2923
1.1109 1 2 30.7922
1.1125 1 2 30.1436
1.1141 1 2 29.247
1.1157 1 2 29.6068
1.1173 1 2 29.0478
1.1189 1 2 29.5782
1.1205 1 2 29.5707
1.1221 1 2 29.3674
1.1237 1 2 28.4148
1.1253 1 2 27.9029
1.1269 1 2 28.0794
1.1285 1 2 27.5184
1.1301 1 2 27.7966
1.1317 1 2 27.7639
1.1333 1 2 27.4031
1.1349 1 2 28.5763
1.1365 1 2 28.6097
1.1381 1 2 28.2135
1.1397 1 2 27.513
1.1413 1 2 27.2487
1.1429 1 2 27.8302
1.1445 1 2 28.0458
1.1461 1 2 28.1803
1.1477 1 2 27.7459
1.1493 1 2 27.7946
1.1509 1 2 27.5742
1.1525 1 2 27.6868
1.1541 1 2 28.0378
1.1557 1 2 27.7457
1.1573 1 2 28.5806
1.1589 1 2 28.9878
1.1605 1 2 28.4744
1.1621 1 2 28.3564
1.1637 1 2 29.3302
1.1653 1 2 29.247
1.1669 1 2 29.506
1.1685 1 2 29.5849
1.1701 1 2 29.4234
1.1717 1 2 29.6778
1.1733 1 2 29.9055
1.1749 1 2 29.8045
1.1765 1 2 29.8672
1.1781 1 2 30.1133
1.1797 1 2 29.8977
1.1813 1 2 29.3257
1.1829 1 2 29.5957
1.1845 1 2 28.9216
1.1861 1 2 29.1617
1.1877 1 2 29.0539
1.1893 1 2 29.7305
1.1909 1 2 29.543
1.1925 1 2 28.8434
1.1941 1 2 28.2596
1.1957 1 2 27.925
1.1973 1 2 28.3558
1.1989 1 2 28.4587
1.2005 1 2 28.8351
1.2021 1 2 28.5256
1.2037 1 2 28.7125
1.2053 1 2 28.6303
1.2069 1 2 28.9192
1.2085 1 2 28.9009
1.2101 1 2 28.4223
1.2117 1 2 28.7679
1.2133 1 2 29.4669
1.2149 1 2 29.4222
1.2165 1 2 30.0154
1.2181 1 2 30.8864
1.2197 1 2 30.5027
1.2213 1 2 31.2105
1.2229 1 2 31.2713
1.2245 1 2 31.1983
1.2261 1 2 31.047
1.2277 1 2 30.6842
1.2293 1 2 30.4798
1.2309 1 2 29.7855
1.2325 1 2 29.6184
1.2341 1 2 29.5125
1.2357 1 2 29.3718
1.2373 1 2 28.9779
1.2389 1 2 28.8781
1.2405 1 2 28.8957
1.2421 1 2 28.8678
1.2437 1 2 28.6179
1.2453 1 2 28.5463
1.2469 1 2 28.2578
1.2485 1 2 28.58
1.2501 1 2 28.178
1.2517 1 2 27.6125
1.2533 1 2 27.2444
1.2549 1 2 27.2784
1.2565 1 2 27.0765
1.2581 1 2 26.5544
1.2597 1 2 26.0473
1.2613 1 2 26.2111
1.2629 1 2 26.3003
1.2645 1 2 26.262
1.2661 1 2 25.8892
1.2677 1 2 25.6566
1.2693 1 2 26.1573
1.2709 1 2 26.6038
1.2725 1 2 25.8146
1.2741 1 2 25.8489
1.2757 1 2 25.9536
1.2773 1 2 25.8652
1.2789 1 2 25.8314
1.2805 1 2 26.5215
1.2821 1 2 26.5866
1.2837 1 2 26.9196
1.2853 1 2 26.5967
1.2869 1 2 27.4941
1.2885 1 2 27.2432
1.2901 1 2 28.2832
1.2917 1 2 28.4126
1.2933 1 2 28.1175
1.2949 1 2 27.8775
1.2965 1 2 27.5848
1.2981 1 2 27.3049
1.2997 1 2 27.6214
1.3013 1 2 27.839
1.3029 1 2 27.8469
1.3045 1 2 27.0178
1.3061 1 2 27.1048
1.3077 1 2 27.5375
1.3093 1 2 27.7095
1.3109 1 2 27.86
1.3125 1 2 28.0232
1.3141 1 2 27.6218
1.3157 1 2 27.7202
1.3173 1 2 27.6206
1.3189 1 2 27.7569
1.3205 1 2 27.8555
1.3221 1 2 27.9075
1.3237 1 2 27.7413
1.3253 1 2 27.9579
1.3269 1 2 27.8369
1.3285 1 2 27.6332
1.3301 1 2 27.3089
1.3317 1 2 27.4548
1.3333 1 2 27.3515
1.3349 1 2 27.6732
1.3365 1 2 27.7427
1.3381 1 2 28.0151
1.3397 1 2 28.401
1.3413 1 2 27.9398
1.3429 1 2 28.6466
1.3445 1 2 29.4684
1.3461 1 2 29.2155
1.3477 1 2 28.5613
1.3493 1 2 28.229
1.3509 1 2 28.3192
1.3525 1 2 28.4112
1.3541 1 2 28.176
1.3557 1 2 28.1952
1.3573 1 2 27.761
1.3589 1 2 27.6068
1.3605 1 2 27.3201
1.3621 1 2 26.8877
1.3637 1 2 27.3905
1.3653 1 2 27.6391
1.3669 1 2 27.5101
1.3685 1 2 27.4444
1.3701 1 2 27.706
1.3717 1 2 27.6113
1.3733 1 2 27.4324
1.3749 1 2 27.2355
1.3765 1 2 26.9212
1.3781 1 2 26.2856
1.3797 1 2 26.6098
1.3813 1 2 26.0734
1.3829 1 2 25.4503
1.3845 1 2 24.6014
1.3861 1 2 24.3924
1.3877 1 2 24.5033
1.3893 1 2 23.5766
1.3909 1 2 23.3176
1.3925 1 2 23.0454
1.3941 1 2 22.9478
1.3957 1 2 22.8201
1.3973 1 2 22.5297
1.3989 1 2 23.0784
1.4005 1 2 22.7045
1.4021 1 2 23.1177
1.4037 1 2 23.3656
1.4053 1 2 22.9957
1.4069 1 2 22.7066
1.4085 1 2 22.8151
1.4101 1 2 22.5603
1.4117 1 2 22.7418
1.4133 1 2 23.1341
1.4149 1 2 23.5508
1.4165 1 2 23.5346
1.4181 1 2 22.6777
1.4197 1 2 22.6653
1.4213 1 2 22.0789
1.4229 1 2 22.8708
1.4245 1 2 22.8834
1.4261 1 2 22.7475
1.4277 1 2 23.4401
1.4293 1 2 23.2175
1.4309 1 2 22.4258
1.4325 1 2 22.4128
1.4341 1 2 22.2755
1.4357 1 2 21.0049
1.4373 1 2 20.7906
1.4389 1 2 20.7713
1.4405 1 2 21.1508
1.4421 1 2 21.9278
1.4437 1 2 21.117
1.4453 1 2 20.9354
1.4469 1 2 20.2987
1.4485 1 2 20.9473
1.4501 1 2 20.898
1.4517 1 2 20.3357
1.4533 1 2 20.6401
1.4549 1 2 22.1431
1.4565 1 2 20.8337
1.4581 1 2 20.3264
1.4597 1 2 20.4505
1.4613 1 2 20.5127
1.4629 1 2 19.6189
1.4645 1 2 19.1456
1.4661 1 2 19.6421
1.4677 1 2 18.3665
1.4693 1 2 18.8356
1.4709 1 2 18.3612
1.4725 1 2 18.9703
1.4741 1 2 18.0889
1.4757 1 2 18.7063
1.4773 1 2 17.7484
1.4789 1 2 18.5203
1.4805 1 2 17.1669
1.4821 1 2 17.2554
1.4837 1 2 17.1528
1.4853 1 2 17.6624
1.4869 1 2 17.3947
1.4885 1 2 17.7575
1.4901 1 2 17.3568
1.4917 1 2 16.1265
1.4933 1 2 15.4138
1.4949 1 2 16.3134
1.4965 1 2 14.4774
1.4981 1 2 15.0155
1.4997 1 2 12.831
1.5013 1 2 13.5502
1.5029 1 2 13.6161
1.5045 1 2 13.4627
1.5061 1 2 13.5729
1.5077 1 2 12.7709
1.5093 1 2 14.7096
1.5109 1 2 14.6046
1.5125 1 2 15.0992
1.5141 1 2 14.9047
1.5157 1 2 14.309
1.5173 1 2 15.1354
1.5189 1 2 15.333
1.5205 1 2 14.1987
1.5221 1 2 13.6922
1.5237 1 2 14.6987
1.5253 1 2 13.2769
1.5269 1 2 12.905
1.5285 1 2 12.5675
1.5301 1 2 11.907
1.5317 1 2 11.1495
1.5333 1 2 12.2688
1.5349 1 2 11.106
1.5365 1 2 9.53856
1.5381 1 2 9.48302
1.5397 1 2 9.14559
1.5413 1 2 7.3663
1.5429 1 2 8.58183
1.5445 1 2 6.15638
1.5461 1 2 6.91145
1.5477 1 2 6.94152
1.5493 1 2 7.78262
1.5509 1 2 5.75994
1.5525 1 2 5.04286
1.5541 1 2 6.24704
1.5557 1 2 7.46767
1.5573 1 2 5.6483
1.5589 1 2 3.08338
1.5605 1 2 4.39671
1.5621 1 2 4.70606
1.5637 1 2 4.69405
1.5653 1 2 3.38517
1.5669 1 2 1.59907
1.5685 1 2 2.0611
1.5701 1 2 1.48405
1.5717 1 2 0.323544
1.5733 1 2 0.643046
1.5749 1 2 1.18178
1.5765 1 2 2.24228
1.5781 1 2 -0.238909
1.5797 1 2 -0.0856164
1.5813 1 2 1.08977
1.5829 1 2 -4.93597
1.5845 1 2 -8.71632
1.5861 1 2 -5.51604
1.5877 1 2 -9.53396
1.5893 1 2 -7.1727
1.5909 1 2 -7.64956
1.5925 1 2 -9.18757
1.5941 1 2 -14.8023
1.5957 1 2 -12.351
1.5973 1 2 -2.72817
1.5989 1 2 -0.233871
1.6005 1 2 -0.539928
1.6021 1 2 0.377701
1.6037 1 2 -2.35525
1.6053 1 2 -1.48652
1.6069 1 2 -0.675004
1.6085 1 2 1.424
1.6101 1 2 4.97954
1.6117 1 2 5.06143
1.6133 1 2 3.46893
1.6149 1 2 6.87535
1.6165 1 2 5.72345
1.6181 1 2 7.68826
1.6197 1 2 8.71224
1.6213 1 2 7.8101
1.6229 1 2 7.27732
1.6245 1 2 7.71451
1.6261 1 2 9.22171
1.6277 1 2 11.3049
1.6293 1 2 10.7839
1.6309 1 2 11.3165
1.6325 1 2 11.282
1.6341 1 2 10.9143
1.6357 1 2 11.9573
1.6373 1 2 11.9465
1.6389 1 2 12.5066
1.6405 1 2 12.074
1.6421 1 2 12.3435
1.6437 1 2 12.5706
1.6453 1 2 11.794
1.6469 1 2 11.6511
1.6485 1 2 11.7723
1.6501 1 2 11.7657
1.6517 1 2 12.5223
1.6533 1 2 12.6048
1.6549 1 2 12.9221
1.6565 1 2 11.4034
1.6581 1 2 12.5445
1.6597 1 2 12.424
1.6613 1 2 11.6715
1.6629 1 2 12.057
1.6645 1 2 12.138
1.6661 1 2 12.1362
1.6677 1 2 12.3954
1.6693 1 2 11.1534
1.6709 1 2 11.7576
1.6725 1 2 11.6853
1.6741 1 2 12.0799
1.6757 1 2 12.8762
1.6773 1 2 12.5726
1.6789 1 2 12.1366
1.6805 1 2 11.7784
1.6821 1 2 11.5435
1.6837 1 2 12.0123
1.6853 1 2 12.8638
1.6869 1 2 12.225
1.6885 1 2 12.3596
1.6901 1 2 12.2712
1.6917 1 2 12.4458
1.6933 1 2 12.6147
1.6949 1 2 12.8619
1.6965 1 2 12.7022
1.6981 1 2 13.0914
1.6997 1 2 12.8715
1.7013 1 2 13.6302
1.7029 1 2 13.9084
1.7045 1 2 14.2638
1.7061 1 2 14.3649
1.7077 1 2 14.6872
1.7093 1 2 14.8933
1.7109 1 2 15.5298
1.7125 1 2 15.9825
1.7141 1 2 16.0028
1.7157 1 2 16.2808
1.7173 1 2 17.1258
1.7189 1 2 17.102
1.7205 1 2 16.7552
1.7221 1 2 17.4053
1.7237 1 2 16.9195
1.7253 1 2 16.4784
1.7269 1 2 16.9673
1.7285 1 2 16.1305
1.7301 1 2 16.296
1.7317 1 2 15.8474
1.7333 1 2 15.8997
1.7349 1 2 15.9992
1.7365 1 2 16.3137
1.7381 1 2 16.3804
1.7397 1 2 16.1474
1.7413 1 2 16.2349
1.7429 1 2 15.6083
1.7445 1 2 15.5645
1.7461 1 2 15.9008
1.7477 1 2 15.8591
1.7493 1 2 16.5497
1.7509 1 2 17.012
1.7525 1 2 16.7835
1.7541 1 2 17.6738
1.7557 1 2 17.5249
1.7573 1 2 17.2642
1.7589 1 2 17.403
1.7605 1 2 18.3519
1.7621 1 2 18.1225
1.7637 1 2 17.8513
1.7653 1 2 18.4929
1.7669 1 2 18.9679
1.7685 1 2 18.5266
1.7701 1 2 18.6859
1.7717 1 2 18.5928
1.7733 1 2 18.486
1.7749 1 2 18.436
1.7765 1 2 19.3162
1.7781 1 2 19.1799
1.7797 1 2 19.6082
1.7813 1 2 19.7183
1.7829 1 2 20.0947
1.7845 1 2 20.4182
1.7861 1 2 20.1993
1.7877 1 2 20.785
1.7893 1 2 20.4892
1.7909 1 2 20.487
1.7925 1 2 20.6928
1.7941 1 2 21.2909
1.7957 1 2 21.201
1.7973 1 2 21.2809
1.7989 1 2 20.9818
1.8005 1 2 20.9904
1.8021 1 2 21.6112
1.8037 1 2 22.0033
1.8053 1 2 21.8878
1.8069 1 2 21.8848
1.8085 1 2 21.8846
1.8101 1 2 21.4766
1.8117 1 2 22.1525
1.8133 1 2 22.46
1.8149 1 2 22.986
1.8165 1 2 22.683
1.8181 1 2 23.0223
1.8197 1 2 23.4573
1.8213 1 2 22.9877
1.8229 1 2 22.9598
1.8245 1 2 22.5062
1.8261 1 2 22.2394
1.8277 1 2 22.0335
1.8293 1 2 22.992
1.8309 1 2 22.6414
1.8325 1 2 22.2497
1.8341 1 2 22.2363
1.8357 1 2 22.1785
1.8373 1 2 22.3531
1.8389 1 2 22.0688
1.8405 1 2 22.1099
1.8421 1 2 22.2756
1.8437 1 2 22.4572
1.8453 1 2 22.2493
1.8469 1 2 22.4736
1.8485 1 2 21.5537
1.8501 1 2 21.3417
1.8517 1 2 21.3513
1.8533 1 2 21.3666
1.8549 1 2 21.1326
1.8565 1 2 20.804
1.8581 1 2 21.3972
1.8597 1 2 20.9257
1.8613 1 2 21.0636
1.8629 1 2 20.543
1.8645 1 2 20.4684
1.8661 1 2 20.5641
1.8677 1 2 20.6642
1.8693 1 2 20.1347
1.8709 1 2 19.7041
1.8725 1 2 20.0083
1.8741 1 2 20.1211
1.8757 1 2 20.143
1.8773 1 2 20.4732
1.8789 1 2 20.2064
1.8805 1 2 20.3191
1.8821 1 2 19.9701
1.8837 1 2 20.1728
1.8853 1 2 19.9306
1.8869 1 2 20.1343
1.8885 1 2 19.2681
1.8901 1 2 19.3462
1.8917 1 2 19.3952
1.8933 1 2 19.1528
1.8949 1 2 19.2362
1.8965 1 2 18.8389
1.8981 1 2 18.8761
1.8997 1 2 19.4876
1.9013 1 2 20.1432
1.9029 1 2 20.1451
1.9045 1 2 19.8063
1.9061 1 2 19.6075
1.9077 1 2 20.026
1.9093 1 2 20.1753
1.9109 1 2 19.8748
1.9125 1 2 19.2573
1.9141 1 2 19.3286
1.9157 1 2 19.0319
1.9173 1 2 18.3421
1.9189 1 2 18.6677
1.9205 1 2 18.2373
1.9221 1 2 17.9325
1.9237 1 2 18.8434
1.9253 1 2 18.56
1.9269 1 2 18.1061
1.9285 1 2 18.0282
1.9301 1 2 18.5013
1.9317 1 2 18.2813
1.9333 1 2 18.4204
1.9349 1 2 18.6301
1.9365 1 2 19.3399
1.9381 1 2 19.604
1.9397 1 2 19.5862
1.9413 1 2 19.0983
1.9429 1 2 19.2144
1.9445 1 2 18.8782
1.9461 1 2 18.6205
1.9477 1 2 18.771
1.9493 1 2 18.8445
1.9509 1 2 18.1927
1.9525 1 2 18.2902
1.9541 1 2 17.6965
1.9557 1 2 18.1512
1.9573 1 2 18.8017
1.9589 1 2 18.7897
1.9605 1 2 18.5044
1.9621 1 2 19.0533
1.9637 1 2 19.6345
1.9653 1 2 19.4278
1.9669 1 2 19.8767
1.9685 1 2 20.2537
1.9701 1 2 20.8981
1.9717 1 2 21.1276
1.9733 1 2 21.111
1.9749 1 2 21.2367
1.9765 1 2 21.0992
1.9781 1 2 21.1651
1.9797 1 2 20.7884
1.9813 1 2 20.9623
1.9829 1 2 21.4441
1.9845 1 2 21.697
1.9861 1 2 22.4195
1.9877 1 2 21.8637
1.9893 1 2 22.136
1.9909 1 2 22.6267
1.9925 1 2 23.1994
1.9941 1 2 23.3911
1.9957 1 2 23.5881
1.9973 1 2 23.4346
1.9989 1 2 23.2565
2.0005 1 2 23.327
2.0021 1 2 22.9828
2.0037 1 2 23.2489
2.0053 1 2 23.0676
2.0069 1 2 23.035
2.0085 1 2 22.7464
2.0101 1 2 23.4071
2.0117 1 2 22.835
2.0133 1 2 22.8868
2.0149 1 2 22.9015
2.0165 1 2 22.9515
2.0181 1 2 22.8139
2.0197 1 2 23.1157
2.0213 1 2 22.4643
2.0229 1 2 22.6616
2.0245 1 2 21.9893
2.0261 1 2 22.076
2.0277 1 2 22.0297
2.0293 1 2 22.4663
2.0309 1 2 22.1521
2.0325 1 2 22.5606
2.0341 1 2 22.1205
2.0357 1 2 22.0411
2.0373 1 2 22.0764
2.0389 1 2 22.5429
2.0405 1 2 22.8041
2.0421 1 2 22.9468
2.0437 1 2 23.1429
2.0453 1 2 23.0136
2.0469 1 2 22.8013
2.0485 1 2 23.0571
2.0501 1 2 22.7208
2.0517 1 2 22.5752
2.0533 1 2 22.7705
2.0549 1 2 23.1161
2.0565 1 2 23.6591
2.0581 1 2 23.5788
2.0597 1 2 23.8513
2.0613 1 2 23.909
2.0629 1 2 23.6176
2.0645 1 2 23.7963
2.0661 1 2 23.4161
2.0677 1 2 23.1985
2.0693 1 2 23.6373
2.0709 1 2 23.3946
2.0725 1 2 23.529
2.0741 1 2 23.7839
2.0757 1 2 23.7273
2.0773 1 2 23.5377
2.0789 1 2 23.8278
2.0805 1 2 23.9531
2.0821 1 2 24.4943
2.0837 1 2 24.5365
2.0853 1 2 24.2566
2.0869 1 2 24.0152
2.0885 1 2 24.1676
2.0901 1 2 24.2854
2.0917 1 2 23.6407
2.0933 1 2 24.2206
2.0949 1 2 24.0704
2.0965 1 2 23.9595
2.0981 1 2 24.0136
2.0997 1 2 24.58
2.1013 1 2 24.7377
2.1029 1 2 24.6068
2.1045 1 2 24.6977
2.1061 1 2 24.9735
2.1077 1 2 24.4406
2.1093 1 2 24.8708
2.1109 1 2 25.5442
2.1125 1 2 25.3648
2.1141 1 2 25.6201
2.1157 1 2 25.5259
2.1173 1 2 26.2801
2.1189 1 2 26.2995
2.1205 1 2 26.0463
2.1221 1 2 26.0322
2.1237 1 2 26.0688
2.1253 1 2 26.565
2.1269 1 2 26.7572
2.1285 1 2 27.0587
2.1301 1 2 27.4996
2.1317 1 2 27.7253
2.1333 1 2 27.9613
2.1349 1 2 28.1801
2.1365 1 2 28.508
2.1381 1 2 28.7131
2.1397 1 2 28.0347
2.1413 1 2 28.0783
2.1429 1 2 28.0426
2.1445 1 2 28.5833
2.1461 1 2 29.3378
2.1477 1 2 29.4085
2.1493 1 2 29.4139
2.1509 1 2 29.4378
2.1525 1 2 29.2608
2.1541 1 2 28.8478
2.1557 1 2 28.6434
2.1573 1 2 29.2206
2.1589 1 2 29.2591
2.1605 1 2 30.0086
2.1621 1 2 30.0036
2.1637 1 2 30.0533
2.1653 1 2 30.4812
2.1669 1 2 29.7894
2.1685 1 2 28.9985
2.1701 1 2 28.9668
2.1717 1 2 29.0502
2.1733 1 2 29.9053
2.1749 1 2 29.5321
2.1765 1 2 30.4532
2.1781 1 2 30.115
2.1797 1 2 30.5819
2.1813 1 2 30.2796
2.1829 1 2 30.0391
2.1845 1 2 30.7427
2.1861 1 2 30.598
2.1877 1 2 30.2167
2.1893 1 2 29.9731
2.1909 1 2 29.8348
2.1925 1 2 29.38
2.1941 1 2 27.9006
2.1957 1 2 27.7199
2.1973 1 2 27.9975
2.1989 1 2 28.0597
2.2005 1 2 28.5863
2.2021 1 2 28.754
2.2037 1 2 28.8152
2.2053 1 2 29.0898
2.2069 1 2 29.0057
2.2085 1 2 29.2856
2.2101 1 2 28.6692
2.2117 1 2 29.1123
2.2133 1 2 29.2763
2.2149 1 2 29.0622
2.2165 1 2 29.0726
2.2181 1 2 29.6052
2.2197 1 2 29.4591
2.2213 1 2 30.0422
2.2229 1 2 29.9983
2.2245 1 2 30.9016
2.2261 1 2 30.853
2.2277 1 2 31.0452
2.2293 1 2 30.9721
2.2309 1 2 30.5744
2.2325 1 2 30.8239
2.2341 1 2 30.4706
2.2357 1 2 29.9921
2.2373 1 2 30.3527
2.2389 1 2 30.1785
2.2405 1 2 30.4525
2.2421 1 2 30.8888
2.2437 1 2 31.0998
2.2453 1 2 30.6914
2.2469 1 2 30.5985
2.2485 1 2 31.0738
2.2501 1 2 30.8122
2.2517 1 2 30.872
2.2533 1 2 30.8506
2.2549 1 2 31.5296
2.2565 1 2 31.816
2.2581 1 2 31.6415
2.2597 1 2 31.1905
2.2613 1 2 31.7899
2.2629 1 2 31.8181
2.2645 1 2 31.9998
2.2661 1 2 32.1003
2.2677 1 2 32.3592
2.2693 1 2 32.0227
2.2709 1 2 32.6251
2.2725 1 2 32.467
2.2741 1 2 32.7057
2.2757 1 2 32.4228
2.2773 1 2 31.9642
2.2789 1 2 31.4663
2.2805 1 2 31.5627
2.2821 1 2 31.7595
2.2837 1 2 31.8315
2.2853 1 2 32.1126
2.2869 1 2 32.1439
2.2885 1 2 32.3461
2.2901 1 2 32.043
2.2917 1 2 31.941
2.2933 1 2 31.7581
2.2949 1 2 31.5941
2.2965 1 2 31.1813
2.2981 1 2 31.344
2.2997 1 2 30.9723
2.3013 1 2 30.8206
2.3029 1 2 30.664
2.3045 1 2 30.2083
2.3061 1 2 29.524
2.3077 1 2 29.2302
2.3093 1 2 29.6078
2.3109 1 2 29.4741
2.3125 1 2 29.5446
2.3141 1 2 29.4083
2.3157 1 2 29.5612
2.3173 1 2 28.9368
2.3189 1 2 29.0717
2.3205 1 2 29.1999
2.3221 1 2 29.6832
2.3237 1 2 29.9501
2.3253 1 2 30.1106
2.3269 1 2 30.0517
2.3285 1 2 30.2498
2.3301 1 2 29.9109
2.3317 1 2 30.2281
2.3333 1 2 30.43
2.3349 1 2 30.1697
2.3365 1 2 30.3039
2.3381 1 2 30.2169
2.3397 1 2 29.9253
2.3413 1 2 30.0837
2.3429 1 2 30.0708
2.3445 1 2 30.1451
2.3461 1 2 30.9948
2.3477 1 2 31.0235
2.3493 1 2 31.0608
2.3509 1 2 31.3823
2.3525 1 2 31.373
2.3541 1 2 32.152
2.3557 1 2 32.1454
2.3573 1 2 31.8851
2.3589 1 2 32.4618
2.3605 1 2 31.9891
2.3621 1 2 31.7816
2.3637 1 2 31.6169
2.3653 1 2 31.2481
2.3669 1 2 31.5775
2.3685 1 2 31.449
2.3701 1 2 31.182
2.3717 1 2 31.2521
2.3733 1 2 31.7045
2.3749 1 2 32.3123
2.3765 1 2 32.1413
2.3781 1 2 31.7591
2.3797 1 2 31.7993
2.3813 1 2 31.8391
2.3829 1 2 32.5057
2.3845 1 2 32.3417
2.3861 1 2 32.4863
2.3877 1 2 31.8605
2.3893 1 2 31.4556
2.3909 1 2 31.3732
2.3925 1 2 30.8253
2.3941 1 2 30.4999
2.3957 1 2 30.9687
2.3973 1 2 30.8987
2.3989 1 2 30.8307
2.4005 1 2 30.9177
2.4021 1 2 30.9874
2.4037 1 2 31.1969
2.4053 1 2 31.1921
2.4069 1 2 31.6191
2.4085 1 2 31.1211
2.4101 1 2 30.7524
2.4117 1 2 31.2111
2.4133 1 2 31.4367
2.4149 1 2 31.2794
2.4165 1 2 31.2037
2.4181 1 2 30.7526
2.4197 1 2 30.1746
2.4213 1 2 29.8938
2.4229 1 2 29.8253
2.4245 1 2 30.0453
2.4261 1 2 29.3782
2.4277 1 2 29.6818
2.4293 1 2 29.7141
2.4309 1 2 30.4088
2.4325 1 2 30.7292
2.4341 1 2 30.6623
2.4357 1 2 30.5063
2.4373 1 2 29.9762
2.4389 1 2 29.4095
2.4405 1 2 29.4132
2.4421 1 2 29.8603
2.4437 1 2 29.9673
2.4453 1 2 29.7791
2.4469 1 2 29.4291
2.4485 1 2 30.1222
2.4501 1 2 30.3814
2.4517 1 2 29.9293
2.4533 1 2 29.9861
2.4549 1 2 29.5636
2.4565 1 2 28.9558
2.4581 1 2 28.9701
2.4597 1 2 29.2255
2.4613 1 2 29.3425
2.4629 1 2 29.49
2.4645 1 2 28.669
2.4661 1 2 28.2294
2.4677 1 2 28.8954
2.4693 1 2 28.9163
2.4709 1 2 28.4959
2.4725 1 2 28.2889
2.4741 1 2 28.0015
2.4757 1 2 28.4299
2.4773 1 2 27.8934
2.4789 1 2 27.6265
2.4805 1 2 27.5494
2.4821 1 2 29.0721
2.4837 1 2 28.874
2.4853 1 2 29.1731
2.4869 1 2 28.7037
2.4885 1 2 28.4596
2.4901 1 2 28.7709
2.4917 1 2 28.5543
2.4933 1 2 28.5175
2.4949 1 2 28.0999
2.4965 1 2 27.8165
2.4981 1 2 27.5597
2.4997 1 2 27.6693
2.5013 1 2 27.9154
2.5029 1 2 28.0265
2.5045 1 2 28.0347
2.5061 1 2 28.4827
2.5077 1 2 28.3867
2.5093 1 2 28.5394
2.5109 1 2 28.1099
2.5125 1 2 28.2569
2.5141 1 2 28.8957
2.5157 1 2 28.9204
2.5173 1 2 28.9446
2.5189 1 2 29.0305
2.5205 1 2 29.4856
2.5221 1 2 29.5711
2.5237 1 2 29.3043
2.5253 1 2 29.6449
2.5269 1 2 28.9874
2.5285 1 2 29.3151
2.5301 1 2 28.6939
2.5317 1 2 29.0762
2.5333 1 2 29.1912
2.5349 1 2 29.3693
2.5365 1 2 29.8665
2.5381 1 2 29.116
2.5397 1 2 29.4472
2.5413 1 2 29.9774
2.5429 1 2 30.3756
2.5445 1 2 30.5313
2.5461 1 2 30.0955
2.5477 1 2 29.4527
2.5493 1 2 29.6075
2.5509 1 2 29.3745
2.5525 1 2 30.1503
2.5541 1 2 30.788
2.5557 1 2 30.6119
2.5573 1 2 30.6911
2.5589 1 2 31.3844
2.5605 1 2 30.9935
2.5621 1 2 30.9873
2.5637 1 2 30.5952
2.5653 1 2 30.2721
2.5669 1 2 29.884
2.5685 1 2 29.8059
2.5701 1 2 30.3677
2.5717 1 2 29.9789
2.5733 1 2 29.7562
2.5749 1 2 29.3103
2.5765 1 2 29.3762
2.5781 1 2 28.6837
2.5797 1 2 28.6545
2.5813 1 2 29.315
2.5829 1 2 29.0523
2.5845 1 2 29.2747
2.5861 1 2 28.3839
2.5877 1 2 28.7293
2.5893 1 2 28.9265
2.5909 1 2 28.7583
2.5925 1 2 28.0261
2.5941 1 2 28.1248
2.5957 1 2 28.5706
2.5973 1 2 28.8497
2.5989 1 2 29.1388
2.6005 1 2 28.5319
2.6021 1 2 28.4677
2.6037 1 2 28.3983
2.6053 1 2 29.2564
2.6069 1 2 29.3258
2.6085 1 2 28.97
2.6101 1 2 29.1658
2.6117 1 2 29.3306
2.6133 1 2 28.942
2.6149 1 2 28.3725
2.6165 1 2 28.5699
2.6181 1 2 28.1221
2.6197 1 2 27.8292
2.6213 1 2 27.8714
2.6229 1 2 27.8221
2.6245 1 2 27.5832
2.6261 1 2 27.3189
2.6277 1 2 27.6794
2.6293 1 2 28.0689
2.6309 1 2 28.1395
2.6325 1 2 27.7171
2.6341 1 2 28.0214
2.6357 1 2 28.6872
2.6373 1 2 28.2767
2.6389 1 2 29.3412
2.6405 1 2 29.074
2.6421 1 2 28.571
2.6437 1 2 27.7841
2.6453 1 2 28.0289
2.6469 1 2 28.1945
2.6485 1 2 28.1186
2.6501 1 2 27.6254
2.6517 1 2 27.5596
2.6533 1 2 27.7057
2.6549 1 2 27.947
2.6565 1 2 27.7093
2.6581 1 2 27.9075
2.6597 1 2 28.4119
2.6613 1 2 28.4936
2.6629 1 2 28.5526
2.6645 1 2 28.8438
2.6661 1 2 28.9497
2.6677 1 2 29.7844
2.6693 1 2 30.1258
2.6709 1 2 30.2582
2.6725 1 2 30.5244
2.6741 1 2 30.8953
2.6757 1 2 31.3327
2.6773 1 2 31.7671
2.6789 1 2 31.2623
2.6805 1 2 31.3842
2.6821 1 2 31.261
2.6837 1 2 31.5592
2.6853 1 2 31.9434
2.6869 1 2 32.1614
2.6885 1 2 32.758
2.6901 1 2 32.9564
2.6917 1 2 33.8162
2.6933 1 2 33.7972
2.6949 1 2 34.0175
2.6965 1 2 33.883
2.6981 1 2 33.5426
2.6997 1 2 33.371
2.7013 1 2 33.012
2.7029 1 2 33.3459
2.7045 1 2 32.6949
2.7061 1 2 33.5037
2.7077 1 2 33.3147
2.7093 1 2 33.2623
2.7109 1 2 33.4532
2.7125 1 2 33.3424
2.7141 1 2 32.7061
2.7157 1 2 32.8073
2.7173 1 2 32.6408
2.7189 1 2 32.7576
2.7205 1 2 32.6762
2.7221 1 2 32.2625
2.7237 1 2 33.2657
2.7253 1 2 34.3224
2.7269 1 2 33.9025
2.7285 1 2 34.0092
2.7301 1 2 33.6266
2.7317 1 2 34.5803
2.7333 1 2 34.6276
2.7349 1 2 34.4591
2.7365 1 2 34.8912
2.7381 1 2 34.9575
2.7397 1 2 34.7779
2.7413 1 2 35.0798
2.7429 1 2 35.2255
2.7445 1 2 34.2324
2.7461 1 2 34.0745
2.7477 1 2 33.7109
2.7493 1 2 34.1785
2.7509 1 2 33.982
2.7525 1 2 33.8964
2.7541 1 2 33.4048
2.7557 1 2 33.5861
2.7573 1 2 33.6265
2.7589 1 2 33.249
2.7605 1 2 33.3491
2.7621 1 2 33.6307
2.7637 1 2 33.7667
2.7653 1 2 33.9803
2.7669 1 2 33.4888
2.7685 1 2 33.623
2.7701 1 2 33.5433
2.7717 1 2 33.5095
2.7733 1 2 33.6128
2.7749 1 2 34.2384
2.7765 1 2 34.1917
2.7781 1 2 34.1064
2.7797 1 2 34.4022
2.7813 1 2 33.9172
2.7829 1 2 34.6188
2.7845 1 2 34.9039
2.7861 1 2 34.9682
2.7877 1 2 34.7453
2.7893 1 2 35.0476
2.7909 1 2 35.6185
2.7925 1 2 35.6599
2.7941 1 2 35.5034
2.7957 1 2 35.4579
2.7973 1 2 35.4066
2.7989 1 2 35.7178
2.8005 1 2 35.8445
2.8021 1 2 36.633
2.8037 1 2 37.0835
2.8053 1 2 37.4651
2.8069 1 2 37.5908
2.8085 1 2 37.2931
2.8101 1 2 36.9162
2.8117 1 2 36.5842
2.8133 1 2 36.5205
2.8149 1 2 36.237
2.8165 1 2 36.3509
2.8181 1 2 35.8683
2.8197 1 2 35.7889
2.8213 1 2 35.3481
2.8229 1 2 34.5053
2.8245 1 2 34.2494
2.8261 1 2 34.2268
2.8277 1 2 33.7339
2.8293 1 2 33.4116
2.8309 1 2 32.8648
2.8325 1 2 33.2093
2.8341 1 2 32.6676
2.8357 1 2 32.3924
2.8373 1 2 32.1365
2.8389 1 2 32.2807
2.8405 1 2 31.4909
2.8421 1 2 32.0335
2.8437 1 2 32.8303
2.8453 1 2 32.8472
2.8469 1 2 33.194
2.8485 1 2 32.811
2.8501 1 2 33.0276
2.8517 1 2 33.3255
2.8533 1 2 33.2246
2.8549 1 2 33.0123
2.8565 1 2 33.2249
2.8581 1 2 33.6769
2.8597 1 2 33.2135
2.8613 1 2 33.3295
2.8629 1 2 33.4548
2.8645 1 2 33.381
2.8661 1 2 34.0816
2.8677 1 2 34.4294
2.8693 1 2 34.6626
2.8709 1 2 35.1923
2.8725 1 2 34.5583
2.8741 1 2 34.5285
2.8757 1 2 34.3757
2.8773 1 2 34.1954
2.8789 1 2 34.1692
2.8805 1 2 33.7328
2.8821 1 2 33.8821
2.8837 1 2 33.8947
2.8853 1 2 34.0141
2.8869 1 2 33.171
2.8885 1 2 33.8085
2.8901 1 2 33.8646
2.8917 1 2 33.569
2.8933 1 2 33.8173
2.8949 1 2 34.0295
2.8965 1 2 33.6994
2.8981 1 2 33.4976
2.8997 1 2 33.3306
2.9013 1 2 33.3193
2.9029 1 2 32.88
2.9045 1 2 32.0641
2.9061 1 2 32.1302
2.9077 1 2 31.9889
2.9093 1 2 31.7498
2.9109 1 2 31.9763
2.9125 1 2 31.6205
2.9141 1 2 31.3722
2.9157 1 2 30.6886
2.9173 1 2 30.6482
2.9189 1 2 30.6268
2.9205 1 2 31.6056
2.9221 1 2 31.3981
2.9237 1 2 31.3793
2.9253 1 2 30.7547
2.9269 1 2 30.3873
2.9285 1 2 30.3674
2.9301 1 2 29.9959
2.9317 1 2 29.8838
2.9333 1 2 29.9846
2.9349 1 2 30.6028
2.9365 1 2 30.7516
2.9381 1 2 31.2768
2.9397 1 2 30.7812
2.9413 1 2 31.3589
2.9429 1 2 31.3676
2.9445 1 2 31.1159
2.9461 1 2 30.7101
2.9477 1 2 30.6116
2.9493 1 2 30.2938
2.9509 1 2 30.4539
2.9525 1 2 30.807
2.9541 1 2 30.39
2.9557 1 2 30.1086
2.9573 1 2 29.6646
2.9589 1 2 30.0112
2.9605 1 2 29.9333
2.9621 1 2 29.5307
2.9637 1 2 29.966
2.9653 1 2 29.7004
2.9669 1 2 28.7828
2.9685 1 2 27.792
2.9701 1 2 27.5601
2.9717 1 2 27.2412
2.9733 1 2 27.5166
2.9749 1 2 27.7373
2.9765 1 2 27.3431
2.9781 1 2 27.4253
2.9797 1 2 27.2443
2.9813 1 2 27.0989
2.9829 1 2 27.1836
2.9845 1 2 27.0688
2.9861 1 2 27.1351
2.9877 1 2 27.6473
2.9893 1 2 27.6092
2.9909 1 2 27.8268
2.9925 1 2 28.4731
2.9941 1 2 28.912
2.9957 1 2 29.3392
2.9973 1 2 28.9561
2.9989 1 2 29.4237
