0.0005 1 2 17.9266
0.0021 1 2 18.0961
0.0037 1 2 18.2128
0.0053 1 2 18.2376
0.0069 1 2 17.777
0.0085 1 2 17.9223
0.0101 1 2 18.6982
0.0117 1 2 19.3969
0.0133 1 2 19.5022
0.0149 1 2 19.4674
0.0165 1 2 19.2685
0.0181 1 2 19.3749
0.0197 1 2 18.9979
0.0213 1 2 18.5834
0.0229 1 2 5.4388
0.0245 1 2 5.01949
0.0261 1 2 4.65591
0.0277 1 2 5.55157
0.0293 1 2 5.68567
0.0309 1 2 5.41921
0.0325 1 2 6.95345
0.0341 1 2 7.62687
0.0357 1 2 8.1753
0.0373 1 2 7.84973
0.0389 1 2 8.87615
0.0405 1 2 9.40257
0.0421 1 2 15.9581
0.0437 1 2 11.2204
0.0453 1 2 17.9748
0.0469 1 2 12.3952
0.0485 1 2 17.1118
0.0501 1 2 12.147
0.0517 1 2 11.0648
0.0533 1 2 16.678
0.0549 1 2 17.101
0.0565 1 2 9.93334
0.0581 1 2 17.0722
0.0597 1 2 17.723
0.0613 1 2 16.7336
0.0629 1 2 15.0154
0.0645 1 2 6.40214
0.0661 1 2 14.4484
0.0677 1 2 5.14499
0.0693 1 2 15.2755
0.0709 1 2 4.00744
0.0725 1 2 18.6239
0.0741 1 2 18.525
0.0757 1 2 17.1269
0.0773 1 2 14.4992
0.0789 1 2 16.1129
0.0805 1 2 15.2693
0.0821 1 2 16.4178
0.0837 1 2 19.153
0.0853 1 2 15.6908
0.0869 1 2 16.9791
0.0885 1 2 16.5991
0.0901 1 2 17.1684
0.0917 1 2 17.0053
0.0933 1 2 18.3762
0.0949 1 2 14.4683
0.0965 1 2 17.8213
0.0981 1 2 -11.6217
0.0997 1 2 16.8124
0.1013 1 2 13.588
0.1029 1 2 15.2614
0.1045 1 2 13.5654
0.1061 1 2 13.3601
0.1077 1 2 16.183
0.1093 1 2 15.5447
0.1109 1 2 17.0434
0.1125 1 2 12.2446
0.1141 1 2 14.026
0.1157 1 2 10.2678
0.1173 1 2 9.08482
0.1189 1 2 0.47176
0.1205 1 2 2.06165
0.1221 1 2 12.0337
0.1237 1 2 12.5579
0.1253 1 2 0.335978
0.1269 1 2 9.59378
0.1285 1 2 8.29883
0.1301 1 2 -2.57043
0.1317 1 2 6.44653
0.1333 1 2 10.3461
0.1349 1 2 37.1184
0.1365 1 2 36.8133
0.1381 1 2 37.3486
0.1397 1 2 36.9707
0.1413 1 2 36.8982
0.1429 1 2 37.1233
0.1445 1 2 36.7195
0.1461 1 2 36.7375
0.1477 1 2 36.7333
0.1493 1 2 37.1026
0.1509 1 2 36.9697
0.1525 1 2 36.6459
0.1541 1 2 37.01
0.1557 1 2 37.8864
0.1573 1 2 37.7699
0.1589 1 2 37.301
0.1605 1 2 37.2114
0.1621 1 2 37.4329
0.1637 1 2 37.1466
0.1653 1 2 37.2239
0.1669 1 2 36.9094
0.1685 1 2 36.2647
0.1701 1 2 35.962
0.1717 1 2 35.8088
0.1733 1 2 36.3085
0.1749 1 2 36.123
0.1765 1 2 36.3188
0.1781 1 2 36.2594
0.1797 1 2 36.1241
0.1813 1 2 35.4837
0.1829 1 2 35.0495
0.1845 1 2 35.6358
0.1861 1 2 35.9402
0.1877 1 2 36.3823
0.1893 1 2 36.0819
0.1909 1 2 35.8222
0.1925 1 2 35.5608
0.1941 1 2 35.8269
0.1957 1 2 35.5972
0.1973 1 2 35.2733
0.1989 1 2 36.2177
0.2005 1 2 36.2813
0.2021 1 2 36.6551
0.2037 1 2 36.6567
0.2053 1 2 36.4331
0.2069 1 2 36.658
0.2085 1 2 36.3283
0.2101 1 2 35.8156
0.2117 1 2 36.2288
0.2133 1 2 36.8125
0.2149 1 2 36.8397
0.2165 1 2 36.9459
0.2181 1 2 36.9636
0.2197 1 2 37.0832
0.2213 1 2 36.8705
0.2229 1 2 37.5194
0.2245 1 2 37.0805
0.2261 1 2 38.1055
0.2277 1 2 37.5688
0.2293 1 2 37.279
0.2309 1 2 36.4967
0.2325 1 2 37.0665
0.2341 1 2 37.1326
0.2357 1 2 37.1553
0.2373 1 2 36.6194
0.2389 1 2 36.8703
0.2405 1 2 36.8798
0.2421 1 2 36.7333
0.2437 1 2 36.8224
0.2453 1 2 37.3526
0.2469 1 2 37.3202
0.2485 1 2 37.0105
0.2501 1 2 37.2414
0.2517 1 2 37.6215
0.2533 1 2 38.0038
0.2549 1 2 37.9454
0.2565 1 2 37.6233
0.2581 1 2 36.9632
0.2597 1 2 37.0941
0.2613 1 2 37.1166
0.2629 1 2 37.0046
0.2645 1 2 37.1332
0.2661 1 2 37.2589
0.2677 1 2 36.7005
0.2693 1 2 36.3349
0.2709 1 2 36.2608
0.2725 1 2 36.7178
0.2741 1 2 36.9067
0.2757 1 2 36.8887
0.2773 1 2 37.1801
0.2789 1 2 37.2458
0.2805 1 2 37.4339
0.2821 1 2 36.908
0.2837 1 2 37.6341
0.2853 1 2 37.4237
0.2869 1 2 37.7572
0.2885 1 2 38.1394
0.2901 1 2 38.7602
0.2917 1 2 38.7793
0.2933 1 2 38.9676
0.2949 1 2 39.7154
0.2965 1 2 39.8712
0.2981 1 2 40.1575
0.2997 1 2 40.034
0.3013 1 2 17.2039
0.3029 1 2 17.1402
0.3045 1 2 18.6814
0.3061 1 2 20.2262
0.3077 1 2 16.6055
0.3093 1 2 19.1328
0.3109 1 2 15.7938
0.3125 1 2 13.8177
0.3141 1 2 18.2715
0.3157 1 2 16.6503
0.3173 1 2 15.7767
0.3189 1 2 18.3792
0.3205 1 2 18.9935
0.3221 1 2 14.1332
0.3237 1 2 16.9658
0.3253 1 2 19.7634
0.3269 1 2 19.5731
0.3285 1 2 17.2961
0.3301 1 2 17.2302
0.3317 1 2 22.8708
0.3333 1 2 21.0009
0.3349 1 2 18.0932
0.3365 1 2 19.621
0.3381 1 2 22.2331
0.3397 1 2 21.7356
0.3413 1 2 25.1205
0.3429 1 2 22.6006
0.3445 1 2 25.3001
0.3461 1 2 23.2214
0.3477 1 2 25.3583
0.3493 1 2 25.6171
0.3509 1 2 23.5572
0.3525 1 2 24.1233
0.3541 1 2 20.8154
0.3557 1 2 23.712
0.3573 1 2 41.2564
0.3589 1 2 41.932
0.3605 1 2 41.2762
0.3621 1 2 41.16
0.3637 1 2 41.9194
0.3653 1 2 42.6177
0.3669 1 2 41.6543
0.3685 1 2 41.3331
0.3701 1 2 43.2334
0.3717 1 2 42.5332
0.3733 1 2 42.4411
0.3749 1 2 43.0161
0.3765 1 2 44.0306
0.3781 1 2 42.4594
0.3797 1 2 42.9676
0.3813 1 2 44.0326
0.3829 1 2 45.6627
0.3845 1 2 44.0227
0.3861 1 2 44.3384
0.3877 1 2 44.6583
0.3893 1 2 44.4766
0.3909 1 2 45.4416
0.3925 1 2 44.5189
0.3941 1 2 45.961
0.3957 1 2 45.4646
0.3973 1 2 45.3548
0.3989 1 2 46.086
0.4005 1 2 46.4778
0.4021 1 2 46.5776
0.4037 1 2 46.9723
0.4053 1 2 48.0899
0.4069 1 2 48.0265
0.4085 1 2 47.6221
0.4101 1 2 47.625
0.4117 1 2 48.061
0.4133 1 2 47.7839
0.4149 1 2 47.6044
0.4165 1 2 48.1871
0.4181 1 2 48.2499
0.4197 1 2 47.8285
0.4213 1 2 47.9112
0.4229 1 2 48.0267
0.4245 1 2 47.426
0.4261 1 2 47.7587
0.4277 1 2 47.2344
0.4293 1 2 47.9245
0.4309 1 2 47.3155
0.4325 1 2 48.0976
0.4341 1 2 47.9285
0.4357 1 2 48.0034
0.4373 1 2 47.3956
0.4389 1 2 47.4759
0.4405 1 2 47.3738
0.4421 1 2 47.3666
0.4437 1 2 47.662
0.4453 1 2 47.0685
0.4469 1 2 47.5058
0.4485 1 2 47.6072
0.4501 1 2 47.6531
0.4517 1 2 47.2972
0.4533 1 2 46.4525
0.4549 1 2 46.6168
0.4565 1 2 46.6286
0.4581 1 2 46.6965
0.4597 1 2 46.7988
0.4613 1 2 46.527
0.4629 1 2 46.6191
0.4645 1 2 46.9785
0.4661 1 2 47.0055
0.4677 1 2 47.2978
0.4693 1 2 47.1941
0.4709 1 2 46.8963
0.4725 1 2 46.7874
0.4741 1 2 46.5506
0.4757 1 2 46.1005
0.4773 1 2 46.1781
0.4789 1 2 45.9483
0.4805 1 2 45.6225
0.4821 1 2 45.4502
0.4837 1 2 44.9867
0.4853 1 2 45.11
0.4869 1 2 44.9818
0.4885 1 2 45.4564
0.4901 1 2 45.5024
0.4917 1 2 44.7526
0.4933 1 2 44.9574
0.4949 1 2 44.1509
0.4965 1 2 43.67
0.4981 1 2 43.2957
0.4997 1 2 42.4941
0.5013 1 2 41.4797
0.5029 1 2 40.4705
0.5045 1 2 40.116
0.5061 1 2 40.0126
0.5077 1 2 39.6655
0.5093 1 2 3.48236
0.5109 1 2 1.56831
0.5125 1 2 -4.9785
0.5141 1 2 -3.48745
0.5157 1 2 3.98286
0.5173 1 2 -3.5222
0.5189 1 2 -1.2359
0.5205 1 2 -0.882086
0.5221 1 2 0.31049
0.5237 1 2 0.64603
0.5253 1 2 6.01191
0.5269 1 2 5.59815
0.5285 1 2 -1.05746
0.5301 1 2 1.89678
0.5317 1 2 5.35431
0.5333 1 2 0.488593
0.5349 1 2 2.79092
0.5365 1 2 4.91835
0.5381 1 2 3.1926
0.5397 1 2 -2.08301
0.5413 1 2 6.0741
0.5429 1 2 -0.949311
0.5445 1 2 3.88742
0.5461 1 2 3.12413
0.5477 1 2 -2.5849
0.5493 1 2 2.57987
0.5509 1 2 0.212171
0.5525 1 2 -3.03456
0.5541 1 2 0.550909
0.5557 1 2 -2.78145
0.5573 1 2 -0.64187
0.5589 1 2 0.693007
0.5605 1 2 -1.86395
0.5621 1 2 2.96095
0.5637 1 2 2.00093
0.5653 1 2 -6.20342
0.5669 1 2 0.76682
0.5685 1 2 2.95903
0.5701 1 2 -5.06041
0.5717 1 2 -4.84506
0.5733 1 2 -4.28449
0.5749 1 2 -1.68965
0.5765 1 2 2.23286
0.5781 1 2 0.029736
0.5797 1 2 1.2498
0.5813 1 2 -1.12318
0.5829 1 2 -0.690734
0.5845 1 2 1.27445
0.5861 1 2 -3.18677
0.5877 1 2 -3.41383
0.5893 1 2 -3.61607
0.5909 1 2 -2.50091
0.5925 1 2 -0.186288
0.5941 1 2 -4.06011
0.5957 1 2 2.4293
0.5973 1 2 2.00792
0.5989 1 2 0.565347
0.6005 1 2 5.38195
0.6021 1 2 -1.99876
0.6037 1 2 -3.69866
0.6053 1 2 -0.617788
0.6069 1 2 2.43485
0.6085 1 2 -1.88478
0.6101 1 2 -2.70612
0.6117 1 2 -2.60489
0.6133 1 2 -3.32749
0.6149 1 2 -1.55518
0.6165 1 2 -0.564657
0.6181 1 2 -2.12723
0.6197 1 2 -0.672214
0.6213 1 2 -4.78568
0.6229 1 2 -4.24832
0.6245 1 2 -3.57947
0.6261 1 2 -4.14328
0.6277 1 2 -0.941812
0.6293 1 2 -2.04808
0.6309 1 2 -2.98532
0.6325 1 2 1.3293
0.6341 1 2 33.3121
0.6357 1 2 33.9811
0.6373 1 2 34.0304
0.6389 1 2 32.6454
0.6405 1 2 32.6341
0.6421 1 2 34.0633
0.6437 1 2 33.1471
0.6453 1 2 34.7003
0.6469 1 2 33.4009
0.6485 1 2 34.9116
0.6501 1 2 34.6882
0.6517 1 2 34.4854
0.6533 1 2 34.8914
0.6549 1 2 34.9787
0.6565 1 2 34.7783
0.6581 1 2 35.5007
0.6597 1 2 34.6736
0.6613 1 2 34.5699
0.6629 1 2 34.7262
0.6645 1 2 34.9353
0.6661 1 2 35.1035
0.6677 1 2 34.8932
0.6693 1 2 34.8302
0.6709 1 2 34.4089
0.6725 1 2 34.6112
0.6741 1 2 33.5776
0.6757 1 2 33.5615
0.6773 1 2 33.7858
0.6789 1 2 33.3296
0.6805 1 2 33.8746
0.6821 1 2 35.2156
0.6837 1 2 35.0268
0.6853 1 2 34.4958
0.6869 1 2 35.1281
0.6885 1 2 35.0567
0.6901 1 2 35.5929
0.6917 1 2 35.8464
0.6933 1 2 36.2096
0.6949 1 2 36.1328
0.6965 1 2 36.6179
0.6981 1 2 35.1436
0.6997 1 2 34.9389
0.7013 1 2 34.3505
0.7029 1 2 35.3139
0.7045 1 2 35.0659
0.7061 1 2 34.2821
0.7077 1 2 35.5556
0.7093 1 2 35.6215
0.7109 1 2 35.8013
0.7125 1 2 36.3583
0.7141 1 2 35.7114
0.7157 1 2 36.0327
0.7173 1 2 36.5993
0.7189 1 2 36.4704
0.7205 1 2 37.0668
0.7221 1 2 37.8097
0.7237 1 2 36.6271
0.7253 1 2 36.0184
0.7269 1 2 36.4816
0.7285 1 2 36.1653
0.7301 1 2 36.0857
0.7317 1 2 36.3363
0.7333 1 2 35.8001
0.7349 1 2 35.5848
0.7365 1 2 34.1866
0.7381 1 2 35.2049
0.7397 1 2 35.6234
0.7413 1 2 34.3225
0.7429 1 2 35.4433
0.7445 1 2 35.1596
0.7461 1 2 34.5578
0.7477 1 2 35.3017
0.7493 1 2 34.362
0.7509 1 2 34.1194
0.7525 1 2 34.1579
0.7541 1 2 33.6896
0.7557 1 2 32.679
0.7573 1 2 32.4922
0.7589 1 2 32.194
0.7605 1 2 33.8313
0.7621 1 2 32.7121
0.7637 1 2 32.7341
0.7653 1 2 33.0951
0.7669 1 2 31.7105
0.7685 1 2 33.0879
0.7701 1 2 32.5353
0.7717 1 2 32.1323
0.7733 1 2 32.2787
0.7749 1 2 31.7856
0.7765 1 2 31.9096
0.7781 1 2 30.8692
0.7797 1 2 31.4041
0.7813 1 2 31.4631
0.7829 1 2 30.0583
0.7845 1 2 30.2085
0.7861 1 2 29.6614
0.7877 1 2 30.1066
0.7893 1 2 29.3106
0.7909 1 2 30.3577
0.7925 1 2 29.7822
0.7941 1 2 29.8825
0.7957 1 2 30.1738
0.7973 1 2 30.4772
0.7989 1 2 29.9867
0.8005 1 2 30.1906
0.8021 1 2 30.1998
0.8037 1 2 31.0952
0.8053 1 2 30.2229
0.8069 1 2 28.7307
0.8085 1 2 29.5731
0.8101 1 2 28.0289
0.8117 1 2 29.8101
0.8133 1 2 28.7217
0.8149 1 2 29.2875
0.8165 1 2 28.4262
0.8181 1 2 28.0505
0.8197 1 2 26.9615
0.8213 1 2 26.2545
0.8229 1 2 28.2354
0.8245 1 2 29.1142
0.8261 1 2 28.2422
0.8277 1 2 28.0636
0.8293 1 2 30.1239
0.8309 1 2 28.1106
0.8325 1 2 28.4018
0.8341 1 2 27.8294
0.8357 1 2 26.7899
0.8373 1 2 29.3762
0.8389 1 2 26.6813
0.8405 1 2 26.3045
0.8421 1 2 26.1574
0.8437 1 2 24.7644
0.8453 1 2 24.638
0.8469 1 2 24.1416
0.8485 1 2 28.0541
0.8501 1 2 27.3831
0.8517 1 2 24.838
0.8533 1 2 26.4684
0.8549 1 2 29.4086
0.8565 1 2 27.8082
0.8581 1 2 26.5584
0.8597 1 2 24.9967
0.8613 1 2 25.5143
0.8629 1 2 18.6593
0.8645 1 2 20.428
0.8661 1 2 26.1985
0.8677 1 2 21.4273
0.8693 1 2 26.6461
0.8709 1 2 24.651
0.8725 1 2 22.256
0.8741 1 2 24.1905
0.8757 1 2 24.1101
0.8773 1 2 26.9945
0.8789 1 2 23.4811
0.8805 1 2 23.9303
0.8821 1 2 25.7492
0.8837 1 2 24.6272
0.8853 1 2 25.5223
0.8869 1 2 24.5069
0.8885 1 2 25.8909
0.8901 1 2 24.5984
0.8917 1 2 24.6064
0.8933 1 2 25.93
0.8949 1 2 20.9963
0.8965 1 2 21.864
0.8981 1 2 25.74
0.8997 1 2 26.9584
0.9013 1 2 24.4378
0.9029 1 2 22.5048
0.9045 1 2 23.2294
0.9061 1 2 26.3905
0.9077 1 2 24.5313
0.9093 1 2 26.1619
0.9109 1 2 24.642
0.9125 1 2 27.5705
0.9141 1 2 26.5727
0.9157 1 2 26.1424
0.9173 1 2 24.9437
0.9189 1 2 27.38
0.9205 1 2 26.1983
0.9221 1 2 27.7154
0.9237 1 2 27.7973
0.9253 1 2 27.3604
0.9269 1 2 26.1662
0.9285 1 2 26.3705
0.9301 1 2 26.1374
0.9317 1 2 27.1722
0.9333 1 2 25.9919
0.9349 1 2 26.5019
0.9365 1 2 26.1151
0.9381 1 2 25.7276
0.9397 1 2 26.5155
0.9413 1 2 25.84
0.9429 1 2 26.303
0.9445 1 2 26.4243
0.9461 1 2 26.005
0.9477 1 2 26.7856
0.9493 1 2 27.2567
0.9509 1 2 27.58
0.9525 1 2 27.6981
0.9541 1 2 28.1971
0.9557 1 2 28.4294
0.9573 1 2 28.6283
0.9589 1 2 28.7986
0.9605 1 2 28.5656
0.9621 1 2 29.6604
0.9637 1 2 29.0309
0.9653 1 2 28.8328
0.9669 1 2 28.9853
0.9685 1 2 28.5363
0.9701 1 2 28.0276
0.9717 1 2 27.84
0.9733 1 2 27.6745
0.9749 1 2 27.4879
0.9765 1 2 27.3889
0.9781 1 2 27.7166
0.9797 1 2 27.7835
0.9813 1 2 27.7213
0.9829 1 2 28.1873
0.9845 1 2 27.3598
0.9861 1 2 27.2239
0.9877 1 2 27.0495
0.9893 1 2 27.385
0.9909 1 2 26.9975
0.9925 1 2 27.231
0.9941 1 2 27.8617
0.9957 1 2 28.6821
0.9973 1 2 28.1792
0.9989 1 2 27.7492
1.0005 1 2 27.9912
1.0021 1 2 28.2921
1.0037 1 2 28.5911
1.0053 1 2 28.9063
1.0069 1 2 29.9357
1.0085 1 2 30.421
1.0101 1 2 31.0772
1.0117 1 2 30.9509
1.0133 1 2 30.9154
1.0149 1 2 30.8419
1.0165 1 2 30.7977
1.0181 1 2 30.4505
1.0197 1 2 31.0204
1.0213 1 2 31.6947
1.0229 1 2 31.9961
1.0245 1 2 31.6584
1.0261 1 2 31.6966
1.0277 1 2 32.018
1.0293 1 2 32.1577
1.0309 1 2 31.9462
1.0325 1 2 31.5134
1.0341 1 2 31.7091
1.0357 1 2 31.0548
1.0373 1 2 30.994
1.0389 1 2 31.104
1.0405 1 2 31.3081
1.0421 1 2 32.2624
1.0437 1 2 32.3881
1.0453 1 2 32.6136
1.0469 1 2 32.9894
1.0485 1 2 33.0001
1.0501 1 2 32.8309
1.0517 1 2 32.7896
1.0533 1 2 32.2071
1.0549 1 2 31.4034
1.0565 1 2 31.4498
1.0581 1 2 31.7502
1.0597 1 2 31.744
1.0613 1 2 31.7079
1.0629 1 2 31.0944
1.0645 1 2 31.5299
1.0661 1 2 31.3814
1.0677 1 2 31.1432
1.0693 1 2 31.1741
1.0709 1 2 31.7244
1.0725 1 2 30.8351
1.0741 1 2 30.763
1.0757 1 2 30.6288
1.0773 1 2 31.4639
1.0789 1 2 31.279
1.0805 1 2 31.6686
1.0821 1 2 31.5405
1.0837 1 2 31.4664
1.0853 1 2 31.3495
1.0869 1 2 31.4464
1.0885 1 2 31.1156
1.0901 1 2 31.3089
1.0917 1 2 31.6307
1.0933 1 2 31.5672
1.0949 1 2 30.9591
1.0965 1 2 30.5178
1.0981 1 2 30.1672
1.0997 1 2 29.5734
1.1013 1 2 29.3322
1.1029 1 2 30.073
1.1045 1 2 29.9307
1.1061 1 2 29.9976
1.1077 1 2 30.2217
1.1093 1 2 30.2923
1.1109 1 2 30.7922
1.1125 1 2 30.1436
1.1141 1 2 29.247
1.1157 1 2 29.6068
1.1173 1 2 29.0478
1.1189 1 2 29.5782
1.1205 1 2 29.5707
1.1221 1 2 29.3674
1.1237 1 2 28.4148
1.1253 1 2 27.9029
1.1269 1 2 28.0794
1.1285 1 2 27.5184
1.1301 1 2 27.7966
1.1317 1 2 27.7639
1.1333 1 2 27.4031
1.1349 1 2 28.5763
1.1365 1 2 28.6097
1.1381 1 2 28.2135
1.1397 1 2 27.513
1.1413 1 2 27.2487
1.1429 1 2 27.8302
1.1445 1 2 28.0458
1.1461 1 2 28.1803
1.1477 1 2 27.7459
1.1493 1 2 27.7946
1.1509 1 2 27.5742
1.1525 1 2 27.6868
1.1541 1 2 28.0378
1.1557 1 2 27.7457
1.1573 1 2 28.5806
1.1589 1 2 28.9878
1.1605 1 2 28.4744
1.1621 1 2 28.3564
1.1637 1 2 29.3302
1.1653 1 2 29.247
1.1669 1 2 29.506
1.1685 1 2 29.5849
1.1701 1 2 29.4234
1.1717 1 2 29.6778
1.1733 1 2 29.9055
1.1749 1 2 29.8045
1.1765 1 2 29.8672
1.1781 1 2 30.1133
1.1797 1 2 29.8977
1.1813 1 2 29.3257
1.1829 1 2 29.5957
1.1845 1 2 28.9216
1.1861 1 2 29.1617
1.1877 1 2 29.0539
1.1893 1 2 29.7305
1.1909 1 2 29.543
1.1925 1 2 28.8434
1.1941 1 2 28.2596
1.1957 1 2 27.925
1.1973 1 2 28.3558
1.1989 1 2 28.4587
1.2005 1 2 28.8351
1.2021 1 2 28.5256
1.2037 1 2 28.7125
1.2053 1 2 28.6303
1.2069 1 2 28.9192
1.2085 1 2 28.9009
1.2101 1 2 28.4223
1.2117 1 2 28.7679
1.2133 1 2 29.4669
1.2149 1 2 29.4222
1.2165 1 2 30.0154
1.2181 1 2 30.8864
1.2197 1 2 30.5027
1.2213 1 2 31.2105
1.2229 1 2 31.2713
1.2245 1 2 31.1983
1.2261 1 2 31.047
1.2277 1 2 30.6842
1.2293 1 2 30.4798
1.2309 1 2 29.7855
1.2325 1 2 29.6184
1.2341 1 2 29.5125
1.2357 1 2 29.3718
1.2373 1 2 28.9779
1.2389 1 2 28.8781
1.2405 1 2 28.8957
1.2421 1 2 28.8678
1.2437 1 2 28.6179
1.2453 1 2 28.5463
1.2469 1 2 28.2578
1.2485 1 2 28.58
1.2501 1 2 28.178
1.2517 1 2 27.6125
1.2533 1 2 27.2444
1.2549 1 2 27.2784
1.2565 1 2 27.0765
1.2581 1 2 26.5544
1.2597 1 2 26.0473
1.2613 1 2 26.2111
1.2629 1 2 26.3003
1.2645 1 2 26.262
1.2661 1 2 25.8892
1.2677 1 2 25.6566
1.2693 1 2 26.1573
1.2709 1 2 26.6038
1.2725 1 2 25.8146
1.2741 1 2 25.8489
1.2757 1 2 25.9536
1.2773 1 2 25.8652
1.2789 1 2 25.8314
1.2805 1 2 26.5215
1.2821 1 2 26.5866
1.2837 1 2 26.9196
1.2853 1 2 26.5967
1.2869 1 2 27.4941
1.2885 1 2 27.2432
1.2901 1 2 28.2832
1.2917 1 2 28.4126
1.2933 1 2 28.1175
1.2949 1 2 27.8775
1.2965 1 2 27.5848
1.2981 1 2 27.3049
1.2997 1 2 27.6214
1.3013 1 2 27.839
1.3029 1 2 27.8469
1.3045 1 2 27.0178
1.3061 1 2 27.1048
1.3077 1 2 27.5375
1.3093 1 2 27.7095
1.3109 1 2 27.86
1.3125 1 2 28.0232
1.3141 1 2 27.6218
1.3157 1 2 27.7202
1.3173 1 2 27.6206
1.3189 1 2 27.7569
1.3205 1 2 27.8555
1.3221 1 2 27.9075
1.3237 1 2 27.7413
1.3253 1 2 27.9579
1.3269 1 2 27.8369
1.3285 1 2 27.6332
1.3301 1 2 27.3089
1.3317 1 2 27.4548
1.3333 1 2 27.3515
1.3349 1 2 27.6732
1.3365 1 2 27.7427
1.3381 1 2 28.0151
1.3397 1 2 28.401
1.3413 1 2 27.9398
1.3429 1 2 28.6466
1.3445 1 2 29.4684
1.3461 1 2 29.2155
1.3477 1 2 28.5613
1.3493 1 2 28.229
1.3509 1 2 28.3192
1.3525 1 2 28.4112
1.3541 1 2 28.176
1.3557 1 2 28.1952
1.3573 1 2 27.761
1.3589 1 2 27.6068
1.3605 1 2 27.3201
1.3621 1 2 26.8877
1.3637 1 2 27.3905
1.3653 1 2 27.6391
1.3669 1 2 27.5101
1.3685 1 2 27.4444
1.3701 1 2 27.706
1.3717 1 2 27.6113
1.3733 1 2 27.4324
1.3749 1 2 27.2355
1.3765 1 2 26.9212
1.3781 1 2 26.2856
1.3797 1 2 26.6098
1.3813 1 2 26.0734
1.3829 1 2 25.4503
1.3845 1 2 24.6014
1.3861 1 2 24.3924
1.3877 1 2 24.5033
1.3893 1 2 23.5766
1.3909 1 2 23.3176
1.3925 1 2 23.0454
1.3941 1 2 22.9478
1.3957 1 2 22.8201
1.3973 1 2 22.5297
1.3989 1 2 23.0784
1.4005 1 2 22.7045
1.4021 1 2 23.1177
1.4037 1 2 23.3656
1.4053 1 2 22.9957
1.4069 1 2 22.7066
1.4085 1 2 22.8151
1.4101 1 2 22.5603
1.4117 1 2 22.7418
1.4133 1 2 23.1341
1.4149 1 2 23.5508
1.4165 1 2 23.5346
1.4181 1 2 22.6777
1.4197 1 2 22.6653
1.4213 1 2 22.0789
1.4229 1 2 22.8708
1.4245 1 2 22.8834
1.4261 1 2 22.7475
1.4277 1 2 23.4401
1.4293 1 2 23.2175
1.4309 1 2 22.4258
1.4325 1 2 22.4128
1.4341 1 2 22.2755
1.4357 1 2 21.0049
1.4373 1 2 20.7906
1.4389 1 2 20.7713
1.4405 1 2 21.1508
1.4421 1 2 21.9278
1.4437 1 2 21.117
1.4453 1 2 20.9354
1.4469 1 2 20.2987
1.4485 1 2 20.9473
1.4501 1 2 20.898
1.4517 1 2 20.3357
1.4533 1 2 20.6401
1.4549 1 2 22.1431
1.4565 1 2 20.8337
1.4581 1 2 20.3264
1.4597 1 2 20.4505
1.4613 1 2 20.5127
1.4629 1 2 19.6189
1.4645 1 2 19.1456
1.4661 1 2 19.6421
1.4677 1 2 18.3665
1.4693 1 2 18.8356
1.4709 1 2 18.3608
1.4725 1 2 19.3208
1.4741 1 2 18.9313
1.4757 1 2 19.2074
1.4773 1 2 18.7112
1.4789 1 2 19.938
1.4805 1 2 19.1969
1.4821 1 2 19.097
1.4837 1 2 19.2117
1.4853 1 2 19.7448
1.4869 1 2 19.5375
1.4885 1 2 19.6837
1.4901 1 2 19.4658
1.4917 1 2 18.6717
1.4933 1 2 17.9368
1.4949 1 2 19.186
1.4965 1 2 17.4957
1.4981 1 2 18.129
1.4997 1 2 16.9268
1.5013 1 2 17.5455
1.5029 1 2 17.8012
1.5045 1 2 18.0787
1.5061 1 2 17.4914
1.5077 1 2 16.3394
1.5093 1 2 18.3367
1.5109 1 2 18.297
1.5125 1 2 18.5155
1.5141 1 2 18.632
1.5157 1 2 18.1004
1.5173 1 2 18.5843
1.5189 1 2 19.1908
1.5205 1 2 17.4279
1.5221 1 2 17.6649
1.5237 1 2 17.5967
1.5253 1 2 16.5518
1.5269 1 2 16.0991
1.5285 1 2 16.358
1.5301 1 2 16.1041
1.5317 1 2 15.558
1.5333 1 2 16.1162
1.5349 1 2 15.4845
1.5365 1 2 13.4105
1.5381 1 2 13.2474
1.5397 1 2 12.8599
1.5413 1 2 10.9391
1.5429 1 2 12.2435
1.5445 1 2 9.61727
1.5461 1 2 10.9891
1.5477 1 2 10.3191
1.5493 1 2 11.7705
1.5509 1 2 9.07462
1.5525 1 2 9.10756
1.5541 1 2 9.48682
1.5557 1 2 10.1081
1.5573 1 2 8.28741
1.5589 1 2 6.58055
1.5605 1 2 7.54309
1.5621 1 2 8.36458
1.5637 1 2 8.31242
1.5653 1 2 6.8325
1.5669 1 2 4.63207
1.5685 1 2 5.24602
1.5701 1 2 5.22073
1.5717 1 2 3.88189
1.5733 1 2 3.86984
1.5749 1 2 4.6173
1.5765 1 2 6.04971
1.5781 1 2 4.05652
1.5797 1 2 3.39766
1.5813 1 2 3.58644
1.5829 1 2 -2.66246
1.5845 1 2 -5.22667
1.5861 1 2 -0.966687
1.5877 1 2 -5.58369
1.5893 1 2 -3.49732
1.5909 1 2 -4.8288
1.5925 1 2 -7.0199
1.5941 1 2 -12.9991
1.5957 1 2 -10.7332
1.5973 1 2 -1.10284
1.5989 1 2 1.56043
1.6005 1 2 1.94003
1.6021 1 2 3.29627
1.6037 1 2 1.74693
1.6053 1 2 3.14717
1.6069 1 2 3.05928
1.6085 1 2 4.18642
1.6101 1 2 7.68076
1.6117 1 2 7.66913
1.6133 1 2 5.77471
1.6149 1 2 8.59208
1.6165 1 2 7.00182
1.6181 1 2 8.79473
1.6197 1 2 10.2952
1.6213 1 2 9.28711
1.6229 1 2 9.24156
1.6245 1 2 10.238
1.6261 1 2 11.499
1.6277 1 2 12.9977
1.6293 1 2 13.7227
1.6309 1 2 13.6408
1.6325 1 2 13.3861
1.6341 1 2 13.179
1.6357 1 2 13.8424
1.6373 1 2 12.8297
1.6389 1 2 13.4905
1.6405 1 2 13.3604
1.6421 1 2 13.2572
1.6437 1 2 13.984
1.6453 1 2 13.005
1.6469 1 2 12.9708
1.6485 1 2 12.9494
1.6501 1 2 12.6416
1.6517 1 2 13.8466
1.6533 1 2 14.1741
1.6549 1 2 14.5267
1.6565 1 2 13.0042
1.6581 1 2 13.3875
1.6597 1 2 13.1391
1.6613 1 2 13.0153
1.6629 1 2 13.3782
1.6645 1 2 14.3424
1.6661 1 2 14.0218
1.6677 1 2 14.2033
1.6693 1 2 13.7111
1.6709 1 2 14.1083
1.6725 1 2 14.2348
1.6741 1 2 14.6473
1.6757 1 2 14.9811
1.6773 1 2 14.8103
1.6789 1 2 14.401
1.6805 1 2 14.6273
1.6821 1 2 14.631
1.6837 1 2 15.3137
1.6853 1 2 15.0414
1.6869 1 2 15.5297
1.6885 1 2 15.7716
1.6901 1 2 16.4431
1.6917 1 2 16.9718
1.6933 1 2 17.8424
1.6949 1 2 18.0531
1.6965 1 2 18.0341
1.6981 1 2 18.1337
1.6997 1 2 18.5786
1.7013 1 2 18.6451
1.7029 1 2 18.8528
1.7045 1 2 18.9008
1.7061 1 2 18.9313
1.7077 1 2 19.4233
1.7093 1 2 19.3298
1.7109 1 2 19.1415
1.7125 1 2 19.1947
1.7141 1 2 19.359
1.7157 1 2 18.6844
1.7173 1 2 18.7476
1.7189 1 2 18.1636
1.7205 1 2 17.9849
1.7221 1 2 18.7305
1.7237 1 2 18.3625
1.7253 1 2 18.6056
1.7269 1 2 19.3526
1.7285 1 2 18.7648
1.7301 1 2 18.4386
1.7317 1 2 17.8356
1.7333 1 2 17.6319
1.7349 1 2 18.037
1.7365 1 2 18.4046
1.7381 1 2 18.1501
1.7397 1 2 18.5041
1.7413 1 2 17.9454
1.7429 1 2 17.5853
1.7445 1 2 18.4113
1.7461 1 2 18.3958
1.7477 1 2 18.725
1.7493 1 2 18.6577
1.7509 1 2 19.5963
1.7525 1 2 19.8292
1.7541 1 2 20.7812
1.7557 1 2 20.4748
1.7573 1 2 20.3996
1.7589 1 2 19.7651
1.7605 1 2 20.1133
1.7621 1 2 20.2765
1.7637 1 2 20.8526
1.7653 1 2 21.2348
1.7669 1 2 21.629
1.7685 1 2 21.6056
1.7701 1 2 22.1224
1.7717 1 2 21.8404
1.7733 1 2 21.9824
1.7749 1 2 21.8112
1.7765 1 2 22.4747
1.7781 1 2 23.0231
1.7797 1 2 22.9691
1.7813 1 2 22.8246
1.7829 1 2 22.816
1.7845 1 2 23.278
1.7861 1 2 23.3859
1.7877 1 2 23.7464
1.7893 1 2 23.5671
1.7909 1 2 23.2358
1.7925 1 2 23.1348
1.7941 1 2 23.1875
1.7957 1 2 23.7233
1.7973 1 2 23.8123
1.7989 1 2 24.5999
1.8005 1 2 24.9828
1.8021 1 2 25.0961
1.8037 1 2 25.6797
1.8053 1 2 25.5975
1.8069 1 2 25.6745
1.8085 1 2 25.1938
1.8101 1 2 26.2595
1.8117 1 2 26.4743
1.8133 1 2 26.1605
1.8149 1 2 26.2686
1.8165 1 2 26.3971
1.8181 1 2 26.7143
1.8197 1 2 26.2082
1.8213 1 2 26.3332
1.8229 1 2 26.4541
1.8245 1 2 26.8388
1.8261 1 2 26.5892
1.8277 1 2 26.8345
1.8293 1 2 26.3184
1.8309 1 2 25.7393
1.8325 1 2 25.244
1.8341 1 2 25.1527
1.8357 1 2 25.0263
1.8373 1 2 25.3554
1.8389 1 2 24.6012
1.8405 1 2 24.6734
1.8421 1 2 24.2599
1.8437 1 2 24.2791
1.8453 1 2 24.3782
1.8469 1 2 23.8976
1.8485 1 2 24.0614
1.8501 1 2 23.498
1.8517 1 2 23.6825
1.8533 1 2 24.087
1.8549 1 2 24.4167
1.8565 1 2 24.7475
1.8581 1 2 24.8008
1.8597 1 2 24.8655
1.8613 1 2 24.499
1.8629 1 2 23.8754
1.8645 1 2 24.3358
1.8661 1 2 24.0332
1.8677 1 2 24.1607
1.8693 1 2 24.4596
1.8709 1 2 24.2028
1.8725 1 2 24.1064
1.8741 1 2 23.8965
1.8757 1 2 24.2721
1.8773 1 2 24.5641
1.8789 1 2 24.6242
1.8805 1 2 24.5187
1.8821 1 2 24.9323
1.8837 1 2 25.5004
1.8853 1 2 25.9866
1.8869 1 2 25.3833
1.8885 1 2 25.5526
1.8901 1 2 24.9699
1.8917 1 2 24.9861
1.8933 1 2 24.4688
1.8949 1 2 24.753
1.8965 1 2 24.2934
1.8981 1 2 24.52
1.8997 1 2 25.1535
1.9013 1 2 24.8347
1.9029 1 2 24.9541
1.9045 1 2 24.5107
1.9061 1 2 24.4055
1.9077 1 2 24.2386
1.9093 1 2 24.5596
1.9109 1 2 25.4293
1.9125 1 2 25.808
1.9141 1 2 25.2983
1.9157 1 2 24.7903
1.9173 1 2 24.2301
1.9189 1 2 24.2011
1.9205 1 2 24.3321
1.9221 1 2 24.8275
1.9237 1 2 25.0992
1.9253 1 2 24.3181
1.9269 1 2 24.7156
1.9285 1 2 24.6226
1.9301 1 2 25.0485
1.9317 1 2 25.3662
1.9333 1 2 25.2866
1.9349 1 2 25.7113
1.9365 1 2 26.123
1.9381 1 2 26.3804
1.9397 1 2 26.2812
1.9413 1 2 26.5075
1.9429 1 2 27.1787
1.9445 1 2 27.5359
1.9461 1 2 27.5812
1.9477 1 2 27.4061
1.9493 1 2 27.2633
1.9509 1 2 27.8873
1.9525 1 2 26.8673
1.9541 1 2 27.6688
1.9557 1 2 28.1759
1.9573 1 2 28.624
1.9589 1 2 28.4934
1.9605 1 2 28.9457
1.9621 1 2 29.3094
1.9637 1 2 29.8615
1.9653 1 2 29.9484
1.9669 1 2 29.8602
1.9685 1 2 29.452
1.9701 1 2 30.0004
1.9717 1 2 29.2996
1.9733 1 2 29.5036
1.9749 1 2 28.9565
1.9765 1 2 29.0306
1.9781 1 2 29.0879
1.9797 1 2 28.822
1.9813 1 2 29.0336
1.9829 1 2 28.9647
1.9845 1 2 29.2951
1.9861 1 2 29.2563
1.9877 1 2 29.4173
1.9893 1 2 29.0224
1.9909 1 2 28.8712
1.9925 1 2 28.9029
1.9941 1 2 29.1403
1.9957 1 2 28.9491
1.9973 1 2 28.138
1.9989 1 2 28.8377
2.0005 1 2 28.7251
2.0021 1 2 28.8804
2.0037 1 2 28.3912
2.0053 1 2 29.1074
2.0069 1 2 29.1435
2.0085 1 2 29.1145
2.0101 1 2 28.6305
2.0117 1 2 28.9325
2.0133 1 2 28.5322
2.0149 1 2 28.7307
2.0165 1 2 29.2813
2.0181 1 2 28.8481
2.0197 1 2 29.2106
2.0213 1 2 28.9099
2.0229 1 2 29.3161
2.0245 1 2 29.0549
2.0261 1 2 29.5032
2.0277 1 2 29.4051
2.0293 1 2 29.0613
2.0309 1 2 29.279
2.0325 1 2 28.2576
2.0341 1 2 27.9637
2.0357 1 2 28.2224
2.0373 1 2 28.6489
2.0389 1 2 28.5224
2.0405 1 2 28.2868
2.0421 1 2 28.164
2.0437 1 2 28.1102
2.0453 1 2 28.2725
2.0469 1 2 29.0293
2.0485 1 2 28.8933
2.0501 1 2 28.6037
2.0517 1 2 28.7727
2.0533 1 2 28.8096
2.0549 1 2 28.8888
2.0565 1 2 29.0619
2.0581 1 2 29.5272
2.0597 1 2 29.3404
2.0613 1 2 29.3228
2.0629 1 2 29.9503
2.0645 1 2 29.9939
2.0661 1 2 30.2397
2.0677 1 2 30.615
2.0693 1 2 30.9585
2.0709 1 2 30.4944
2.0725 1 2 31.2571
2.0741 1 2 31.6932
2.0757 1 2 32.0356
2.0773 1 2 32.3796
2.0789 1 2 32.4963
2.0805 1 2 32.4782
2.0821 1 2 32.6299
2.0837 1 2 32.9122
2.0853 1 2 32.6877
2.0869 1 2 32.5031
2.0885 1 2 33.4862
2.0901 1 2 33.6952
2.0917 1 2 34.4978
2.0933 1 2 33.9369
2.0949 1 2 34.2986
2.0965 1 2 34.4551
2.0981 1 2 34.8753
2.0997 1 2 34.457
2.1013 1 2 34.1975
2.1029 1 2 34.2954
2.1045 1 2 34.6276
2.1061 1 2 34.4966
2.1077 1 2 35.2965
2.1093 1 2 35.7747
2.1109 1 2 35.5994
2.1125 1 2 35.4949
2.1141 1 2 35.1458
2.1157 1 2 35.9822
2.1173 1 2 35.6215
2.1189 1 2 36.1021
2.1205 1 2 36.7676
2.1221 1 2 36.8869
2.1237 1 2 36.7985
2.1253 1 2 36.8199
2.1269 1 2 35.6632
2.1285 1 2 35.4319
2.1301 1 2 35.8379
2.1317 1 2 35.8725
2.1333 1 2 35.6737
2.1349 1 2 35.4748
2.1365 1 2 35.2907
2.1381 1 2 35.3014
2.1397 1 2 35.9359
2.1413 1 2 36.0888
2.1429 1 2 36.1451
2.1445 1 2 35.6771
2.1461 1 2 35.5679
2.1477 1 2 35.5694
2.1493 1 2 34.9719
2.1509 1 2 35.0949
2.1525 1 2 34.1666
2.1541 1 2 34.5908
2.1557 1 2 34.8068
2.1573 1 2 34.9501
2.1589 1 2 35.1979
2.1605 1 2 34.8452
2.1621 1 2 35.1272
2.1637 1 2 34.724
2.1653 1 2 34.7443
2.1669 1 2 34.5039
2.1685 1 2 34.385
2.1701 1 2 34.1301
2.1717 1 2 35.1678
2.1733 1 2 35.3739
2.1749 1 2 35.3172
2.1765 1 2 35.6561
2.1781 1 2 36.0528
2.1797 1 2 35.9206
2.1813 1 2 35.5477
2.1829 1 2 35.238
2.1845 1 2 34.879
2.1861 1 2 34.424
2.1877 1 2 33.4254
2.1893 1 2 33.5366
2.1909 1 2 33.58
2.1925 1 2 33.4948
2.1941 1 2 33.737
2.1957 1 2 33.9033
2.1973 1 2 33.6739
2.1989 1 2 33.5656
2.2005 1 2 34.0795
2.2021 1 2 34.1945
2.2037 1 2 34.2472
2.2053 1 2 34.7129
2.2069 1 2 34.5097
2.2085 1 2 34.7452
2.2101 1 2 34.0441
2.2117 1 2 34.0586
2.2133 1 2 33.8756
2.2149 1 2 33.8945
2.2165 1 2 33.6779
2.2181 1 2 33.3765
2.2197 1 2 32.9838
2.2213 1 2 33.452
2.2229 1 2 32.9319
2.2245 1 2 32.6165
2.2261 1 2 31.8028
2.2277 1 2 31.6608
2.2293 1 2 31.4534
2.2309 1 2 30.9667
2.2325 1 2 31.2548
2.2341 1 2 32.1917
2.2357 1 2 31.7492
2.2373 1 2 31.9245
2.2389 1 2 31.6771
2.2405 1 2 31.5392
2.2421 1 2 31.4667
2.2437 1 2 31.1383
2.2453 1 2 31.0663
2.2469 1 2 30.5719
2.2485 1 2 30.4892
2.2501 1 2 30.6607
2.2517 1 2 30.4321
2.2533 1 2 30.2322
2.2549 1 2 30.1033
2.2565 1 2 30.517
2.2581 1 2 30.5293
2.2597 1 2 30.6024
2.2613 1 2 30.1478
2.2629 1 2 29.6937
2.2645 1 2 30.0652
2.2661 1 2 30.4912
2.2677 1 2 30.6225
2.2693 1 2 30.8229
2.2709 1 2 31.2018
2.2725 1 2 30.951
2.2741 1 2 30.9173
2.2757 1 2 31.2811
2.2773 1 2 31.434
2.2789 1 2 31.0048
2.2805 1 2 30.846
2.2821 1 2 30.6912
2.2837 1 2 30.4811
2.2853 1 2 30.7922
2.2869 1 2 30.3327
2.2885 1 2 30.4442
2.2901 1 2 30.6743
2.2917 1 2 30.858
2.2933 1 2 31.4553
2.2949 1 2 31.6025
2.2965 1 2 32.2792
2.2981 1 2 32.5245
2.2997 1 2 32.3456
2.3013 1 2 32.9
2.3029 1 2 32.0194
2.3045 1 2 31.8692
2.3061 1 2 31.8533
2.3077 1 2 31.8596
2.3093 1 2 32.0201
2.3109 1 2 31.7843
2.3125 1 2 32.088
2.3141 1 2 32.5037
2.3157 1 2 32.8672
2.3173 1 2 32.6828
2.3189 1 2 32.4666
2.3205 1 2 33.0025
2.3221 1 2 33.6139
2.3237 1 2 34.2827
2.3253 1 2 34.2888
2.3269 1 2 33.6495
2.3285 1 2 33.6848
2.3301 1 2 33.2887
2.3317 1 2 32.7137
2.3333 1 2 32.9002
2.3349 1 2 33.2196
2.3365 1 2 33.0323
2.3381 1 2 33.3612
2.3397 1 2 33.5819
2.3413 1 2 33.9088
2.3429 1 2 33.3915
2.3445 1 2 34.0746
2.3461 1 2 33.955
2.3477 1 2 34.1496
2.3493 1 2 34.5899
2.3509 1 2 34.6408
2.3525 1 2 34.7595
2.3541 1 2 34.4672
2.3557 1 2 33.5486
2.3573 1 2 33.1473
2.3589 1 2 33.365
2.3605 1 2 33.5913
2.3621 1 2 33.1634
2.3637 1 2 32.9444
2.3653 1 2 33.5051
2.3669 1 2 33.4451
2.3685 1 2 33.6054
2.3701 1 2 33.9648
2.3717 1 2 33.3264
2.3733 1 2 32.8365
2.3749 1 2 32.9078
2.3765 1 2 33.072
2.3781 1 2 33.1248
2.3797 1 2 32.6189
2.3813 1 2 32.8544
2.3829 1 2 33.5391
2.3845 1 2 33.5656
2.3861 1 2 33.5285
2.3877 1 2 33.2286
2.3893 1 2 32.393
2.3909 1 2 32.5184
2.3925 1 2 32.1239
2.3941 1 2 32.6165
2.3957 1 2 32.1315
2.3973 1 2 32.1693
2.3989 1 2 32.0545
2.4005 1 2 32.1584
2.4021 1 2 31.6202
2.4037 1 2 31.7284
2.4053 1 2 31.1377
2.4069 1 2 31.0675
2.4085 1 2 30.514
2.4101 1 2 30.5079
2.4117 1 2 31.429
2.4133 1 2 31.3443
2.4149 1 2 31.4807
2.4165 1 2 30.6091
2.4181 1 2 30.0894
2.4197 1 2 30.6006
2.4213 1 2 30.0159
2.4229 1 2 29.7997
2.4245 1 2 29.2497
2.4261 1 2 29.1366
2.4277 1 2 29.1482
2.4293 1 2 28.5166
2.4309 1 2 28.3477
2.4325 1 2 28.3255
2.4341 1 2 28.3078
2.4357 1 2 28.2579
2.4373 1 2 27.9866
2.4389 1 2 27.8589
2.4405 1 2 28.5742
2.4421 1 2 28.6737
2.4437 1 2 28.6123
2.4453 1 2 28.3303
2.4469 1 2 28.5885
2.4485 1 2 27.7756
2.4501 1 2 28.0382
2.4517 1 2 28.0655
2.4533 1 2 27.4043
2.4549 1 2 27.5195
2.4565 1 2 28.0612
2.4581 1 2 28.0552
2.4597 1 2 28.5217
2.4613 1 2 28.5805
2.4629 1 2 27.9894
2.4645 1 2 29.1568
2.4661 1 2 29.5817
2.4677 1 2 29.6212
2.4693 1 2 29.7966
2.4709 1 2 30.1541
2.4725 1 2 29.9764
2.4741 1 2 30.014
2.4757 1 2 30.631
2.4773 1 2 30.9818
2.4789 1 2 31.3024
2.4805 1 2 31.5119
2.4821 1 2 31.7636
2.4837 1 2 31.7049
2.4853 1 2 31.2936
2.4869 1 2 30.7656
2.4885 1 2 30.3509
2.4901 1 2 30.3989
2.4917 1 2 30.692
2.4933 1 2 30.2558
2.4949 1 2 30.4705
2.4965 1 2 31.0946
2.4981 1 2 31.3167
2.4997 1 2 31.0422
2.5013 1 2 31.321
2.5029 1 2 31.1716
2.5045 1 2 31.3636
2.5061 1 2 31.2355
2.5077 1 2 31.2665
2.5093 1 2 32.0325
2.5109 1 2 31.7372
2.5125 1 2 31.6745
2.5141 1 2 31.743
2.5157 1 2 32.0448
2.5173 1 2 32.076
2.5189 1 2 31.9556
2.5205 1 2 32.0234
2.5221 1 2 32.3989
2.5237 1 2 33.223
2.5253 1 2 33.3573
2.5269 1 2 33.2331
2.5285 1 2 33.3775
2.5301 1 2 32.6767
2.5317 1 2 32.1609
2.5333 1 2 32.3971
2.5349 1 2 31.7981
2.5365 1 2 31.4015
2.5381 1 2 31.288
2.5397 1 2 31.3219
2.5413 1 2 30.82
2.5429 1 2 31.4131
2.5445 1 2 31.9996
2.5461 1 2 32.2437
2.5477 1 2 31.9655
2.5493 1 2 31.9427
2.5509 1 2 31.989
2.5525 1 2 32.0047
2.5541 1 2 33.0169
2.5557 1 2 32.9537
2.5573 1 2 31.9142
2.5589 1 2 32.5136
2.5605 1 2 32.3426
2.5621 1 2 32.3074
2.5637 1 2 32.0987
2.5653 1 2 32.248
2.5669 1 2 32.1777
2.5685 1 2 31.9231
2.5701 1 2 32.0541
2.5717 1 2 32.3648
2.5733 1 2 32.3105
2.5749 1 2 32.2503
2.5765 1 2 32.1575
2.5781 1 2 32.8043
2.5797 1 2 33.6489
2.5813 1 2 33.414
2.5829 1 2 33.4072
2.5845 1 2 33.9836
2.5861 1 2 33.93
2.5877 1 2 34.0046
2.5893 1 2 33.9416
2.5909 1 2 33.7375
2.5925 1 2 34.2381
2.5941 1 2 35.3158
2.5957 1 2 36.1415
2.5973 1 2 36.4428
2.5989 1 2 36.6431
2.6005 1 2 36.5062
2.6021 1 2 36.9793
2.6037 1 2 36.8819
2.6053 1 2 36.7651
2.6069 1 2 36.2592
2.6085 1 2 35.9142
2.6101 1 2 35.572
2.6117 1 2 36.0292
2.6133 1 2 34.7319
2.6149 1 2 34.5838
2.6165 1 2 34.8981
2.6181 1 2 35.2545
2.6197 1 2 34.4247
2.6213 1 2 34.2292
2.6229 1 2 34.634
2.6245 1 2 34.2446
2.6261 1 2 34.1977
2.6277 1 2 35.4144
2.6293 1 2 35.7158
2.6309 1 2 35.5837
2.6325 1 2 35.7722
2.6341 1 2 36.4369
2.6357 1 2 36.1645
2.6373 1 2 36.6145
2.6389 1 2 37.1602
2.6405 1 2 36.7745
2.6421 1 2 36.9666
2.6437 1 2 37.4615
2.6453 1 2 36.6633
2.6469 1 2 36.742
2.6485 1 2 37.0882
2.6501 1 2 37.3315
2.6517 1 2 37.1896
2.6533 1 2 36.9365
2.6549 1 2 37.3958
2.6565 1 2 37.0487
2.6581 1 2 37.1389
2.6597 1 2 37.3406
2.6613 1 2 36.9931
2.6629 1 2 37.0903
2.6645 1 2 36.5264
2.6661 1 2 36.5876
2.6677 1 2 35.5961
2.6693 1 2 35.423
2.6709 1 2 35.9568
2.6725 1 2 35.5542
2.6741 1 2 35.7302
2.6757 1 2 35.8628
2.6773 1 2 35.9917
2.6789 1 2 36.1526
2.6805 1 2 35.5031
2.6821 1 2 35.455
2.6837 1 2 35.4957
2.6853 1 2 36.0281
2.6869 1 2 36.2975
2.6885 1 2 36.4345
2.6901 1 2 36.2583
2.6917 1 2 37.0483
2.6933 1 2 37.2972
2.6949 1 2 37.8512
2.6965 1 2 37.4885
2.6981 1 2 37.5646
2.6997 1 2 37.4831
2.7013 1 2 37.0769
2.7029 1 2 36.9793
2.7045 1 2 36.8323
2.7061 1 2 37.0627
2.7077 1 2 36.5754
2.7093 1 2 36.758
2.7109 1 2 36.4757
2.7125 1 2 36.0516
2.7141 1 2 35.4413
2.7157 1 2 35.5733
2.7173 1 2 35.3445
2.7189 1 2 35.0595
2.7205 1 2 35.9164
2.7221 1 2 35.2561
2.7237 1 2 34.2721
2.7253 1 2 34.0949
2.7269 1 2 34.3661
2.7285 1 2 34.3056
2.7301 1 2 34.5642
2.7317 1 2 34.4132
2.7333 1 2 34.6878
2.7349 1 2 34.3904
2.7365 1 2 34.4046
2.7381 1 2 34.4367
2.7397 1 2 34.1902
2.7413 1 2 34.1954
2.7429 1 2 34.8399
2.7445 1 2 34.8768
2.7461 1 2 35.0774
2.7477 1 2 35.2372
2.7493 1 2 35.2897
2.7509 1 2 35.8706
2.7525 1 2 36.6332
2.7541 1 2 36.3571
2.7557 1 2 36.4361
2.7573 1 2 36.0559
2.7589 1 2 35.7993
2.7605 1 2 35.5172
2.7621 1 2 35.862
2.7637 1 2 36.4634
2.7653 1 2 36.4744
2.7669 1 2 35.4442
2.7685 1 2 35.4797
2.7701 1 2 35.0463
2.7717 1 2 35.0706
2.7733 1 2 35.4469
2.7749 1 2 34.8341
2.7765 1 2 34.9227
2.7781 1 2 35.1222
2.7797 1 2 34.4187
2.7813 1 2 34.7657
2.7829 1 2 34.5284
2.7845 1 2 33.9078
2.7861 1 2 34.1502
2.7877 1 2 34.8445
2.7893 1 2 34.3532
2.7909 1 2 33.8685
2.7925 1 2 33.7027
2.7941 1 2 33.8708
2.7957 1 2 34.7469
2.7973 1 2 34.6812
2.7989 1 2 34.4833
2.8005 1 2 34.1378
2.8021 1 2 34.3535
2.8037 1 2 34.1884
2.8053 1 2 34.1873
2.8069 1 2 34.4833
2.8085 1 2 34.887
2.8101 1 2 34.73
2.8117 1 2 34.9432
2.8133 1 2 35.2759
2.8149 1 2 34.9686
2.8165 1 2 35.3733
2.8181 1 2 34.9802
2.8197 1 2 34.5353
2.8213 1 2 34.2853
2.8229 1 2 33.7188
2.8245 1 2 33.6588
2.8261 1 2 34.1425
2.8277 1 2 34.4726
2.8293 1 2 34.1047
2.8309 1 2 33.5282
2.8325 1 2 33.5542
2.8341 1 2 32.7027
2.8357 1 2 31.4021
2.8373 1 2 30.8391
2.8389 1 2 30.5448
2.8405 1 2 30.6041
2.8421 1 2 31.2543
2.8437 1 2 31.3549
2.8453 1 2 31.0371
2.8469 1 2 31.46
2.8485 1 2 31.5123
2.8501 1 2 31.7393
2.8517 1 2 32.031
2.8533 1 2 31.7876
2.8549 1 2 32.0321
2.8565 1 2 32.2757
2.8581 1 2 32.2768
2.8597 1 2 32.5664
2.8613 1 2 32.3477
2.8629 1 2 32.3939
2.8645 1 2 31.8315
2.8661 1 2 31.6075
2.8677 1 2 31.5355
2.8693 1 2 31.4819
2.8709 1 2 31.4679
2.8725 1 2 31.751
2.8741 1 2 32.8723
2.8757 1 2 33.2507
2.8773 1 2 32.9953
2.8789 1 2 32.8745
2.8805 1 2 32.792
2.8821 1 2 33.3839
2.8837 1 2 33.3766
2.8853 1 2 33.1527
2.8869 1 2 32.9144
2.8885 1 2 32.7741
2.8901 1 2 32.7632
2.8917 1 2 32.8835
2.8933 1 2 33.0165
2.8949 1 2 32.9708
2.8965 1 2 33.1846
2.8981 1 2 32.5791
2.8997 1 2 32.4446
2.9013 1 2 32.7134
2.9029 1 2 33.0155
2.9045 1 2 33.779
2.9061 1 2 33.7464
2.9077 1 2 33.6786
2.9093 1 2 33.5827
2.9109 1 2 32.9838
2.9125 1 2 33.0112
2.9141 1 2 32.7461
2.9157 1 2 33.2481
2.9173 1 2 33.7909
2.9189 1 2 33.966
2.9205 1 2 34.3186
2.9221 1 2 34.4867
2.9237 1 2 34.6434
2.9253 1 2 35.681
2.9269 1 2 36.0545
2.9285 1 2 36.2216
2.9301 1 2 35.8398
2.9317 1 2 35.9338
2.9333 1 2 36.2732
2.9349 1 2 36.4642
2.9365 1 2 35.9458
2.9381 1 2 35.6414
2.9397 1 2 35.7962
2.9413 1 2 35.442
2.9429 1 2 35.8107
2.9445 1 2 35.7852
2.9461 1 2 35.5462
2.9477 1 2 35.3426
2.9493 1 2 35.7066
2.9509 1 2 35.7673
2.9525 1 2 35.7239
2.9541 1 2 35.5316
2.9557 1 2 35.8519
2.9573 1 2 35.4039
2.9589 1 2 35.2955
2.9605 1 2 35.4729
2.9621 1 2 34.3667
2.9637 1 2 34.5291
2.9653 1 2 34.4613
2.9669 1 2 34.6195
2.9685 1 2 35.3839
2.9701 1 2 35.0512
2.9717 1 2 34.4877
2.9733 1 2 34.8254
2.9749 1 2 34.8327
2.9765 1 2 34.6319
2.9781 1 2 34.9637
2.9797 1 2 34.8115
2.9813 1 2 34.5868
2.9829 1 2 34.5178
2.9845 1 2 34.8777
2.9861 1 2 34.586
2.9877 1 2 34.7964
2.9893 1 2 34.9668
2.9909 1 2 35.0059
2.9925 1 2 34.7779
2.9941 1 2 34.5737
2.9957 1 2 34.2343
2.9973 1 2 34.1474
2.9989 1 2 34.4773
