0.0005 1 2 32.448
0.0021 1 2 32.448
0.0037 1 2 32.448
0.0053 1 2 32.448
0.0069 1 2 32.448
0.0085 1 2 32.448
0.0101 1 2 32.448
0.0117 1 2 32.448
0.0133 1 2 32.448
0.0149 1 2 32.448
0.0165 1 2 32.448
0.0181 1 2 32.448
0.0197 1 2 32.448
0.0213 1 2 32.448
0.0229 1 2 32.448
0.0245 1 2 32.448
0.0261 1 2 32.448
0.0277 1 2 32.448
0.0293 1 2 32.448
0.0309 1 2 32.448
0.0325 1 2 32.448
0.0341 1 2 32.448
0.0357 1 2 32.448
0.0373 1 2 32.448
0.0389 1 2 32.448
0.0405 1 2 32.4241
0.0421 1 2 32.462
0.0437 1 2 32.4904
0.0453 1 2 32.4814
0.0469 1 2 32.5296
0.0485 1 2 32.5201
0.0501 1 2 32.5324
0.0517 1 2 32.4639
0.0533 1 2 32.4551
0.0549 1 2 32.5543
0.0565 1 2 32.4561
0.0581 1 2 32.6123
0.0597 1 2 32.548
0.0613 1 2 32.6537
0.0629 1 2 32.4919
0.0645 1 2 32.5677
0.0661 1 2 32.576
0.0677 1 2 32.668
0.0693 1 2 32.4387
0.0709 1 2 32.4792
0.0725 1 2 32.5167
0.0741 1 2 32.5316
0.0757 1 2 32.5778
0.0773 1 2 32.4514
0.0789 1 2 32.5966
0.0805 1 2 32.4451
0.0821 1 2 32.5428
0.0837 1 2 32.459
0.0853 1 2 32.5265
0.0869 1 2 32.5478
0.0885 1 2 32.5765
0.0901 1 2 32.6412
0.0917 1 2 32.5339
0.0933 1 2 32.6101
0.0949 1 2 32.5178
0.0965 1 2 32.4718
0.0981 1 2 32.4562
0.0997 1 2 32.5215
0.1013 1 2 32.5194
0.1029 1 2 32.4679
0.1045 1 2 32.5689
0.1061 1 2 32.5058
0.1077 1 2 32.5993
0.1093 1 2 32.5022
0.1109 1 2 32.545
0.1125 1 2 32.5725
0.1141 1 2 32.4821
0.1157 1 2 32.474
0.1173 1 2 32.4925
0.1189 1 2 32.4244
0.1205 1 2 32.5433
0.1221 1 2 32.5902
0.1237 1 2 32.5392
0.1253 1 2 32.5109
0.1269 1 2 32.534
0.1285 1 2 32.5034
0.1301 1 2 32.6184
0.1317 1 2 32.649
0.1333 1 2 32.5094
0.1349 1 2 32.5071
0.1365 1 2 32.5659
0.1381 1 2 32.5547
0.1397 1 2 32.4589
0.1413 1 2 32.5538
0.1429 1 2 32.576
0.1445 1 2 32.5285
0.1461 1 2 32.4414
0.1477 1 2 32.4911
0.1493 1 2 32.6185
0.1509 1 2 32.4727
0.1525 1 2 32.5098
0.1541 1 2 32.4743
0.1557 1 2 32.484
0.1573 1 2 32.4975
0.1589 1 2 32.5655
0.1605 1 2 32.5567
0.1621 1 2 32.4988
0.1637 1 2 32.5853
0.1653 1 2 32.5261
0.1669 1 2 32.6106
0.1685 1 2 32.4769
0.1701 1 2 32.5396
0.1717 1 2 32.6142
0.1733 1 2 32.5561
0.1749 1 2 32.414
0.1765 1 2 32.486
0.1781 1 2 32.6294
0.1797 1 2 32.5003
0.1813 1 2 32.5342
0.1829 1 2 32.4928
0.1845 1 2 32.5235
0.1861 1 2 32.5931
0.1877 1 2 32.6098
0.1893 1 2 32.5138
0.1909 1 2 32.4596
0.1925 1 2 32.6106
0.1941 1 2 32.537
0.1957 1 2 32.5912
0.1973 1 2 32.5139
0.1989 1 2 32.5586
0.2005 1 2 32.4951
0.2021 1 2 32.4998
0.2037 1 2 32.4478
0.2053 1 2 32.512
0.2069 1 2 32.5833
0.2085 1 2 32.5433
0.2101 1 2 32.5719
0.2117 1 2 32.567
0.2133 1 2 32.4771
0.2149 1 2 32.4401
0.2165 1 2 32.5064
0.2181 1 2 32.5115
0.2197 1 2 32.4926
0.2213 1 2 32.4559
0.2229 1 2 32.4826
0.2245 1 2 32.4788
0.2261 1 2 32.487
0.2277 1 2 32.6224
0.2293 1 2 32.4921
0.2309 1 2 32.4903
0.2325 1 2 32.523
0.2341 1 2 32.5428
0.2357 1 2 32.4695
0.2373 1 2 32.5096
0.2389 1 2 32.4739
0.2405 1 2 32.559
0.2421 1 2 32.5292
0.2437 1 2 32.5084
0.2453 1 2 32.4674
0.2469 1 2 32.6176
0.2485 1 2 32.6695
0.2501 1 2 32.4622
0.2517 1 2 32.5313
0.2533 1 2 32.5858
0.2549 1 2 32.4975
0.2565 1 2 32.6241
0.2581 1 2 32.512
0.2597 1 2 32.5261
0.2613 1 2 32.505
0.2629 1 2 32.5081
0.2645 1 2 32.4365
0.2661 1 2 32.5141
0.2677 1 2 32.5031
0.2693 1 2 32.5131
0.2709 1 2 32.5474
0.2725 1 2 32.5443
0.2741 1 2 32.4584
0.2757 1 2 32.5331
0.2773 1 2 32.5031
0.2789 1 2 32.6492
0.2805 1 2 32.5194
0.2821 1 2 32.4913
0.2837 1 2 32.4836
0.2853 1 2 32.6184
0.2869 1 2 32.505
0.2885 1 2 32.4265
0.2901 1 2 32.4624
0.2917 1 2 32.5618
0.2933 1 2 32.4705
0.2949 1 2 32.5113
0.2965 1 2 32.5675
0.2981 1 2 32.505
0.2997 1 2 32.5073
0.3013 1 2 32.6362
0.3029 1 2 32.5212
0.3045 1 2 32.5117
0.3061 1 2 32.5391
0.3077 1 2 32.4833
0.3093 1 2 32.4843
0.3109 1 2 32.5368
0.3125 1 2 32.4931
0.3141 1 2 32.4952
0.3157 1 2 32.6282
0.3173 1 2 32.5414
0.3189 1 2 32.5606
0.3205 1 2 32.5174
0.3221 1 2 32.5918
0.3237 1 2 32.5566
0.3253 1 2 32.5949
0.3269 1 2 32.6
0.3285 1 2 32.4878
0.3301 1 2 32.4915
0.3317 1 2 32.5072
0.3333 1 2 32.5081
0.3349 1 2 32.6118
0.3365 1 2 32.5836
0.3381 1 2 32.5161
0.3397 1 2 32.4875
0.3413 1 2 32.5126
0.3429 1 2 32.545
0.3445 1 2 32.4926
0.3461 1 2 32.5601
0.3477 1 2 32.4776
0.3493 1 2 32.4554
0.3509 1 2 32.572
0.3525 1 2 32.4272
0.3541 1 2 32.5266
0.3557 1 2 32.4893
0.3573 1 2 32.5009
0.3589 1 2 32.44
0.3605 1 2 32.4976
0.3621 1 2 32.4365
0.3637 1 2 32.4965
0.3653 1 2 32.4766
0.3669 1 2 32.5364
0.3685 1 2 32.4669
0.3701 1 2 32.4647
0.3717 1 2 32.5498
0.3733 1 2 32.4599
0.3749 1 2 32.6445
0.3765 1 2 32.5635
0.3781 1 2 32.4912
0.3797 1 2 32.4952
0.3813 1 2 32.536
0.3829 1 2 32.453
0.3845 1 2 32.4883
0.3861 1 2 32.547
0.3877 1 2 32.557
0.3893 1 2 32.6058
0.3909 1 2 32.6694
0.3925 1 2 32.5281
0.3941 1 2 32.5542
0.3957 1 2 32.5125
0.3973 1 2 32.4608
0.3989 1 2 32.4337
0.4005 1 2 32.4104
0.4021 1 2 32.4903
0.4037 1 2 32.4463
0.4053 1 2 32.5495
0.4069 1 2 32.5288
0.4085 1 2 32.4691
0.4101 1 2 32.4771
0.4117 1 2 32.503
0.4133 1 2 32.5319
0.4149 1 2 32.4517
0.4165 1 2 32.5284
0.4181 1 2 32.5158
0.4197 1 2 32.5249
0.4213 1 2 32.4571
0.4229 1 2 32.4586
0.4245 1 2 32.4675
0.4261 1 2 32.5176
0.4277 1 2 32.5071
0.4293 1 2 32.5383
0.4309 1 2 32.4751
0.4325 1 2 32.519
0.4341 1 2 32.516
0.4357 1 2 32.5054
0.4373 1 2 32.5377
0.4389 1 2 32.4961
0.4405 1 2 32.529
0.4421 1 2 32.4564
0.4437 1 2 32.5502
0.4453 1 2 32.5531
0.4469 1 2 32.5027
0.4485 1 2 32.4958
0.4501 1 2 32.5324
0.4517 1 2 32.5237
0.4533 1 2 32.5088
0.4549 1 2 32.5369
0.4565 1 2 32.6259
0.4581 1 2 32.4932
0.4597 1 2 32.6266
0.4613 1 2 32.4346
0.4629 1 2 32.4767
0.4645 1 2 32.4771
0.4661 1 2 32.4828
0.4677 1 2 32.4457
0.4693 1 2 32.4281
0.4709 1 2 32.5517
0.4725 1 2 32.4503
0.4741 1 2 32.4558
0.4757 1 2 32.4962
0.4773 1 2 32.5563
0.4789 1 2 32.3884
0.4805 1 2 32.5027
0.4821 1 2 32.52
0.4837 1 2 32.3899
0.4853 1 2 32.4996
0.4869 1 2 32.5161
0.4885 1 2 32.5176
0.4901 1 2 32.4565
0.4917 1 2 32.5491
0.4933 1 2 32.5334
0.4949 1 2 32.5133
0.4965 1 2 32.4618
0.4981 1 2 32.5956
0.4997 1 2 32.6011
0.5013 1 2 32.6223
0.5029 1 2 32.4995
0.5045 1 2 32.6246
0.5061 1 2 32.5747
0.5077 1 2 32.4795
0.5093 1 2 32.556
0.5109 1 2 32.484
0.5125 1 2 32.4335
0.5141 1 2 32.5324
0.5157 1 2 32.5203
0.5173 1 2 32.6418
0.5189 1 2 32.4942
0.5205 1 2 32.5316
0.5221 1 2 32.457
0.5237 1 2 32.6113
0.5253 1 2 32.5858
0.5269 1 2 32.5733
0.5285 1 2 32.5205
0.5301 1 2 32.4742
0.5317 1 2 32.4562
0.5333 1 2 32.5009
0.5349 1 2 32.4938
0.5365 1 2 32.5576
0.5381 1 2 32.5459
0.5397 1 2 32.4702
0.5413 1 2 32.4695
0.5429 1 2 32.5231
0.5445 1 2 32.5089
0.5461 1 2 32.5362
0.5477 1 2 32.4549
0.5493 1 2 32.472
0.5509 1 2 32.4515
0.5525 1 2 32.4877
0.5541 1 2 32.5456
0.5557 1 2 32.5185
0.5573 1 2 32.5861
0.5589 1 2 32.4835
0.5605 1 2 32.556
0.5621 1 2 32.492
0.5637 1 2 32.6451
0.5653 1 2 32.5019
0.5669 1 2 32.4722
0.5685 1 2 32.5662
0.5701 1 2 32.6648
0.5717 1 2 32.4671
0.5733 1 2 32.4608
0.5749 1 2 32.5116
0.5765 1 2 32.4584
0.5781 1 2 32.5416
0.5797 1 2 32.6197
0.5813 1 2 32.5883
0.5829 1 2 32.4339
0.5845 1 2 32.459
0.5861 1 2 32.5641
0.5877 1 2 32.5826
0.5893 1 2 32.6204
0.5909 1 2 32.4201
0.5925 1 2 32.6287
0.5941 1 2 32.5261
0.5957 1 2 32.4708
0.5973 1 2 32.4919
0.5989 1 2 32.5294
0.6005 1 2 32.482
0.6021 1 2 32.5711
0.6037 1 2 32.6334
0.6053 1 2 32.4303
0.6069 1 2 32.5431
0.6085 1 2 32.499
0.6101 1 2 32.433
0.6117 1 2 32.5322
0.6133 1 2 32.5045
0.6149 1 2 32.4679
0.6165 1 2 32.5154
0.6181 1 2 32.5368
0.6197 1 2 32.4844
0.6213 1 2 32.524
0.6229 1 2 32.5974
0.6245 1 2 32.5089
0.6261 1 2 32.4742
0.6277 1 2 32.6186
0.6293 1 2 32.5481
0.6309 1 2 32.5382
0.6325 1 2 32.5365
0.6341 1 2 32.4507
0.6357 1 2 32.5473
0.6373 1 2 32.4568
0.6389 1 2 32.5055
0.6405 1 2 32.5518
0.6421 1 2 32.4647
0.6437 1 2 32.5413
0.6453 1 2 32.6098
0.6469 1 2 32.4753
0.6485 1 2 32.536
0.6501 1 2 32.5449
0.6517 1 2 32.5345
0.6533 1 2 32.5819
0.6549 1 2 32.5533
0.6565 1 2 32.4798
0.6581 1 2 32.4679
0.6597 1 2 32.489
0.6613 1 2 32.5465
0.6629 1 2 32.475
0.6645 1 2 32.4808
0.6661 1 2 32.4465
0.6677 1 2 32.4308
0.6693 1 2 32.524
0.6709 1 2 32.503
0.6725 1 2 32.5338
0.6741 1 2 32.4676
0.6757 1 2 32.4957
0.6773 1 2 32.5277
0.6789 1 2 32.4856
0.6805 1 2 32.5927
0.6821 1 2 32.5943
0.6837 1 2 32.5257
0.6853 1 2 32.4532
0.6869 1 2 32.5121
0.6885 1 2 32.5801
0.6901 1 2 32.5558
0.6917 1 2 32.5006
0.6933 1 2 32.6601
0.6949 1 2 32.5276
0.6965 1 2 32.5384
0.6981 1 2 32.5896
0.6997 1 2 32.5159
0.7013 1 2 32.5478
0.7029 1 2 32.5931
0.7045 1 2 32.5333
0.7061 1 2 32.5715
0.7077 1 2 32.6944
0.7093 1 2 32.6231
0.7109 1 2 32.4996
0.7125 1 2 32.5896
0.7141 1 2 32.5264
0.7157 1 2 32.5207
0.7173 1 2 32.4949
0.7189 1 2 32.44
0.7205 1 2 32.5056
0.7221 1 2 32.4804
0.7237 1 2 32.4926
0.7253 1 2 32.6011
0.7269 1 2 32.4698
0.7285 1 2 32.4011
0.7301 1 2 32.5297
0.7317 1 2 32.5637
0.7333 1 2 32.5813
0.7349 1 2 32.6219
0.7365 1 2 32.4351
0.7381 1 2 32.5624
0.7397 1 2 32.545
0.7413 1 2 32.5609
0.7429 1 2 32.4011
0.7445 1 2 32.4404
0.7461 1 2 32.572
0.7477 1 2 32.4901
0.7493 1 2 32.4905
0.7509 1 2 32.4629
0.7525 1 2 32.4358
0.7541 1 2 32.5231
0.7557 1 2 32.5228
0.7573 1 2 32.4534
0.7589 1 2 32.5884
0.7605 1 2 32.5249
0.7621 1 2 32.4917
0.7637 1 2 32.5107
0.7653 1 2 32.4709
0.7669 1 2 32.6198
0.7685 1 2 32.4477
0.7701 1 2 32.6143
0.7717 1 2 32.6062
0.7733 1 2 32.466
0.7749 1 2 32.5917
0.7765 1 2 32.5876
0.7781 1 2 32.4909
0.7797 1 2 32.524
0.7813 1 2 32.553
0.7829 1 2 32.5578
0.7845 1 2 32.5125
0.7861 1 2 32.5022
0.7877 1 2 32.5485
0.7893 1 2 32.5837
0.7909 1 2 32.5333
0.7925 1 2 32.5283
0.7941 1 2 32.5256
0.7957 1 2 32.4971
0.7973 1 2 32.5041
0.7989 1 2 32.4905
0.8005 1 2 32.4181
0.8021 1 2 32.5315
0.8037 1 2 32.6083
0.8053 1 2 32.4962
0.8069 1 2 32.4973
0.8085 1 2 32.4524
0.8101 1 2 32.5506
0.8117 1 2 32.4277
0.8133 1 2 32.5035
0.8149 1 2 32.4221
0.8165 1 2 32.5157
0.8181 1 2 32.5187
0.8197 1 2 32.5543
0.8213 1 2 32.5072
0.8229 1 2 32.633
0.8245 1 2 32.5374
0.8261 1 2 32.5063
0.8277 1 2 32.4534
0.8293 1 2 32.5219
0.8309 1 2 32.3857
0.8325 1 2 32.469
0.8341 1 2 32.5152
0.8357 1 2 32.5273
0.8373 1 2 32.5728
0.8389 1 2 32.536
0.8405 1 2 32.5319
0.8421 1 2 32.4844
0.8437 1 2 32.5725
0.8453 1 2 32.5281
0.8469 1 2 32.5278
0.8485 1 2 32.6001
0.8501 1 2 32.5056
0.8517 1 2 32.5141
0.8533 1 2 32.5544
0.8549 1 2 32.4733
0.8565 1 2 32.448
0.8581 1 2 32.6515
0.8597 1 2 32.4676
0.8613 1 2 32.5942
0.8629 1 2 32.5087
0.8645 1 2 32.5519
0.8661 1 2 32.5267
0.8677 1 2 32.5384
0.8693 1 2 32.5508
0.8709 1 2 32.5472
0.8725 1 2 32.4506
0.8741 1 2 32.4695
0.8757 1 2 32.6043
0.8773 1 2 32.5805
0.8789 1 2 32.5531
0.8805 1 2 32.5081
0.8821 1 2 32.4543
0.8837 1 2 32.6131
0.8853 1 2 32.5554
0.8869 1 2 32.6426
0.8885 1 2 32.5195
0.8901 1 2 32.5262
0.8917 1 2 32.5164
0.8933 1 2 32.5677
0.8949 1 2 32.526
0.8965 1 2 32.5745
0.8981 1 2 32.5871
0.8997 1 2 32.6126
0.9013 1 2 32.495
0.9029 1 2 32.4977
0.9045 1 2 32.4731
0.9061 1 2 32.5372
0.9077 1 2 32.5446
0.9093 1 2 32.4856
0.9109 1 2 32.5182
0.9125 1 2 32.5106
0.9141 1 2 32.5322
0.9157 1 2 32.5077
0.9173 1 2 32.5495
0.9189 1 2 32.4512
0.9205 1 2 32.5285
0.9221 1 2 32.5229
0.9237 1 2 32.415
0.9253 1 2 32.4582
0.9269 1 2 32.5564
0.9285 1 2 32.504
0.9301 1 2 32.5762
0.9317 1 2 32.548
0.9333 1 2 32.5503
0.9349 1 2 32.5691
0.9365 1 2 32.5294
0.9381 1 2 32.5403
0.9397 1 2 32.5251
0.9413 1 2 32.4679
0.9429 1 2 32.511
0.9445 1 2 32.4635
0.9461 1 2 32.493
0.9477 1 2 32.4412
0.9493 1 2 32.5615
0.9509 1 2 32.5814
0.9525 1 2 32.4551
0.9541 1 2 32.5262
0.9557 1 2 32.4601
0.9573 1 2 32.487
0.9589 1 2 32.5154
0.9605 1 2 32.5358
0.9621 1 2 32.5215
0.9637 1 2 32.4732
0.9653 1 2 32.4527
0.9669 1 2 32.5514
0.9685 1 2 32.5146
0.9701 1 2 32.4978
0.9717 1 2 32.5369
0.9733 1 2 32.4365
0.9749 1 2 32.5439
0.9765 1 2 32.4716
0.9781 1 2 32.491
0.9797 1 2 32.4343
0.9813 1 2 32.5015
0.9829 1 2 32.5392
0.9845 1 2 32.4977
0.9861 1 2 32.4163
0.9877 1 2 32.597
0.9893 1 2 32.4602
0.9909 1 2 32.5297
0.9925 1 2 32.5534
0.9941 1 2 32.5015
0.9957 1 2 32.5482
0.9973 1 2 32.4959
0.9989 1 2 32.5076
1.0005 1 2 32.4315
1.0021 1 2 33.2258
1.0037 1 2 33.3287
1.0053 1 2 33.3923
1.0069 1 2 33.2121
1.0085 1 2 33.104
1.0101 1 2 33.4894
1.0117 1 2 33.6189
1.0133 1 2 33.8241
1.0149 1 2 33.4387
1.0165 1 2 33.4844
1.0181 1 2 33.3259
1.0197 1 2 33.6661
1.0213 1 2 33.372
1.0229 1 2 32.9606
1.0245 1 2 32.7859
1.0261 1 2 32.2989
1.0277 1 2 31.8921
1.0293 1 2 32.1895
1.0309 1 2 32.42
1.0325 1 2 32.6562
1.0341 1 2 32.6583
1.0357 1 2 32.7191
1.0373 1 2 32.0277
1.0389 1 2 31.8846
1.0405 1 2 31.744
1.0421 1 2 31.5428
1.0437 1 2 31.7196
1.0453 1 2 32.3316
1.0469 1 2 32.3065
1.0485 1 2 32.4673
1.0501 1 2 32.5498
1.0517 1 2 32.4518
1.0533 1 2 32.3122
1.0549 1 2 31.5641
1.0565 1 2 31.4695
1.0581 1 2 30.9363
1.0597 1 2 30.8434
1.0613 1 2 30.8932
1.0629 1 2 30.6034
1.0645 1 2 30.221
1.0661 1 2 29.9516
1.0677 1 2 -5.18391
1.0693 1 2 -4.81262
1.0709 1 2 -2.65682
1.0725 1 2 -3.82771
1.0741 1 2 -3.21807
1.0757 1 2 -2.63712
1.0773 1 2 -3.72786
1.0789 1 2 -2.63231
1.0805 1 2 -3.188
1.0821 1 2 -2.90305
1.0837 1 2 -1.29636
1.0853 1 2 0.165334
1.0869 1 2 -0.587159
1.0885 1 2 -3.13139
1.0901 1 2 -3.80095
1.0917 1 2 -1.09806
1.0933 1 2 -2.18206
1.0949 1 2 -2.63547
1.0965 1 2 -3.19161
1.0981 1 2 -1.58823
1.0997 1 2 -1.99915
1.1013 1 2 -2.09125
1.1029 1 2 -0.413397
1.1045 1 2 -2.24045
1.1061 1 2 -3.33334
1.1077 1 2 -1.02268
1.1093 1 2 -2.49423
1.1109 1 2 -4.37679
1.1125 1 2 -2.13401
1.1141 1 2 -5.66585
1.1157 1 2 -0.0705819
1.1173 1 2 -4.72766
1.1189 1 2 -3.46976
1.1205 1 2 -2.65329
1.1221 1 2 -2.40859
1.1237 1 2 -1.50803
1.1253 1 2 -3.05705
1.1269 1 2 -3.34275
1.1285 1 2 -2.21321
1.1301 1 2 -4.49634
1.1317 1 2 -3.92833
1.1333 1 2 -5.34083
1.1349 1 2 -3.7342
1.1365 1 2 -4.50587
1.1381 1 2 -5.56758
1.1397 1 2 -5.80225
1.1413 1 2 -4.39619
1.1429 1 2 -4.58678
1.1445 1 2 -5.97754
1.1461 1 2 -4.88217
1.1477 1 2 -3.65869
1.1493 1 2 -2.7967
1.1509 1 2 -5.81542
1.1525 1 2 -5.89576
1.1541 1 2 -1.93444
1.1557 1 2 -3.12106
1.1573 1 2 -2.2259
1.1589 1 2 -4.47412
1.1605 1 2 -1.32031
1.1621 1 2 -2.5316
1.1637 1 2 -4.21254
1.1653 1 2 -3.02183
1.1669 1 2 -1.92253
1.1685 1 2 -3.38714
1.1701 1 2 -3.09393
1.1717 1 2 -0.946477
1.1733 1 2 -1.27872
1.1749 1 2 -1.33613
1.1765 1 2 -0.698656
1.1781 1 2 -2.18071
1.1797 1 2 -3.24899
1.1813 1 2 -0.886393
1.1829 1 2 -2.17436
1.1845 1 2 -2.79563
1.1861 1 2 -3.81497
1.1877 1 2 -1.20054
1.1893 1 2 -0.197077
1.1909 1 2 -0.63542
1.1925 1 2 -1.48626
1.1941 1 2 1.10612
1.1957 1 2 -0.0293956
1.1973 1 2 -4.63861
1.1989 1 2 -3.07012
1.2005 1 2 -1.23732
1.2021 1 2 0.878465
1.2037 1 2 -0.404009
1.2053 1 2 -1.19661
1.2069 1 2 -1.74017
1.2085 1 2 -3.37524
1.2101 1 2 -1.32515
1.2117 1 2 -0.281792
1.2133 1 2 2.4629
1.2149 1 2 -0.116704
1.2165 1 2 0.271539
1.2181 1 2 -1.63392
1.2197 1 2 -2.01445
1.2213 1 2 -2.51969
1.2229 1 2 -2.25745
1.2245 1 2 -1.06658
1.2261 1 2 -0.36606
1.2277 1 2 -3.74049
1.2293 1 2 -1.50611
1.2309 1 2 0.331304
1.2325 1 2 -0.491229
1.2341 1 2 1.2682
1.2357 1 2 -0.103708
1.2373 1 2 1.16066
1.2389 1 2 4.55178
1.2405 1 2 6.34596
1.2421 1 2 3.30831
1.2437 1 2 -0.451937
1.2453 1 2 1.85297
1.2469 1 2 4.35325
1.2485 1 2 1.98141
1.2501 1 2 4.03316
1.2517 1 2 0.197133
1.2533 1 2 3.20871
1.2549 1 2 1.68943
1.2565 1 2 4.59095
1.2581 1 2 4.96554
1.2597 1 2 7.30636
1.2613 1 2 1.58319
1.2629 1 2 3.56929
1.2645 1 2 0.96968
1.2661 1 2 1.61209
1.2677 1 2 -0.431292
1.2693 1 2 2.2107
1.2709 1 2 0.571728
1.2725 1 2 1.75083
1.2741 1 2 3.50119
1.2757 1 2 9.53789
1.2773 1 2 0.89565
1.2789 1 2 3.09211
1.2805 1 2 0.773223
1.2821 1 2 -0.430191
1.2837 1 2 5.02005
1.2853 1 2 7.22886
1.2869 1 2 0.852616
1.2885 1 2 12.8713
1.2901 1 2 2.52606
1.2917 1 2 6.40458
1.2933 1 2 10.9133
1.2949 1 2 2.95764
1.2965 1 2 4.36312
1.2981 1 2 6.42157
1.2997 1 2 9.08619
1.3013 1 2 2.50881
1.3029 1 2 -0.231036
1.3045 1 2 0.17992
1.3061 1 2 8.76451
1.3077 1 2 2.50147
1.3093 1 2 9.04606
1.3109 1 2 11.3049
1.3125 1 2 10.595
1.3141 1 2 0.824174
1.3157 1 2 0.212652
1.3173 1 2 1.12218
1.3189 1 2 9.77565
1.3205 1 2 3.74115
1.3221 1 2 12.2041
1.3237 1 2 10.4556
1.3253 1 2 8.16129
1.3269 1 2 3.80404
1.3285 1 2 -1.69149
1.3301 1 2 3.36153
1.3317 1 2 9.23088
1.3333 1 2 -0.185698
1.3349 1 2 37.3338
1.3365 1 2 39.3951
1.3381 1 2 36.7922
1.3397 1 2 36.1144
1.3413 1 2 41.1749
1.3429 1 2 38.867
1.3445 1 2 35.3005
1.3461 1 2 34.976
1.3477 1 2 37.8812
1.3493 1 2 34.3318
1.3509 1 2 39.7881
1.3525 1 2 35.4187
1.3541 1 2 37.0437
1.3557 1 2 38.8839
1.3573 1 2 39.91
1.3589 1 2 35.8434
1.3605 1 2 37.765
1.3621 1 2 39.7167
1.3637 1 2 37.9047
1.3653 1 2 39.4591
1.3669 1 2 37.6423
1.3685 1 2 38.3356
1.3701 1 2 37.6937
1.3717 1 2 38.5477
1.3733 1 2 40.7231
1.3749 1 2 43.0851
1.3765 1 2 41.4318
1.3781 1 2 38.1942
1.3797 1 2 37.1431
1.3813 1 2 40.9451
1.3829 1 2 39.1874
1.3845 1 2 38.0416
1.3861 1 2 39.2388
1.3877 1 2 38.6674
1.3893 1 2 37.1314
1.3909 1 2 40.9334
1.3925 1 2 38.8585
1.3941 1 2 41.2255
1.3957 1 2 41.9019
1.3973 1 2 40.436
1.3989 1 2 40.6054
1.4005 1 2 38.8713
1.4021 1 2 38.7084
1.4037 1 2 39.8721
1.4053 1 2 38.2069
1.4069 1 2 39.1973
1.4085 1 2 38.6474
1.4101 1 2 39.3185
1.4117 1 2 38.7838
1.4133 1 2 36.7443
1.4149 1 2 39.0309
1.4165 1 2 39.5587
1.4181 1 2 36.8602
1.4197 1 2 38.4616
1.4213 1 2 37.9519
1.4229 1 2 37.1977
1.4245 1 2 38.0804
1.4261 1 2 37.9647
1.4277 1 2 36.4137
1.4293 1 2 38.9306
1.4309 1 2 37.8493
1.4325 1 2 39.9623
1.4341 1 2 35.3443
1.4357 1 2 36.5072
1.4373 1 2 34.9938
1.4389 1 2 37.796
1.4405 1 2 37.5502
1.4421 1 2 37.4138
1.4437 1 2 35.4473
1.4453 1 2 35.1514
1.4469 1 2 31.707
1.4485 1 2 34.7316
1.4501 1 2 32.0466
1.4517 1 2 32.0434
1.4533 1 2 35.0228
1.4549 1 2 30.1164
1.4565 1 2 30.1652
1.4581 1 2 31.1526
1.4597 1 2 34.8359
1.4613 1 2 33.6152
1.4629 1 2 33.5801
1.4645 1 2 30.7382
1.4661 1 2 31.3096
1.4677 1 2 29.3526
1.4693 1 2 30.5093
1.4709 1 2 24.9652
1.4725 1 2 30.0874
1.4741 1 2 22.5205
1.4757 1 2 22.0496
1.4773 1 2 19.153
1.4789 1 2 20.3447
1.4805 1 2 32.8057
1.4821 1 2 29.5499
1.4837 1 2 18.3001
1.4853 1 2 24.674
1.4869 1 2 26.2477
1.4885 1 2 25.0666
1.4901 1 2 24.4278
1.4917 1 2 24.1497
1.4933 1 2 25.0893
1.4949 1 2 25.6347
1.4965 1 2 17.2989
1.4981 1 2 18.4879
1.4997 1 2 19.756
1.5013 1 2 22.731
1.5029 1 2 21.1576
1.5045 1 2 22.2895
1.5061 1 2 20.3138
1.5077 1 2 21.8106
1.5093 1 2 25.7399
1.5109 1 2 23.8977
1.5125 1 2 22.7179
1.5141 1 2 22.2571
1.5157 1 2 25.6513
1.5173 1 2 25.8681
1.5189 1 2 26.3306
1.5205 1 2 26.3677
1.5221 1 2 27.1576
1.5237 1 2 27.1465
1.5253 1 2 27.8135
1.5269 1 2 27.2573
1.5285 1 2 29.2586
1.5301 1 2 29.5789
1.5317 1 2 28.5831
1.5333 1 2 29.2293
1.5349 1 2 30.8032
1.5365 1 2 31.1652
1.5381 1 2 31.2322
1.5397 1 2 31.2106
1.5413 1 2 30.7469
1.5429 1 2 31.5382
1.5445 1 2 32.0737
1.5461 1 2 32.1658
1.5477 1 2 32.9283
1.5493 1 2 33.7391
1.5509 1 2 33.6754
1.5525 1 2 33.2919
1.5541 1 2 33.6087
1.5557 1 2 33.7619
1.5573 1 2 33.8768
1.5589 1 2 33.4605
1.5605 1 2 34.2149
1.5621 1 2 33.1802
1.5637 1 2 34.1727
1.5653 1 2 35.4249
1.5669 1 2 34.3386
1.5685 1 2 33.7254
1.5701 1 2 34.3121
1.5717 1 2 35.1414
1.5733 1 2 34.6313
1.5749 1 2 35.6573
1.5765 1 2 34.9754
1.5781 1 2 35.0787
1.5797 1 2 35.2002
1.5813 1 2 34.7021
1.5829 1 2 34.7429
1.5845 1 2 35.2932
1.5861 1 2 35.2069
1.5877 1 2 34.8919
1.5893 1 2 35.0053
1.5909 1 2 33.7099
1.5925 1 2 33.1891
1.5941 1 2 32.5881
1.5957 1 2 32.0524
1.5973 1 2 32.314
1.5989 1 2 33.943
1.6005 1 2 34.2468
1.6021 1 2 34.842
1.6037 1 2 33.6542
1.6053 1 2 34.2589
1.6069 1 2 34.1072
1.6085 1 2 33.8654
1.6101 1 2 33.6432
1.6117 1 2 33.6456
1.6133 1 2 32.242
1.6149 1 2 32.8143
1.6165 1 2 32.5955
1.6181 1 2 33.0342
1.6197 1 2 32.8444
1.6213 1 2 33.0701
1.6229 1 2 34.1674
1.6245 1 2 34.2687
1.6261 1 2 33.7961
1.6277 1 2 33.3872
1.6293 1 2 32.6885
1.6309 1 2 33.008
1.6325 1 2 32.5882
1.6341 1 2 31.2649
1.6357 1 2 30.7133
1.6373 1 2 30.6274
1.6389 1 2 30.7108
1.6405 1 2 30.1117
1.6421 1 2 30.4077
1.6437 1 2 29.7913
1.6453 1 2 29.7805
1.6469 1 2 30.3369
1.6485 1 2 29.5275
1.6501 1 2 29.3184
1.6517 1 2 29.1812
1.6533 1 2 30.2436
1.6549 1 2 30.4214
1.6565 1 2 30.3881
1.6581 1 2 29.418
1.6597 1 2 29.3973
1.6613 1 2 29.6905
1.6629 1 2 29.8367
1.6645 1 2 29.1896
1.6661 1 2 28.9435
1.6677 1 2 28.4181
1.6693 1 2 28.7154
1.6709 1 2 27.8607
1.6725 1 2 27.5058
1.6741 1 2 27.0934
1.6757 1 2 25.9418
1.6773 1 2 25.272
1.6789 1 2 25.0523
1.6805 1 2 25.0827
1.6821 1 2 24.9606
1.6837 1 2 25.1712
1.6853 1 2 25.4087
1.6869 1 2 25.3689
1.6885 1 2 24.7803
1.6901 1 2 23.9772
1.6917 1 2 23.7975
1.6933 1 2 23.7531
1.6949 1 2 23.5408
1.6965 1 2 23.3969
1.6981 1 2 23.088
1.6997 1 2 22.6249
1.7013 1 2 22.0191
1.7029 1 2 21.8364
1.7045 1 2 21.7169
1.7061 1 2 21.3705
1.7077 1 2 20.8439
1.7093 1 2 20.459
1.7109 1 2 20.7093
1.7125 1 2 20.7842
1.7141 1 2 20.1227
1.7157 1 2 19.2563
1.7173 1 2 19.3429
1.7189 1 2 18.8217
1.7205 1 2 19.1023
1.7221 1 2 19.1925
1.7237 1 2 19.0388
1.7253 1 2 18.73
1.7269 1 2 18.8102
1.7285 1 2 18.2648
1.7301 1 2 18.0513
1.7317 1 2 16.5806
1.7333 1 2 16.6509
1.7349 1 2 15.5352
1.7365 1 2 15.512
1.7381 1 2 14.8311
1.7397 1 2 14.2039
1.7413 1 2 13.6096
1.7429 1 2 13.4503
1.7445 1 2 13.3458
1.7461 1 2 12.4753
1.7477 1 2 12.4387
1.7493 1 2 11.792
1.7509 1 2 11.3137
1.7525 1 2 10.7423
1.7541 1 2 10.2055
1.7557 1 2 9.62804
1.7573 1 2 9.06019
1.7589 1 2 6.93368
1.7605 1 2 6.66239
1.7621 1 2 5.62411
1.7637 1 2 6.049
1.7653 1 2 3.39337
1.7669 1 2 0.509945
1.7685 1 2 1.08065
1.7701 1 2 2.75124
1.7717 1 2 0.702987
1.7733 1 2 5.74896
1.7749 1 2 0.732546
1.7765 1 2 3.85047
1.7781 1 2 0.829035
1.7797 1 2 3.6507
1.7813 1 2 4.01622
1.7829 1 2 9.42334
1.7845 1 2 7.21991
1.7861 1 2 7.87017
1.7877 1 2 8.27065
1.7893 1 2 9.32769
1.7909 1 2 10.445
1.7925 1 2 10.6683
1.7941 1 2 11.6371
1.7957 1 2 12.1359
1.7973 1 2 11.948
1.7989 1 2 12.6504
1.8005 1 2 13.4479
1.8021 1 2 13.7932
1.8037 1 2 13.8532
1.8053 1 2 14.4886
1.8069 1 2 15.7937
1.8085 1 2 15.7714
1.8101 1 2 16.3774
1.8117 1 2 15.6762
1.8133 1 2 15.4756
1.8149 1 2 16.2178
1.8165 1 2 15.7001
1.8181 1 2 16.6334
1.8197 1 2 17.2334
1.8213 1 2 17.1564
1.8229 1 2 18.3695
1.8245 1 2 18.963
1.8261 1 2 19.3984
1.8277 1 2 20.2361
1.8293 1 2 19.989
1.8309 1 2 19.0948
1.8325 1 2 19.3144
1.8341 1 2 19.999
1.8357 1 2 20.0016
1.8373 1 2 20.3073
1.8389 1 2 20.255
1.8405 1 2 21.2828
1.8421 1 2 21.0314
1.8437 1 2 20.906
1.8453 1 2 21.0568
1.8469 1 2 21.3229
1.8485 1 2 20.4172
1.8501 1 2 21.1848
1.8517 1 2 21.2018
1.8533 1 2 21.7304
1.8549 1 2 21.8332
1.8565 1 2 21.0461
1.8581 1 2 21.2903
1.8597 1 2 21.7523
1.8613 1 2 21.8485
1.8629 1 2 21.2161
1.8645 1 2 21.7482
1.8661 1 2 21.5762
1.8677 1 2 21.9332
1.8693 1 2 21.2627
1.8709 1 2 21.0516
1.8725 1 2 21.1989
1.8741 1 2 22.2594
1.8757 1 2 22.3028
1.8773 1 2 22.3613
1.8789 1 2 22.6587
1.8805 1 2 22.64
1.8821 1 2 23.2356
1.8837 1 2 22.7555
1.8853 1 2 23.083
1.8869 1 2 22.7183
1.8885 1 2 22.4879
1.8901 1 2 22.4663
1.8917 1 2 22.8028
1.8933 1 2 22.2559
1.8949 1 2 22.1907
1.8965 1 2 22.4066
1.8981 1 2 22.201
1.8997 1 2 21.7813
1.9013 1 2 21.723
1.9029 1 2 21.5056
1.9045 1 2 21.9534
1.9061 1 2 22.4613
1.9077 1 2 22.106
1.9093 1 2 22.0408
1.9109 1 2 22.8259
1.9125 1 2 22.7924
1.9141 1 2 22.8068
1.9157 1 2 23.6393
1.9173 1 2 22.8183
1.9189 1 2 22.8923
1.9205 1 2 22.6367
1.9221 1 2 22.5219
1.9237 1 2 22.9795
1.9253 1 2 23.7061
1.9269 1 2 24.0868
1.9285 1 2 23.8052
1.9301 1 2 23.8835
1.9317 1 2 24.817
1.9333 1 2 24.5447
1.9349 1 2 25.197
1.9365 1 2 25.0262
1.9381 1 2 24.5916
1.9397 1 2 24.7556
1.9413 1 2 25.2357
1.9429 1 2 26.0105
1.9445 1 2 26.4359
1.9461 1 2 26.1531
1.9477 1 2 26.7083
1.9493 1 2 27.2289
1.9509 1 2 27.1467
1.9525 1 2 26.8491
1.9541 1 2 26.3705
1.9557 1 2 26.1266
1.9573 1 2 25.7304
1.9589 1 2 26.1939
1.9605 1 2 25.9359
1.9621 1 2 25.6523
1.9637 1 2 25.566
1.9653 1 2 25.9561
1.9669 1 2 25.7219
1.9685 1 2 25.5321
1.9701 1 2 25.7434
1.9717 1 2 25.2355
1.9733 1 2 25.6737
1.9749 1 2 25.445
1.9765 1 2 26.0943
1.9781 1 2 26.7046
1.9797 1 2 27.0609
1.9813 1 2 26.4518
1.9829 1 2 27.1134
1.9845 1 2 26.9288
1.9861 1 2 27.1708
1.9877 1 2 26.7022
1.9893 1 2 26.7728
1.9909 1 2 26.5355
1.9925 1 2 26.9975
1.9941 1 2 27.9541
1.9957 1 2 27.763
1.9973 1 2 28.0944
1.9989 1 2 28.411
2.0005 1 2 27.8913
2.0021 1 2 27.1239
2.0037 1 2 27.2736
2.0053 1 2 27.3133
2.0069 1 2 26.9982
2.0085 1 2 26.8834
2.0101 1 2 26.8567
2.0117 1 2 26.5305
2.0133 1 2 26.5418
2.0149 1 2 26.8633
2.0165 1 2 26.3393
2.0181 1 2 26.2578
2.0197 1 2 25.9746
2.0213 1 2 26.0611
2.0229 1 2 26.2954
2.0245 1 2 26.1791
2.0261 1 2 26.6828
2.0277 1 2 26.8036
2.0293 1 2 26.1397
2.0309 1 2 26.0094
2.0325 1 2 26.2891
2.0341 1 2 25.5743
2.0357 1 2 25.3845
2.0373 1 2 25.4468
2.0389 1 2 25.2055
2.0405 1 2 24.6552
2.0421 1 2 24.167
2.0437 1 2 24.5052
2.0453 1 2 24.7123
2.0469 1 2 24.6698
2.0485 1 2 24.4856
2.0501 1 2 24.5904
2.0517 1 2 25.051
2.0533 1 2 25.832
2.0549 1 2 25.8321
2.0565 1 2 26.3825
2.0581 1 2 26.6631
2.0597 1 2 27.3881
2.0613 1 2 27.7497
2.0629 1 2 27.1304
2.0645 1 2 26.8764
2.0661 1 2 27.0219
2.0677 1 2 27.0998
2.0693 1 2 27.9323
2.0709 1 2 28.0506
2.0725 1 2 28.7506
2.0741 1 2 28.8734
2.0757 1 2 28.9237
2.0773 1 2 29.1042
2.0789 1 2 29.4656
2.0805 1 2 29.0633
2.0821 1 2 28.779
2.0837 1 2 28.2105
2.0853 1 2 27.8662
2.0869 1 2 27.4559
2.0885 1 2 28.4082
2.0901 1 2 28.3284
2.0917 1 2 28.0232
2.0933 1 2 28.1952
2.0949 1 2 28.2707
2.0965 1 2 27.7161
2.0981 1 2 27.9226
2.0997 1 2 27.5024
2.1013 1 2 28.0219
2.1029 1 2 28.0259
2.1045 1 2 28.6065
2.1061 1 2 29.3038
2.1077 1 2 29.8172
2.1093 1 2 30.0268
2.1109 1 2 30.2899
2.1125 1 2 31.324
2.1141 1 2 31.1004
2.1157 1 2 30.4651
2.1173 1 2 30.9405
2.1189 1 2 30.7887
2.1205 1 2 30.8489
2.1221 1 2 31.4484
2.1237 1 2 31.1309
2.1253 1 2 30.4179
2.1269 1 2 30.4031
2.1285 1 2 30.9756
2.1301 1 2 31.0113
2.1317 1 2 30.9653
2.1333 1 2 30.579
2.1349 1 2 30.5423
2.1365 1 2 30.91
2.1381 1 2 30.7355
2.1397 1 2 30.7073
2.1413 1 2 31.3397
2.1429 1 2 31.2032
2.1445 1 2 30.8116
2.1461 1 2 30.5258
2.1477 1 2 30.0873
2.1493 1 2 30.2588
2.1509 1 2 30.2862
2.1525 1 2 30.292
2.1541 1 2 30.2851
2.1557 1 2 30.9472
2.1573 1 2 30.6419
2.1589 1 2 30.5482
2.1605 1 2 31.4685
2.1621 1 2 31.662
2.1637 1 2 30.8651
2.1653 1 2 31.0196
2.1669 1 2 31.0066
2.1685 1 2 31.552
2.1701 1 2 31.2501
2.1717 1 2 31.2972
2.1733 1 2 31.189
2.1749 1 2 32.1098
2.1765 1 2 31.8341
2.1781 1 2 32.2636
2.1797 1 2 32.6045
2.1813 1 2 32.2944
2.1829 1 2 32.4292
2.1845 1 2 32.3365
2.1861 1 2 31.9261
2.1877 1 2 31.8456
2.1893 1 2 31.2886
2.1909 1 2 31.234
2.1925 1 2 31.0175
2.1941 1 2 30.6054
2.1957 1 2 30.7628
2.1973 1 2 29.7507
2.1989 1 2 28.8817
2.2005 1 2 28.5276
2.2021 1 2 28.4791
2.2037 1 2 27.9181
2.2053 1 2 27.9226
2.2069 1 2 28.1202
2.2085 1 2 27.4963
2.2101 1 2 27.2915
2.2117 1 2 27.0708
2.2133 1 2 27.0954
2.2149 1 2 27.1842
2.2165 1 2 28.0573
2.2181 1 2 28.0146
2.2197 1 2 28.2533
2.2213 1 2 27.8144
2.2229 1 2 27.4689
2.2245 1 2 27.1789
2.2261 1 2 27.0507
2.2277 1 2 27.1879
2.2293 1 2 27.1283
2.2309 1 2 27.3895
2.2325 1 2 27.0432
2.2341 1 2 27.1893
2.2357 1 2 26.9662
2.2373 1 2 27.2726
2.2389 1 2 27.5199
2.2405 1 2 27.6591
2.2421 1 2 28.1616
2.2437 1 2 28.0912
2.2453 1 2 27.9611
2.2469 1 2 27.7572
2.2485 1 2 27.4841
2.2501 1 2 27.7228
2.2517 1 2 28.1773
2.2533 1 2 28.2503
2.2549 1 2 27.8838
2.2565 1 2 26.9122
2.2581 1 2 27.3345
2.2597 1 2 27.3047
2.2613 1 2 26.9571
2.2629 1 2 27.5612
2.2645 1 2 27.3005
2.2661 1 2 26.7186
2.2677 1 2 27.0248
2.2693 1 2 27.3791
2.2709 1 2 27.039
2.2725 1 2 27.1561
2.2741 1 2 26.7205
2.2757 1 2 26.4426
2.2773 1 2 25.6893
2.2789 1 2 26.4434
2.2805 1 2 26.0187
2.2821 1 2 25.0428
2.2837 1 2 24.491
2.2853 1 2 24.7898
2.2869 1 2 24.8823
2.2885 1 2 25.7177
2.2901 1 2 25.2557
2.2917 1 2 24.8973
2.2933 1 2 24.4771
2.2949 1 2 24.2822
2.2965 1 2 24.3618
2.2981 1 2 23.3193
2.2997 1 2 23.1712
2.3013 1 2 23.7324
2.3029 1 2 23.9814
2.3045 1 2 23.8659
2.3061 1 2 23.3755
2.3077 1 2 23.5377
2.3093 1 2 23.783
2.3109 1 2 23.5536
2.3125 1 2 23.5821
2.3141 1 2 23.5261
2.3157 1 2 23.4731
2.3173 1 2 23.0092
2.3189 1 2 22.4727
2.3205 1 2 22.5258
2.3221 1 2 22.1474
2.3237 1 2 22.0775
2.3253 1 2 21.8652
2.3269 1 2 21.1336
2.3285 1 2 20.8551
2.3301 1 2 19.6917
2.3317 1 2 18.6515
2.3333 1 2 18.1541
2.3349 1 2 18.1517
2.3365 1 2 18.0067
2.3381 1 2 18.1032
2.3397 1 2 17.291
2.3413 1 2 17.5372
2.3429 1 2 17.1426
2.3445 1 2 17.4855
2.3461 1 2 17.2758
2.3477 1 2 16.9367
2.3493 1 2 16.7147
2.3509 1 2 16.6958
2.3525 1 2 15.9803
2.3541 1 2 16.2332
2.3557 1 2 16.5497
2.3573 1 2 16.0694
2.3589 1 2 16.1256
2.3605 1 2 15.2241
2.3621 1 2 14.9896
2.3637 1 2 14.5266
2.3653 1 2 14.57
2.3669 1 2 14.1765
2.3685 1 2 13.9338
2.3701 1 2 13.8208
2.3717 1 2 13.8469
2.3733 1 2 13.6268
2.3749 1 2 13.2299
2.3765 1 2 12.8286
2.3781 1 2 13.0235
2.3797 1 2 13.2488
2.3813 1 2 12.7948
2.3829 1 2 12.8824
2.3845 1 2 12.3121
2.3861 1 2 12.2566
2.3877 1 2 11.7813
2.3893 1 2 12.361
2.3909 1 2 12.1576
2.3925 1 2 11.4197
2.3941 1 2 10.8777
2.3957 1 2 10.4403
2.3973 1 2 10.6632
2.3989 1 2 10.9214
2.4005 1 2 11.0195
2.4021 1 2 11.2913
2.4037 1 2 11.5844
2.4053 1 2 11.6058
2.4069 1 2 10.9881
2.4085 1 2 10.7114
2.4101 1 2 10.4136
2.4117 1 2 9.87501
2.4133 1 2 9.60541
2.4149 1 2 9.33738
2.4165 1 2 9.42458
2.4181 1 2 10.1776
2.4197 1 2 10.3614
2.4213 1 2 10.3372
2.4229 1 2 9.89599
2.4245 1 2 10.127
2.4261 1 2 9.98289
2.4277 1 2 9.73796
2.4293 1 2 10.1102
2.4309 1 2 9.98096
2.4325 1 2 10.5013
2.4341 1 2 9.99616
2.4357 1 2 9.73384
2.4373 1 2 9.77334
2.4389 1 2 9.10484
2.4405 1 2 9.43176
2.4421 1 2 8.93503
2.4437 1 2 7.53265
2.4453 1 2 7.69952
2.4469 1 2 7.08845
2.4485 1 2 7.00413
2.4501 1 2 6.23758
2.4517 1 2 6.06216
2.4533 1 2 5.71697
2.4549 1 2 4.95841
2.4565 1 2 4.75817
2.4581 1 2 3.58642
2.4597 1 2 3.62349
2.4613 1 2 2.87991
2.4629 1 2 2.51296
2.4645 1 2 2.18297
2.4661 1 2 1.04194
2.4677 1 2 0.418783
2.4693 1 2 0.0284113
2.4709 1 2 -0.532844
2.4725 1 2 -0.96888
2.4741 1 2 -2.72669
2.4757 1 2 -4.31942
2.4773 1 2 -5.18877
2.4789 1 2 -6.15429
2.4805 1 2 -6.87984
2.4821 1 2 -9.8398
2.4837 1 2 -11.3557
2.4853 1 2 -12.3313
2.4869 1 2 -14.1877
2.4885 1 2 -11.1135
2.4901 1 2 -11.2222
2.4917 1 2 -9.59618
2.4933 1 2 -9.45638
2.4949 1 2 -6.25402
2.4965 1 2 -5.79126
2.4981 1 2 -3.85432
2.4997 1 2 -3.1479
2.5013 1 2 -2.22116
2.5029 1 2 -0.313347
2.5045 1 2 -0.685835
2.5061 1 2 -0.153282
2.5077 1 2 0.942544
2.5093 1 2 1.40876
2.5109 1 2 2.5758
2.5125 1 2 3.02043
2.5141 1 2 3.67546
2.5157 1 2 4.61904
2.5173 1 2 5.27237
2.5189 1 2 5.53844
2.5205 1 2 5.81069
2.5221 1 2 6.546
2.5237 1 2 6.85938
2.5253 1 2 8.12988
2.5269 1 2 8.38352
2.5285 1 2 8.34263
2.5301 1 2 8.76993
2.5317 1 2 9.77673
2.5333 1 2 10.0237
2.5349 1 2 10.302
2.5365 1 2 11.3143
2.5381 1 2 11.5211
2.5397 1 2 11.7696
2.5413 1 2 11.6042
2.5429 1 2 12.0228
2.5445 1 2 13.1847
2.5461 1 2 13.5428
2.5477 1 2 13.652
2.5493 1 2 13.6375
2.5509 1 2 14.0787
2.5525 1 2 14.4473
2.5541 1 2 14.9089
2.5557 1 2 15.9541
2.5573 1 2 15.4504
2.5589 1 2 15.7869
2.5605 1 2 16.0552
2.5621 1 2 15.9071
2.5637 1 2 16.4795
2.5653 1 2 16.4395
2.5669 1 2 16.1985
2.5685 1 2 15.7599
2.5701 1 2 15.8087
2.5717 1 2 15.5647
2.5733 1 2 14.9563
2.5749 1 2 15.0952
2.5765 1 2 15.5493
2.5781 1 2 15.4005
2.5797 1 2 16.5728
2.5813 1 2 16.7344
2.5829 1 2 16.8374
2.5845 1 2 17.1189
2.5861 1 2 17.5836
2.5877 1 2 17.7077
2.5893 1 2 18.3299
2.5909 1 2 18.6637
2.5925 1 2 18.8125
2.5941 1 2 18.9166
2.5957 1 2 18.6703
2.5973 1 2 19.243
2.5989 1 2 18.8931
2.6005 1 2 18.8119
2.6021 1 2 18.8461
2.6037 1 2 18.5843
2.6053 1 2 19.001
2.6069 1 2 19.068
2.6085 1 2 19.8
2.6101 1 2 19.7367
2.6117 1 2 19.2341
2.6133 1 2 19.7762
2.6149 1 2 20.5629
2.6165 1 2 20.5563
2.6181 1 2 21.1226
2.6197 1 2 21.188
2.6213 1 2 21.2437
2.6229 1 2 21.9059
2.6245 1 2 22.0599
2.6261 1 2 22.4062
2.6277 1 2 22.6293
2.6293 1 2 22.2553
2.6309 1 2 22.2792
2.6325 1 2 22.4354
2.6341 1 2 22.6796
2.6357 1 2 22.7288
2.6373 1 2 22.5301
2.6389 1 2 22.8439
2.6405 1 2 23.2679
2.6421 1 2 23.183
2.6437 1 2 22.9339
2.6453 1 2 22.1271
2.6469 1 2 22.1709
2.6485 1 2 22.0059
2.6501 1 2 22.4724
2.6517 1 2 23.218
2.6533 1 2 22.9737
2.6549 1 2 23.2312
2.6565 1 2 23.503
2.6581 1 2 23.7557
2.6597 1 2 24.141
2.6613 1 2 24.4964
2.6629 1 2 25.4023
2.6645 1 2 24.9503
2.6661 1 2 24.8852
2.6677 1 2 24.6256
2.6693 1 2 24.4244
2.6709 1 2 24.6602
2.6725 1 2 25.2612
2.6741 1 2 25.364
2.6757 1 2 25.0388
2.6773 1 2 25.2801
2.6789 1 2 25.6175
2.6805 1 2 26.185
2.6821 1 2 26.1704
2.6837 1 2 26.4445
2.6853 1 2 26.9431
2.6869 1 2 27.4322
2.6885 1 2 27.9137
2.6901 1 2 28.4793
2.6917 1 2 29.5882
2.6933 1 2 29.8881
2.6949 1 2 30.7488
2.6965 1 2 30.7741
2.6981 1 2 30.7466
2.6997 1 2 30.2857
2.7013 1 2 30.7857
2.7029 1 2 30.9582
2.7045 1 2 31.8688
2.7061 1 2 32.3146
2.7077 1 2 32.4098
2.7093 1 2 32.7477
2.7109 1 2 32.8866
2.7125 1 2 32.2119
2.7141 1 2 32.2054
2.7157 1 2 32.0065
2.7173 1 2 32.0979
2.7189 1 2 32.0557
2.7205 1 2 32.3509
2.7221 1 2 32.8944
2.7237 1 2 32.7235
2.7253 1 2 32.9997
2.7269 1 2 32.7666
2.7285 1 2 32.473
2.7301 1 2 33.4282
2.7317 1 2 33.2449
2.7333 1 2 33.4153
2.7349 1 2 33.6751
2.7365 1 2 33.4093
2.7381 1 2 32.5153
2.7397 1 2 33.0379
2.7413 1 2 33.259
2.7429 1 2 33.3864
2.7445 1 2 32.7893
2.7461 1 2 32.9798
2.7477 1 2 33.649
2.7493 1 2 32.9489
2.7509 1 2 33.1192
2.7525 1 2 33.0769
2.7541 1 2 32.2728
2.7557 1 2 32.2572
2.7573 1 2 32.75
2.7589 1 2 32.7529
2.7605 1 2 32.698
2.7621 1 2 32.7886
2.7637 1 2 32.863
2.7653 1 2 32.6806
2.7669 1 2 32.2137
2.7685 1 2 32.1612
2.7701 1 2 32.2206
2.7717 1 2 32.3857
2.7733 1 2 32.0068
2.7749 1 2 31.5684
2.7765 1 2 31.9587
2.7781 1 2 31.5076
2.7797 1 2 32.0847
2.7813 1 2 32.0499
2.7829 1 2 31.8013
2.7845 1 2 31.4613
2.7861 1 2 31.5226
2.7877 1 2 31.8197
2.7893 1 2 32.1886
2.7909 1 2 31.3671
2.7925 1 2 31.2515
2.7941 1 2 31.2659
2.7957 1 2 31.1529
2.7973 1 2 31.8449
2.7989 1 2 31.6828
2.8005 1 2 31.7168
2.8021 1 2 31.6841
2.8037 1 2 31.5405
2.8053 1 2 31.2304
2.8069 1 2 31.7145
2.8085 1 2 31.4899
2.8101 1 2 32.1555
2.8117 1 2 31.9674
2.8133 1 2 31.6734
2.8149 1 2 31.3047
2.8165 1 2 30.8094
2.8181 1 2 30.0382
2.8197 1 2 30.1709
2.8213 1 2 29.6702
2.8229 1 2 29.4526
2.8245 1 2 29.5923
2.8261 1 2 29.1992
2.8277 1 2 29.2178
2.8293 1 2 29.7057
2.8309 1 2 29.7093
2.8325 1 2 29.8092
2.8341 1 2 29.8533
2.8357 1 2 30.434
2.8373 1 2 30.2823
2.8389 1 2 30.4433
2.8405 1 2 30.9409
2.8421 1 2 30.5816
2.8437 1 2 30.1852
2.8453 1 2 30.3469
2.8469 1 2 30.3373
2.8485 1 2 30.938
2.8501 1 2 30.8067
2.8517 1 2 30.7669
2.8533 1 2 30.484
2.8549 1 2 30.1057
2.8565 1 2 30.7071
2.8581 1 2 30.6964
2.8597 1 2 30.5628
2.8613 1 2 30.1915
2.8629 1 2 30.4102
2.8645 1 2 30.3951
2.8661 1 2 30.4123
2.8677 1 2 30.3797
2.8693 1 2 30.5683
2.8709 1 2 30.418
2.8725 1 2 30.488
2.8741 1 2 29.9715
2.8757 1 2 30.1856
2.8773 1 2 29.5179
2.8789 1 2 29.6345
2.8805 1 2 30.05
2.8821 1 2 29.546
2.8837 1 2 29.9519
2.8853 1 2 30.2206
2.8869 1 2 29.778
2.8885 1 2 28.8942
2.8901 1 2 29.0242
2.8917 1 2 28.5817
2.8933 1 2 29.1895
2.8949 1 2 29.2444
2.8965 1 2 28.9994
2.8981 1 2 28.9589
2.8997 1 2 29.2355
2.9013 1 2 29.049
2.9029 1 2 28.5784
2.9045 1 2 28.7584
2.9061 1 2 27.9811
2.9077 1 2 28.3987
2.9093 1 2 28.1858
2.9109 1 2 28.3704
2.9125 1 2 28.2294
2.9141 1 2 27.8836
2.9157 1 2 27.4861
2.9173 1 2 27.785
2.9189 1 2 27.2378
2.9205 1 2 27.8136
2.9221 1 2 27.4799
2.9237 1 2 27.6701
2.9253 1 2 27.5765
2.9269 1 2 26.9919
2.9285 1 2 26.5217
2.9301 1 2 27.0017
2.9317 1 2 27.2716
2.9333 1 2 27.9315
2.9349 1 2 28.4801
2.9365 1 2 27.8416
2.9381 1 2 27.9463
2.9397 1 2 28.3677
2.9413 1 2 28.0536
2.9429 1 2 28.1657
2.9445 1 2 27.843
2.9461 1 2 28.1355
2.9477 1 2 27.9956
2.9493 1 2 28.0141
2.9509 1 2 28.6929
2.9525 1 2 28.843
2.9541 1 2 29.5625
2.9557 1 2 29.9259
2.9573 1 2 29.0432
2.9589 1 2 29.1913
2.9605 1 2 29.2708
2.9621 1 2 29.0911
2.9637 1 2 29.0051
2.9653 1 2 28.7616
2.9669 1 2 28.5091
2.9685 1 2 28.0999
2.9701 1 2 28.0075
2.9717 1 2 28.0865
2.9733 1 2 28.2568
2.9749 1 2 27.7992
2.9765 1 2 27.7384
2.9781 1 2 26.7519
2.9797 1 2 26.746
2.9813 1 2 26.7753
2.9829 1 2 26.9973
2.9845 1 2 27.2952
2.9861 1 2 26.7403
2.9877 1 2 26.479
2.9893 1 2 26.3067
2.9909 1 2 25.9459
2.9925 1 2 25.7906
2.9941 1 2 25.6694
2.9957 1 2 25.8635
2.9973 1 2 25.7424
2.9989 1 2 26.0567
3.0005 1 2 26.1737
3.0021 1 2 26.3627
3.0037 1 2 26.0049
3.0053 1 2 25.7822
3.0069 1 2 25.701
3.0085 1 2 26.1944
3.0101 1 2 25.9635
3.0117 1 2 25.9059
3.0133 1 2 25.8827
3.0149 1 2 25.6697
3.0165 1 2 25.346
3.0181 1 2 25.2397
3.0197 1 2 25.3346
3.0213 1 2 25.6415
3.0229 1 2 25.5627
3.0245 1 2 25.1993
3.0261 1 2 24.6266
3.0277 1 2 24.6382
3.0293 1 2 24.3049
3.0309 1 2 24.0107
3.0325 1 2 23.7639
3.0341 1 2 23.3526
3.0357 1 2 22.9873
3.0373 1 2 23.1129
3.0389 1 2 23.4069
3.0405 1 2 23.7948
3.0421 1 2 23.2624
3.0437 1 2 22.9588
3.0453 1 2 23.8064
3.0469 1 2 24.3988
3.0485 1 2 24.4266
3.0501 1 2 23.9571
3.0517 1 2 24.7168
3.0533 1 2 24.4238
3.0549 1 2 24.3957
3.0565 1 2 24.2693
3.0581 1 2 24.6347
3.0597 1 2 24.8149
3.0613 1 2 25.0281
3.0629 1 2 25.3751
3.0645 1 2 25.5431
3.0661 1 2 25.2976
3.0677 1 2 24.8151
3.0693 1 2 24.5375
3.0709 1 2 24.5906
3.0725 1 2 24.3468
3.0741 1 2 25.1656
3.0757 1 2 25.0348
3.0773 1 2 25.6474
3.0789 1 2 25.7323
3.0805 1 2 25.4717
3.0821 1 2 25.4019
3.0837 1 2 25.7562
3.0853 1 2 25.7288
3.0869 1 2 26.7849
3.0885 1 2 26.7601
3.0901 1 2 26.813
3.0917 1 2 27.0752
3.0933 1 2 26.9335
3.0949 1 2 27.1576
3.0965 1 2 26.9789
3.0981 1 2 26.1962
3.0997 1 2 26.0779
3.1013 1 2 26.2332
3.1029 1 2 26.1814
3.1045 1 2 26.2022
3.1061 1 2 25.9631
3.1077 1 2 26.1616
3.1093 1 2 25.9819
3.1109 1 2 26.2999
3.1125 1 2 25.955
3.1141 1 2 26.7226
3.1157 1 2 26.8101
3.1173 1 2 26.1735
3.1189 1 2 25.8567
3.1205 1 2 25.9254
3.1221 1 2 26.5646
3.1237 1 2 26.4144
3.1253 1 2 26.664
3.1269 1 2 27.4864
3.1285 1 2 27.9576
3.1301 1 2 27.2988
3.1317 1 2 27.104
3.1333 1 2 27.4248
3.1349 1 2 27.0843
3.1365 1 2 27.3052
3.1381 1 2 27.9251
3.1397 1 2 28.3506
3.1413 1 2 27.8111
3.1429 1 2 28.2823
3.1445 1 2 28.8157
3.1461 1 2 28.4063
3.1477 1 2 28.6456
3.1493 1 2 27.7809
3.1509 1 2 27.6438
3.1525 1 2 27.6028
3.1541 1 2 27.5874
3.1557 1 2 27.0266
3.1573 1 2 27.1218
3.1589 1 2 26.9119
3.1605 1 2 26.9238
3.1621 1 2 26.4513
3.1637 1 2 26.2693
3.1653 1 2 26.2741
3.1669 1 2 26.0413
3.1685 1 2 25.7488
3.1701 1 2 25.5518
3.1717 1 2 25.3296
3.1733 1 2 24.56
3.1749 1 2 24.8091
3.1765 1 2 24.538
3.1781 1 2 23.8665
3.1797 1 2 23.7042
3.1813 1 2 24.2277
3.1829 1 2 23.7619
3.1845 1 2 24.0443
3.1861 1 2 23.8646
3.1877 1 2 24.117
3.1893 1 2 24.7957
3.1909 1 2 25.1185
3.1925 1 2 25.3668
3.1941 1 2 25.6378
3.1957 1 2 25.3524
3.1973 1 2 25.4517
3.1989 1 2 25.5155
3.2005 1 2 25.1422
3.2021 1 2 25.4449
3.2037 1 2 24.7565
3.2053 1 2 25.0031
3.2069 1 2 25.3798
3.2085 1 2 24.428
3.2101 1 2 24.4826
3.2117 1 2 24.2939
3.2133 1 2 24.0858
3.2149 1 2 24.6866
3.2165 1 2 24.3648
3.2181 1 2 24.2306
3.2197 1 2 23.959
3.2213 1 2 23.4856
3.2229 1 2 23.134
3.2245 1 2 23.1077
3.2261 1 2 23.3413
3.2277 1 2 23.5962
3.2293 1 2 23.5116
3.2309 1 2 23.9136
3.2325 1 2 23.8005
3.2341 1 2 23.5998
3.2357 1 2 23.4502
3.2373 1 2 24.2867
3.2389 1 2 24.1814
3.2405 1 2 24.5474
3.2421 1 2 24.2434
3.2437 1 2 24.7972
3.2453 1 2 24.632
3.2469 1 2 24.3052
3.2485 1 2 23.7222
3.2501 1 2 23.3654
3.2517 1 2 23.6671
3.2533 1 2 23.5392
3.2549 1 2 23.3085
3.2565 1 2 23.3639
3.2581 1 2 22.8456
3.2597 1 2 23.4012
3.2613 1 2 23.0127
3.2629 1 2 23.5276
3.2645 1 2 23.3188
3.2661 1 2 23.682
3.2677 1 2 23.7699
3.2693 1 2 23.411
3.2709 1 2 23.5923
3.2725 1 2 23.4448
3.2741 1 2 23.9104
3.2757 1 2 24.1694
3.2773 1 2 24.5265
3.2789 1 2 24.9596
3.2805 1 2 24.1566
3.2821 1 2 24.0632
3.2837 1 2 24.1123
3.2853 1 2 24.5722
3.2869 1 2 24.9386
3.2885 1 2 25.3626
3.2901 1 2 25.1449
3.2917 1 2 25.6771
3.2933 1 2 26.4553
3.2949 1 2 26.3904
3.2965 1 2 25.9266
3.2981 1 2 26.4079
3.2997 1 2 26.4015
3.3013 1 2 26.1951
3.3029 1 2 26.5348
3.3045 1 2 26.585
3.3061 1 2 26.2737
3.3077 1 2 26.3474
3.3093 1 2 26.4734
3.3109 1 2 26.7191
3.3125 1 2 26.3329
3.3141 1 2 25.8142
3.3157 1 2 26.0738
3.3173 1 2 25.6422
3.3189 1 2 25.6402
3.3205 1 2 26.4084
3.3221 1 2 26.9451
3.3237 1 2 26.3142
3.3253 1 2 26.6446
3.3269 1 2 26.5292
3.3285 1 2 26.3848
3.3301 1 2 26.6555
3.3317 1 2 26.7298
3.3333 1 2 27.1653
3.3349 1 2 27.1997
3.3365 1 2 26.4519
3.3381 1 2 26.6279
3.3397 1 2 26.4888
3.3413 1 2 26.0517
3.3429 1 2 25.4817
3.3445 1 2 25.8008
3.3461 1 2 26.1493
3.3477 1 2 26.437
3.3493 1 2 26.5204
3.3509 1 2 26.1853
3.3525 1 2 26.2047
3.3541 1 2 26.4655
3.3557 1 2 26.1401
3.3573 1 2 26.8388
3.3589 1 2 27.2546
3.3605 1 2 26.8013
3.3621 1 2 26.3767
3.3637 1 2 26.2387
3.3653 1 2 26.3928
3.3669 1 2 26.4018
3.3685 1 2 26.2212
3.3701 1 2 27.1488
3.3717 1 2 27.2642
3.3733 1 2 28.2089
3.3749 1 2 28.132
3.3765 1 2 28.7109
3.3781 1 2 28.0317
3.3797 1 2 28.3435
3.3813 1 2 28.9394
3.3829 1 2 29.7824
3.3845 1 2 29.5517
3.3861 1 2 29.7932
3.3877 1 2 29.8016
3.3893 1 2 29.2452
3.3909 1 2 29.5872
3.3925 1 2 29.5461
3.3941 1 2 29.8395
3.3957 1 2 29.6842
3.3973 1 2 29.806
3.3989 1 2 29.8459
3.4005 1 2 29.5717
3.4021 1 2 29.3067
3.4037 1 2 28.9371
3.4053 1 2 28.8659
3.4069 1 2 28.7192
3.4085 1 2 28.6737
3.4101 1 2 28.8077
3.4117 1 2 28.925
3.4133 1 2 28.6452
3.4149 1 2 28.4379
3.4165 1 2 28.2875
3.4181 1 2 27.5133
3.4197 1 2 27.7255
3.4213 1 2 27.5949
3.4229 1 2 26.9931
3.4245 1 2 26.3882
3.4261 1 2 26.7843
3.4277 1 2 26.128
3.4293 1 2 26.2483
3.4309 1 2 25.6805
3.4325 1 2 25.8833
3.4341 1 2 26.2452
3.4357 1 2 26.422
3.4373 1 2 26.9666
3.4389 1 2 26.5408
3.4405 1 2 26.8193
3.4421 1 2 26.0057
3.4437 1 2 26.1173
3.4453 1 2 26.3354
3.4469 1 2 26.5034
3.4485 1 2 25.6737
3.4501 1 2 25.5457
3.4517 1 2 25.8165
3.4533 1 2 25.8981
3.4549 1 2 26.2162
3.4565 1 2 26.298
3.4581 1 2 26.3157
3.4597 1 2 26.4261
3.4613 1 2 25.9003
3.4629 1 2 25.8319
3.4645 1 2 25.3785
3.4661 1 2 25.4733
3.4677 1 2 25.5557
3.4693 1 2 25.5234
3.4709 1 2 25.1947
3.4725 1 2 25.3231
3.4741 1 2 25.2662
3.4757 1 2 25.6815
3.4773 1 2 25.6516
3.4789 1 2 25.6063
3.4805 1 2 26.0947
3.4821 1 2 25.8837
3.4837 1 2 26.2025
3.4853 1 2 25.6288
3.4869 1 2 25.5116
3.4885 1 2 25.7107
3.4901 1 2 25.6177
3.4917 1 2 25.4696
3.4933 1 2 25.8558
3.4949 1 2 25.6385
3.4965 1 2 24.7064
3.4981 1 2 24.8318
3.4997 1 2 24.3511
3.5013 1 2 24.6341
3.5029 1 2 24.1272
3.5045 1 2 24.0559
3.5061 1 2 24.5757
3.5077 1 2 24.8178
3.5093 1 2 25.8232
3.5109 1 2 25.5426
3.5125 1 2 25.7372
3.5141 1 2 25.6671
3.5157 1 2 25.2461
3.5173 1 2 24.9791
3.5189 1 2 25.0518
3.5205 1 2 25.6585
3.5221 1 2 25.8349
3.5237 1 2 25.0514
3.5253 1 2 25.5096
3.5269 1 2 25.594
3.5285 1 2 25.3404
3.5301 1 2 25.2406
3.5317 1 2 24.8211
3.5333 1 2 25.0518
3.5349 1 2 24.6712
3.5365 1 2 24.9928
3.5381 1 2 25.1245
3.5397 1 2 25.5146
3.5413 1 2 26.1332
3.5429 1 2 26.8784
3.5445 1 2 27.0019
3.5461 1 2 26.3982
3.5477 1 2 26.3496
3.5493 1 2 25.94
3.5509 1 2 25.9796
3.5525 1 2 25.413
3.5541 1 2 25.4117
3.5557 1 2 25.5789
3.5573 1 2 25.5335
3.5589 1 2 25.5739
3.5605 1 2 25.69
3.5621 1 2 26.1009
3.5637 1 2 26.4624
3.5653 1 2 26.2607
3.5669 1 2 26.5641
3.5685 1 2 26.5489
3.5701 1 2 26.3768
3.5717 1 2 26.1103
3.5733 1 2 26.0501
3.5749 1 2 26.2651
3.5765 1 2 25.8131
3.5781 1 2 26.2617
3.5797 1 2 26.9558
3.5813 1 2 26.8691
3.5829 1 2 26.6027
3.5845 1 2 26.8054
3.5861 1 2 26.7699
3.5877 1 2 26.5799
3.5893 1 2 26.1284
3.5909 1 2 25.8139
3.5925 1 2 26.216
3.5941 1 2 25.8842
3.5957 1 2 25.7486
3.5973 1 2 25.3822
3.5989 1 2 25.4988
3.6005 1 2 24.9204
3.6021 1 2 24.0797
3.6037 1 2 24.0589
3.6053 1 2 24.3688
3.6069 1 2 24.1154
3.6085 1 2 24.7557
3.6101 1 2 24.8532
3.6117 1 2 25.4368
3.6133 1 2 25.9245
3.6149 1 2 25.3057
3.6165 1 2 25.7416
3.6181 1 2 25.2936
3.6197 1 2 25.5425
3.6213 1 2 26.2061
3.6229 1 2 26.4299
3.6245 1 2 27.2466
3.6261 1 2 27.2353
3.6277 1 2 27.5542
3.6293 1 2 27.5539
3.6309 1 2 27.3811
3.6325 1 2 27.8641
3.6341 1 2 27.4538
3.6357 1 2 27.2358
3.6373 1 2 27.6644
3.6389 1 2 27.471
3.6405 1 2 27.4115
3.6421 1 2 26.9088
3.6437 1 2 26.8638
3.6453 1 2 26.3578
3.6469 1 2 26.5213
3.6485 1 2 26.5435
3.6501 1 2 26.8472
3.6517 1 2 26.9628
3.6533 1 2 26.8402
3.6549 1 2 26.8718
3.6565 1 2 26.5022
3.6581 1 2 26.8416
3.6597 1 2 27.0697
3.6613 1 2 27.8162
3.6629 1 2 27.9526
3.6645 1 2 27.7437
3.6661 1 2 29.0375
3.6677 1 2 29.1935
3.6693 1 2 29.0513
3.6709 1 2 29.5454
3.6725 1 2 30.0815
3.6741 1 2 29.6068
3.6757 1 2 29.6613
3.6773 1 2 29.2573
3.6789 1 2 29.4564
3.6805 1 2 29.6252
3.6821 1 2 29.2622
3.6837 1 2 29.3415
3.6853 1 2 29.1263
3.6869 1 2 28.8798
3.6885 1 2 28.3
3.6901 1 2 28.2507
3.6917 1 2 28.4206
3.6933 1 2 28.9579
3.6949 1 2 28.7644
3.6965 1 2 28.0741
3.6981 1 2 27.959
3.6997 1 2 28.3236
3.7013 1 2 28.7413
3.7029 1 2 28.56
3.7045 1 2 28.0276
3.7061 1 2 28.1919
3.7077 1 2 28.0689
3.7093 1 2 27.9749
3.7109 1 2 27.6566
3.7125 1 2 27.6956
3.7141 1 2 27.9107
3.7157 1 2 27.8053
3.7173 1 2 27.2191
3.7189 1 2 27.0215
3.7205 1 2 26.7571
3.7221 1 2 26.2945
3.7237 1 2 26.6249
3.7253 1 2 27.0828
3.7269 1 2 27.2973
3.7285 1 2 27.2062
3.7301 1 2 27.7504
3.7317 1 2 27.3973
3.7333 1 2 27.2962
3.7349 1 2 27.865
3.7365 1 2 27.0587
3.7381 1 2 27.2196
3.7397 1 2 27.4814
3.7413 1 2 27.4938
3.7429 1 2 27.3847
3.7445 1 2 27.2989
3.7461 1 2 27.8909
3.7477 1 2 27.8126
3.7493 1 2 27.335
3.7509 1 2 27.8863
3.7525 1 2 28.955
3.7541 1 2 29.226
3.7557 1 2 29.0135
3.7573 1 2 29.2039
3.7589 1 2 29.848
3.7605 1 2 29.3392
3.7621 1 2 28.3119
3.7637 1 2 28.9991
3.7653 1 2 28.7909
3.7669 1 2 28.9907
3.7685 1 2 29.2271
3.7701 1 2 28.4968
3.7717 1 2 28.3957
3.7733 1 2 28.5132
3.7749 1 2 29.2181
3.7765 1 2 30.0503
3.7781 1 2 29.8362
3.7797 1 2 29.9091
3.7813 1 2 29.9051
3.7829 1 2 30.1976
3.7845 1 2 30.2455
3.7861 1 2 30.7627
3.7877 1 2 30.9265
3.7893 1 2 30.8174
3.7909 1 2 31.4511
3.7925 1 2 31.9676
3.7941 1 2 31.6251
3.7957 1 2 32
3.7973 1 2 31.9497
3.7989 1 2 32.3123
3.8005 1 2 32.4834
3.8021 1 2 32.6383
3.8037 1 2 32.3534
3.8053 1 2 32.2959
3.8069 1 2 32.0571
3.8085 1 2 31.8545
3.8101 1 2 32.198
3.8117 1 2 32.3934
3.8133 1 2 32.3077
3.8149 1 2 32.3525
3.8165 1 2 32.3788
3.8181 1 2 32.4011
3.8197 1 2 31.548
3.8213 1 2 31.9956
3.8229 1 2 32.2313
3.8245 1 2 32.379
3.8261 1 2 32.9954
3.8277 1 2 33.1592
3.8293 1 2 33.6467
3.8309 1 2 33.9033
3.8325 1 2 33.7306
3.8341 1 2 34.1853
3.8357 1 2 33.7908
3.8373 1 2 33.5445
3.8389 1 2 33.5021
3.8405 1 2 33.2989
3.8421 1 2 33.9129
3.8437 1 2 34.2075
3.8453 1 2 34.52
3.8469 1 2 34.4007
3.8485 1 2 34.5521
3.8501 1 2 34.7134
3.8517 1 2 34.2004
3.8533 1 2 34.1014
3.8549 1 2 33.9959
3.8565 1 2 34.0103
3.8581 1 2 34.5108
3.8597 1 2 34.7175
3.8613 1 2 35.2516
3.8629 1 2 35.2457
3.8645 1 2 35.5744
3.8661 1 2 36.0451
3.8677 1 2 36.1995
3.8693 1 2 36.4441
3.8709 1 2 36.1939
3.8725 1 2 36.144
3.8741 1 2 35.9823
3.8757 1 2 35.3061
3.8773 1 2 35.4595
3.8789 1 2 35.0118
3.8805 1 2 34.8813
3.8821 1 2 34.4127
3.8837 1 2 34.4348
3.8853 1 2 33.9729
3.8869 1 2 33.8299
3.8885 1 2 33.6715
3.8901 1 2 33.8541
3.8917 1 2 34.1495
3.8933 1 2 33.6667
3.8949 1 2 33.6932
3.8965 1 2 32.9599
3.8981 1 2 33.5767
3.8997 1 2 33.2311
3.9013 1 2 33.2406
3.9029 1 2 33.0073
3.9045 1 2 32.8237
3.9061 1 2 33.0979
3.9077 1 2 33.1152
3.9093 1 2 33.1956
3.9109 1 2 33.3046
3.9125 1 2 33.5744
3.9141 1 2 33.448
3.9157 1 2 33.7975
3.9173 1 2 33.9285
3.9189 1 2 34.026
3.9205 1 2 34.0328
3.9221 1 2 33.9686
3.9237 1 2 33.991
3.9253 1 2 33.7938
3.9269 1 2 33.2733
3.9285 1 2 33.5269
3.9301 1 2 33.2428
3.9317 1 2 33.0612
3.9333 1 2 33.2596
3.9349 1 2 33.3214
3.9365 1 2 32.4266
3.9381 1 2 32.0753
3.9397 1 2 32.0206
3.9413 1 2 31.0675
3.9429 1 2 31.2471
3.9445 1 2 31.6171
3.9461 1 2 31.5646
3.9477 1 2 31.8443
3.9493 1 2 31.3567
3.9509 1 2 31.5106
3.9525 1 2 31.7703
3.9541 1 2 32.1043
3.9557 1 2 31.8909
3.9573 1 2 32.7009
3.9589 1 2 32.7254
3.9605 1 2 32.7977
3.9621 1 2 32.7218
3.9637 1 2 32.0359
3.9653 1 2 32.2479
3.9669 1 2 32.7116
3.9685 1 2 32.6522
3.9701 1 2 32.7996
3.9717 1 2 32.9025
3.9733 1 2 33.1016
3.9749 1 2 33.2687
3.9765 1 2 32.604
3.9781 1 2 31.7249
3.9797 1 2 31.564
3.9813 1 2 31.3512
3.9829 1 2 31.685
3.9845 1 2 31.535
3.9861 1 2 31.6368
3.9877 1 2 31.4306
3.9893 1 2 30.8108
3.9909 1 2 30.664
3.9925 1 2 31.3677
3.9941 1 2 31.1584
3.9957 1 2 31.622
3.9973 1 2 31.1465
3.9989 1 2 31.5955
4.0005 1 2 32.154
4.0021 1 2 31.8143
4.0037 1 2 31.8377
4.0053 1 2 31.101
4.0069 1 2 31.1279
4.0085 1 2 31.2173
4.0101 1 2 31.3241
4.0117 1 2 31.0552
4.0133 1 2 31.6052
4.0149 1 2 31.6732
4.0165 1 2 32.3485
4.0181 1 2 32.1349
4.0197 1 2 32.492
4.0213 1 2 32.6888
4.0229 1 2 32.6488
4.0245 1 2 32.8928
4.0261 1 2 33.9006
4.0277 1 2 34.1503
4.0293 1 2 33.8543
4.0309 1 2 34.418
4.0325 1 2 34.4006
4.0341 1 2 34.3923
4.0357 1 2 34.5407
4.0373 1 2 34.2989
4.0389 1 2 34.4409
4.0405 1 2 34.5967
4.0421 1 2 34.4148
4.0437 1 2 34.0651
4.0453 1 2 34.1673
4.0469 1 2 34.0048
4.0485 1 2 34.1259
4.0501 1 2 34.0365
4.0517 1 2 33.7066
4.0533 1 2 34.0071
4.0549 1 2 34.2396
4.0565 1 2 34.0876
4.0581 1 2 33.7466
4.0597 1 2 33.9199
4.0613 1 2 34.0386
4.0629 1 2 34.1614
4.0645 1 2 34.2994
4.0661 1 2 34.5715
4.0677 1 2 35.0346
4.0693 1 2 34.9296
4.0709 1 2 35.4255
4.0725 1 2 36.0793
4.0741 1 2 34.8287
4.0757 1 2 33.9946
4.0773 1 2 34.2322
4.0789 1 2 33.8428
4.0805 1 2 33.2222
4.0821 1 2 32.4892
4.0837 1 2 32.2888
4.0853 1 2 32.8278
4.0869 1 2 33.5204
4.0885 1 2 34.1183
4.0901 1 2 33.9524
4.0917 1 2 34.2739
4.0933 1 2 34.196
4.0949 1 2 34.5949
4.0965 1 2 33.9647
4.0981 1 2 33.8005
4.0997 1 2 32.9778
4.1013 1 2 32.6601
4.1029 1 2 32.4321
4.1045 1 2 32.3116
4.1061 1 2 31.7503
4.1077 1 2 31.4333
4.1093 1 2 30.537
4.1109 1 2 30.1304
4.1125 1 2 30.1009
4.1141 1 2 30.3631
4.1157 1 2 29.9378
4.1173 1 2 30.33
4.1189 1 2 31.0336
4.1205 1 2 30.4902
4.1221 1 2 29.9692
4.1237 1 2 29.8017
4.1253 1 2 30.1738
4.1269 1 2 30.299
4.1285 1 2 29.925
4.1301 1 2 29.3893
4.1317 1 2 29.0648
4.1333 1 2 28.8708
4.1349 1 2 28.8401
4.1365 1 2 29.1822
4.1381 1 2 29.0759
4.1397 1 2 30.0233
4.1413 1 2 30.4037
4.1429 1 2 30.5785
4.1445 1 2 30.7157
4.1461 1 2 30.8548
4.1477 1 2 30.7621
4.1493 1 2 30.8489
4.1509 1 2 31.1458
4.1525 1 2 31.2736
4.1541 1 2 31.1638
4.1557 1 2 31.7113
4.1573 1 2 32.1893
4.1589 1 2 31.6688
4.1605 1 2 31.8962
4.1621 1 2 31.9469
4.1637 1 2 31.9042
4.1653 1 2 31.3769
4.1669 1 2 30.955
4.1685 1 2 29.9729
4.1701 1 2 29.9781
4.1717 1 2 29.6111
4.1733 1 2 29.8567
4.1749 1 2 29.6917
4.1765 1 2 29.7134
4.1781 1 2 29.6529
4.1797 1 2 30.3714
4.1813 1 2 30.1094
4.1829 1 2 30.8473
4.1845 1 2 31.6821
4.1861 1 2 31.5705
4.1877 1 2 30.7987
4.1893 1 2 31.1299
4.1909 1 2 30.313
4.1925 1 2 30.2687
4.1941 1 2 31.0547
4.1957 1 2 30.8539
4.1973 1 2 30.3389
4.1989 1 2 30.62
4.2005 1 2 30.7638
4.2021 1 2 31.2751
4.2037 1 2 31.4779
4.2053 1 2 31.1791
4.2069 1 2 30.6095
4.2085 1 2 30.2155
4.2101 1 2 30.2387
4.2117 1 2 30.0559
4.2133 1 2 30.1225
4.2149 1 2 29.7416
4.2165 1 2 29.1211
4.2181 1 2 29.584
4.2197 1 2 28.8846
4.2213 1 2 29.281
4.2229 1 2 29.5696
4.2245 1 2 28.9205
4.2261 1 2 28.776
4.2277 1 2 28.2725
4.2293 1 2 28.0691
4.2309 1 2 27.9737
4.2325 1 2 28.4998
4.2341 1 2 28.616
4.2357 1 2 28.9897
4.2373 1 2 29.4927
4.2389 1 2 29.628
4.2405 1 2 30.3857
4.2421 1 2 30.1284
4.2437 1 2 30.3587
4.2453 1 2 30.1779
4.2469 1 2 30.4533
4.2485 1 2 30.8405
4.2501 1 2 30.761
4.2517 1 2 30.219
4.2533 1 2 30.3559
4.2549 1 2 30.2428
4.2565 1 2 30.5352
4.2581 1 2 31.1471
4.2597 1 2 31.6047
4.2613 1 2 31.7511
4.2629 1 2 31.9785
4.2645 1 2 31.7973
4.2661 1 2 31.9784
4.2677 1 2 31.9132
4.2693 1 2 32.0667
4.2709 1 2 32.6734
4.2725 1 2 31.8507
4.2741 1 2 32.0096
4.2757 1 2 31.597
4.2773 1 2 31.1018
4.2789 1 2 31.0848
4.2805 1 2 30.835
4.2821 1 2 30.3902
4.2837 1 2 30.4958
4.2853 1 2 30.9771
4.2869 1 2 30.5021
4.2885 1 2 30.6113
4.2901 1 2 30.4856
4.2917 1 2 29.7154
4.2933 1 2 29.2751
4.2949 1 2 29.709
4.2965 1 2 29.859
4.2981 1 2 29.0785
4.2997 1 2 29.3244
4.3013 1 2 28.5251
4.3029 1 2 28.8482
4.3045 1 2 28.7853
4.3061 1 2 28.3041
4.3077 1 2 28.1487
4.3093 1 2 28.5327
4.3109 1 2 28.7752
4.3125 1 2 28.3757
4.3141 1 2 28.5771
4.3157 1 2 28.5025
4.3173 1 2 28.9597
4.3189 1 2 28.7075
4.3205 1 2 28.2727
4.3221 1 2 28.1201
4.3237 1 2 27.6109
4.3253 1 2 27.6544
4.3269 1 2 27.6039
4.3285 1 2 27.5361
4.3301 1 2 27.1405
4.3317 1 2 26.9374
4.3333 1 2 26.7655
4.3349 1 2 27.371
4.3365 1 2 27.7406
4.3381 1 2 28.0114
4.3397 1 2 27.8882
4.3413 1 2 27.393
4.3429 1 2 28.0688
4.3445 1 2 27.8354
4.3461 1 2 27.434
4.3477 1 2 27.1355
4.3493 1 2 27.5035
4.3509 1 2 27.4364
4.3525 1 2 27.6395
4.3541 1 2 28.154
4.3557 1 2 27.9745
4.3573 1 2 28.4231
4.3589 1 2 28.2994
4.3605 1 2 28.4227
4.3621 1 2 28.7508
4.3637 1 2 29.037
4.3653 1 2 28.6001
4.3669 1 2 28.946
4.3685 1 2 28.5496
4.3701 1 2 28.7993
4.3717 1 2 29.1896
4.3733 1 2 28.9209
4.3749 1 2 28.6887
4.3765 1 2 28.6123
4.3781 1 2 28.5476
4.3797 1 2 27.7352
4.3813 1 2 27.0358
4.3829 1 2 27.2769
4.3845 1 2 27.2575
4.3861 1 2 27.2572
4.3877 1 2 27.0927
4.3893 1 2 26.5491
4.3909 1 2 26.8762
4.3925 1 2 26.5777
4.3941 1 2 26.4695
4.3957 1 2 27.2066
4.3973 1 2 27.0676
4.3989 1 2 27.0598
4.4005 1 2 26.9613
4.4021 1 2 26.8795
4.4037 1 2 26.889
4.4053 1 2 27.2098
4.4069 1 2 27.252
4.4085 1 2 27.3832
4.4101 1 2 27.5318
4.4117 1 2 28.0753
4.4133 1 2 27.7379
4.4149 1 2 27.3269
4.4165 1 2 27.7971
4.4181 1 2 27.3502
4.4197 1 2 27.2516
4.4213 1 2 27.4016
4.4229 1 2 27.538
4.4245 1 2 27.8394
4.4261 1 2 27.8487
4.4277 1 2 28.3659
4.4293 1 2 28.4539
4.4309 1 2 28.2882
4.4325 1 2 28.3972
4.4341 1 2 27.9611
4.4357 1 2 27.7588
4.4373 1 2 27.7189
4.4389 1 2 28.932
4.4405 1 2 30.0147
4.4421 1 2 29.3944
4.4437 1 2 30.0403
4.4453 1 2 30.0949
4.4469 1 2 29.8793
4.4485 1 2 29.837
4.4501 1 2 29.2541
4.4517 1 2 29.2621
4.4533 1 2 29.5345
4.4549 1 2 30.0003
4.4565 1 2 30.2094
4.4581 1 2 30.8916
4.4597 1 2 30.7526
4.4613 1 2 31.3233
4.4629 1 2 31.1407
4.4645 1 2 31.4065
4.4661 1 2 31.4582
4.4677 1 2 31.9037
4.4693 1 2 31.6212
4.4709 1 2 31.6967
4.4725 1 2 31.2541
4.4741 1 2 31.5014
4.4757 1 2 31.488
4.4773 1 2 31.5879
4.4789 1 2 31.6314
4.4805 1 2 31.3748
4.4821 1 2 31.1791
4.4837 1 2 31.0072
4.4853 1 2 29.9432
4.4869 1 2 29.7675
4.4885 1 2 29.8161
4.4901 1 2 29.6884
4.4917 1 2 29.6954
4.4933 1 2 30.1636
4.4949 1 2 30.3157
4.4965 1 2 29.5502
4.4981 1 2 29.8497
4.4997 1 2 29.3873
